1 0.4910754859447479 0.41731682419776917 0.018229166666666668 0.030555555555555555
4 0.6246248483657837 0.3737110197544098 0.017708333333333333 0.02962962962962963
3 0.751488447189331 0.39215704798698425 0.018229166666666668 0.028703703703703703
4 0.6774443984031677 0.43719273805618286 0.019270833333333334 0.03148148148148148
4 0.6087682843208313 0.44793084263801575 0.0203125 0.03148148148148148
3 0.6479990482330322 0.5614790916442871 0.021875 0.03518518518518519
3 0.6229088306427002 0.720714271068573 0.025 0.03888888888888889
4 0.4246973395347595 0.485018253326416 0.019791666666666666 0.03333333333333333
0 0.4055321514606476 0.4481559097766876 0.018229166666666668 0.02962962962962963
3 0.30844953656196594 0.4860309660434723 0.019270833333333334 0.03148148148148148
4 0.21126127243041992 0.5754733085632324 0.022916666666666665 0.03425925925925926
2 0.37083712220191956 0.6647411584854126 0.005208333333333333 0.008333333333333333
2 0.22903434932231903 0.5126427412033081 0.005208333333333333 0.008333333333333333
2 0.2894083559513092 0.45912545919418335 0.005208333333333333 0.008333333333333333
2 0.7327670454978943 0.5774703025817871 0.00625 0.010185185185185186
2 0.7674002051353455 0.5165761709213257 0.00625 0.010185185185185186
2 0.8461929559707642 0.36814287304878235 0.00625 0.010185185185185186
2 0.8682672381401062 0.32891136407852173 0.00625 0.010185185185185186
2 0.7887579202651978 0.2674607038497925 0.00625 0.010185185185185186
2 0.7105211019515991 0.2548648715019226 0.0036458333333333334 0.005555555555555556
2 0.6350122690200806 0.2414562702178955 0.0036458333333333334 0.005555555555555556
2 0.5084728002548218 0.2628958821296692 0.0036458333333333334 0.005555555555555556
2 0.47225698828697205 0.2940402626991272 0.0020833333333333333 0.002777777777777778
2 0.43309155106544495 0.3293984830379486 0.0020833333333333333 0.002777777777777778
2 0.3422510325908661 0.4109151363372803 0.005208333333333333 0.008333333333333333
2 0.8233563899993896 0.41338589787483215 0.00625 0.010185185185185186
2 0.2644108533859253 0.6281012296676636 0.005208333333333333 0.008333333333333333
2 0.6945832371711731 0.6519752740859985 0.005208333333333333 0.008333333333333333
2 0.4851320683956146 0.7034268975257874 0.005208333333333333 0.008333333333333333
