4 0.5612105131149292 0.2761339545249939 0.015104166666666667 0.025925925925925925
3 0.5786610245704651 0.2858412265777588 0.015625 0.019444444444444445
3 0.5759499073028564 0.2962997853755951 0.016145833333333335 0.020370370370370372
4 0.5808218717575073 0.30931368470191956 0.015625 0.023148148148148147
4 0.6169112324714661 0.3426676094532013 0.0171875 0.028703703703703703
1 0.5600366592407227 0.37710103392601013 0.017708333333333333 0.02962962962962963
4 0.5882951617240906 0.45716026425361633 0.020833333333333332 0.032407407407407406
0 0.5400524735450745 0.4537286162376404 0.019270833333333334 0.02962962962962963
3 0.4373353123664856 0.5763332843780518 0.021354166666666667 0.03518518518518519
3 0.41546696424484253 0.5596693158149719 0.022395833333333334 0.03518518518518519
4 0.392183780670166 0.5547442436218262 0.021875 0.03518518518518519
3 0.39273977279663086 0.6339988708496094 0.0234375 0.03888888888888889
4 0.3423101305961609 0.5653663873672485 0.022395833333333334 0.03518518518518519
2 0.2554885447025299 0.6271997690200806 0.008333333333333333 0.012962962962962963
2 0.3606017529964447 0.6632592678070068 0.008333333333333333 0.012962962962962963
2 0.47459855675697327 0.7031161785125732 0.008333333333333333 0.012962962962962963
2 0.6807585954666138 0.6526054739952087 0.0067708333333333336 0.011111111111111112
2 0.7187715768814087 0.5832797288894653 0.0067708333333333336 0.011111111111111112
2 0.7512481212615967 0.5210258364677429 0.0067708333333333336 0.011111111111111112
2 0.22035957872867584 0.5132939219474792 0.0067708333333333336 0.011111111111111112
2 0.27938368916511536 0.46108895540237427 0.0067708333333333336 0.011111111111111112
2 0.3316219747066498 0.41451868414878845 0.0067708333333333336 0.011111111111111112
2 0.42028671503067017 0.3359724283218384 0.005208333333333333 0.008333333333333333
2 0.45914751291275024 0.3028143048286438 0.005208333333333333 0.008333333333333333
2 0.49357059597969055 0.2712491452693939 0.005208333333333333 0.008333333333333333
2 0.8488584160804749 0.3395143151283264 0.00625 0.010185185185185186
2 0.828161358833313 0.37829282879829407 0.00625 0.010185185185185186
2 0.8057084679603577 0.4204241633415222 0.00625 0.010185185185185186
2 0.7699621319770813 0.27871963381767273 0.005729166666666666 0.009259259259259259
2 0.6929420232772827 0.26577579975128174 0.005729166666666666 0.009259259259259259
2 0.6191020607948303 0.2520717680454254 0.005729166666666666 0.009259259259259259
