4 0.4101307690143585 0.27493953704833984 0.015104166666666667 0.025925925925925925
3 0.39342084527015686 0.2839435338973999 0.015625 0.019444444444444445
3 0.3963632583618164 0.2944847345352173 0.016145833333333335 0.020370370370370372
4 0.3920063078403473 0.3072625994682312 0.015625 0.023148148148148147
4 0.3580114245414734 0.33891719579696655 0.0171875 0.028703703703703703
1 0.4142104983329773 0.37576448917388916 0.017708333333333333 0.02962962962962963
4 0.38907089829444885 0.45403730869293213 0.020833333333333332 0.032407407407407406
0 0.43592867255210876 0.45316895842552185 0.019270833333333334 0.02962962962962963
3 0.5405283570289612 0.5817222595214844 0.021354166666666667 0.03518518518518519
3 0.5617917776107788 0.5663692951202393 0.022395833333333334 0.03518518518518519
4 0.5848734378814697 0.5628625750541687 0.021875 0.03518518518518519
3 0.5865079760551453 0.6425386667251587 0.0234375 0.03888888888888889
4 0.6351851224899292 0.576701283454895 0.022395833333333334 0.03518518518518519
2 0.7248422503471375 0.6450982093811035 0.008333333333333333 0.012962962962962963
2 0.6194739937782288 0.6742071509361267 0.008333333333333333 0.012962962962962963
2 0.5072572827339172 0.7059616446495056 0.008333333333333333 0.012962962962962963
2 0.3058723509311676 0.6416072845458984 0.0067708333333333336 0.011111111111111112
2 0.26760780811309814 0.5711134076118469 0.0067708333333333336 0.011111111111111112
2 0.2349594086408615 0.5081706047058105 0.0067708333333333336 0.011111111111111112
2 0.7577933073043823 0.5313593745231628 0.0067708333333333336 0.011111111111111112
2 0.696066677570343 0.47472286224365234 0.0067708333333333336 0.011111111111111112
2 0.6418521404266357 0.424615740776062 0.0067708333333333336 0.011111111111111112
2 0.5507481098175049 0.3409036695957184 0.005208333333333333 0.008333333333333333
2 0.5112074017524719 0.3058142364025116 0.005208333333333333 0.008333333333333333
2 0.4762977659702301 0.27268707752227783 0.005208333333333333 0.008333333333333333
2 0.13773740828037262 0.3258642852306366 0.00625 0.010185185185185186
2 0.15826937556266785 0.3646325469017029 0.00625 0.010185185185185186
2 0.18060073256492615 0.4068562984466553 0.00625 0.010185185185185186
2 0.20989622175693512 0.2694650888442993 0.005729166666666666 0.009259259259259259
2 0.28266385197639465 0.25960567593574524 0.005729166666666666 0.009259259259259259
2 0.3532203137874603 0.24875237047672272 0.005729166666666666 0.009259259259259259
