4 0.5653058886528015 0.2509589195251465 0.015104166666666667 0.025925925925925925
3 0.5832483172416687 0.26119959354400635 0.015625 0.019444444444444445
3 0.5804528594017029 0.27258172631263733 0.016145833333333335 0.020370370370370372
4 0.5854517817497253 0.2866024374961853 0.015625 0.023148148148148147
4 0.6225011348724365 0.3221225142478943 0.0171875 0.028703703703703703
1 0.5640685558319092 0.3602362871170044 0.017708333333333333 0.02962962962962963
4 0.5929885506629944 0.44606783986091614 0.020833333333333332 0.032407407407407406
0 0.5435813665390015 0.4431122839450836 0.019270833333333334 0.02962962962962963
3 0.438801109790802 0.5760678052902222 0.021354166666666667 0.03518518518518519
3 0.4164523780345917 0.5585716366767883 0.022395833333333334 0.03518518518518519
4 0.3926929533481598 0.5536432862281799 0.021875 0.03518518518518519
3 0.39355525374412537 0.6382272839546204 0.0234375 0.03888888888888889
4 0.3419078588485718 0.5657200217247009 0.022395833333333334 0.03518518518518519
2 0.2539371848106384 0.6329079270362854 0.008333333333333333 0.012962962962962963
2 0.3609847128391266 0.6698216795921326 0.008333333333333333 0.012962962962962963
2 0.4770289659500122 0.7106341123580933 0.008333333333333333 0.012962962962962963
2 0.6871356964111328 0.6540402173995972 0.0067708333333333336 0.011111111111111112
2 0.7262356877326965 0.5794453024864197 0.0067708333333333336 0.011111111111111112
2 0.7597718834877014 0.5122462511062622 0.0067708333333333336 0.011111111111111112
2 0.21735034883022308 0.5118183493614197 0.0067708333333333336 0.011111111111111112
2 0.2771504521369934 0.4549826681613922 0.0067708333333333336 0.011111111111111112
2 0.3302325904369354 0.40413498878479004 0.0067708333333333336 0.011111111111111112
2 0.42067697644233704 0.31803765892982483 0.005208333333333333 0.008333333333333333
2 0.4604576826095581 0.28154420852661133 0.005208333333333333 0.008333333333333333
2 0.49576079845428467 0.24677689373493195 0.005208333333333333 0.008333333333333333
2 0.8612033128738403 0.3149815797805786 0.00625 0.010185185185185186
2 0.8396108746528625 0.3572857975959778 0.00625 0.010185185185185186
2 0.8162373304367065 0.40314680337905884 0.00625 0.010185185185185186
2 0.7802658677101135 0.2503206431865692 0.005729166666666666 0.009259259259259259
2 0.7009370923042297 0.23753690719604492 0.005729166666666666 0.009259259259259259
2 0.6249101758003235 0.22387848794460297 0.005729166666666666 0.009259259259259259
