4 0.5685145854949951 0.2673657536506653 0.015104166666666667 0.025925925925925925
3 0.5858166217803955 0.2772746682167053 0.015625 0.019444444444444445
3 0.5830842852592468 0.2881419062614441 0.016145833333333335 0.020370370370370372
4 0.5878691077232361 0.30157673358917236 0.015625 0.023148148148148147
4 0.623477578163147 0.3356868326663971 0.0171875 0.028703703703703703
1 0.5669904947280884 0.3719547688961029 0.017708333333333333 0.02962962962962963
4 0.5946791172027588 0.45413801074028015 0.020833333333333332 0.032407407407407406
0 0.5469046831130981 0.4513528347015381 0.019270833333333334 0.02962962962962963
3 0.44447365403175354 0.5795393586158752 0.021354166666666667 0.03518518518518519
3 0.42266222834587097 0.5627971887588501 0.022395833333333334 0.03518518518518519
4 0.39938390254974365 0.558167576789856 0.021875 0.03518518518518519
3 0.3999243378639221 0.6398548483848572 0.0234375 0.03888888888888889
4 0.3493921160697937 0.5701197981834412 0.022395833333333334 0.03518518518518519
2 0.2621012330055237 0.6358911991119385 0.008333333333333333 0.012962962962962963
2 0.3677901029586792 0.6707019805908203 0.008333333333333333 0.012962962962962963
2 0.4813496172428131 0.7088730335235596 0.008333333333333333 0.012962962962962963
2 0.6846696138381958 0.6524624228477478 0.0067708333333333336 0.011111111111111112
2 0.7222744822502136 0.5810229182243347 0.0067708333333333336 0.011111111111111112
2 0.7544258832931519 0.5168965458869934 0.0067708333333333336 0.011111111111111112
2 0.2262340933084488 0.5184241533279419 0.0067708333333333336 0.011111111111111112
2 0.2858474850654602 0.4630962610244751 0.0067708333333333336 0.011111111111111112
2 0.3385009765625 0.4138454794883728 0.0067708333333333336 0.011111111111111112
2 0.42764490842819214 0.33098042011260986 0.005208333333333333 0.008333333333333333
2 0.4666242301464081 0.29606401920318604 0.005208333333333333 0.008333333333333333
2 0.5011100769042969 0.26289480924606323 0.005208333333333333 0.008333333333333333
2 0.851040780544281 0.3298307955265045 0.00625 0.010185185185185186
2 0.830549955368042 0.36979854106903076 0.00625 0.010185185185185186
2 0.8083218336105347 0.4132181406021118 0.00625 0.010185185185185186
2 0.7745214700698853 0.2681613564491272 0.005729166666666666 0.009259259259259259
2 0.6989449262619019 0.25548166036605835 0.005729166666666666 0.009259259259259259
2 0.6260698437690735 0.2419120818376541 0.005729166666666666 0.009259259259259259
