4 0.7558301091194153 0.27526554465293884 0.015625 0.025925925925925925
1 0.5678235292434692 0.369132399559021 0.018229166666666668 0.02962962962962963
3 0.6561988592147827 0.3831278681755066 0.0171875 0.026851851851851852
4 0.5707684755325317 0.3079858422279358 0.0171875 0.026851851851851852
4 0.5042709112167358 0.34796324372291565 0.0171875 0.027777777777777776
4 0.703934371471405 0.5061746835708618 0.021354166666666667 0.03425925925925926
0 0.4937603175640106 0.5214031934738159 0.019791666666666666 0.032407407407407406
3 0.5430080890655518 0.5932581424713135 0.021875 0.03611111111111111
4 0.5095905661582947 0.6094186902046204 0.022916666666666665 0.037037037037037035
4 0.4317306876182556 0.5407718420028687 0.022395833333333334 0.03611111111111111
2 0.26514899730682373 0.6228883862495422 0.0078125 0.012962962962962963
2 0.3729584813117981 0.6591985821723938 0.0078125 0.012962962962962963
2 0.4881473779678345 0.6986153721809387 0.0078125 0.012962962962962963
2 0.69688481092453 0.6466049551963806 0.008854166666666666 0.014814814814814815
2 0.7359479069709778 0.5757277607917786 0.008854166666666666 0.014814814814814815
2 0.7689322233200073 0.5116429328918457 0.008854166666666666 0.014814814814814815
2 0.2277594953775406 0.5038337707519531 0.007291666666666667 0.012037037037037037
2 0.2890304625034332 0.4491673409938812 0.007291666666666667 0.012037037037037037
2 0.3429981768131256 0.40089336037635803 0.007291666666666667 0.012037037037037037
2 0.4342806935310364 0.3188609480857849 0.00625 0.010185185185185186
2 0.4741162955760956 0.2829713821411133 0.00625 0.010185185185185186
2 0.5101538300514221 0.2509509325027466 0.00625 0.010185185185185186
2 0.8237547278404236 0.40753641724586487 0.0067708333333333336 0.011111111111111112
2 0.8463371396064758 0.36320915818214417 0.0067708333333333336 0.011111111111111112
2 0.8673981428146362 0.3240712285041809 0.0067708333333333336 0.011111111111111112
2 0.6365187168121338 0.2316163182258606 0.0046875 0.007407407407407408
2 0.7114377617835999 0.24636800587177277 0.0046875 0.007407407407407408
2 0.7894381880760193 0.26158851385116577 0.005208333333333333 0.008333333333333333
