4 0.7082633376121521 0.5068351030349731 0.020833333333333332 0.03333333333333333
4 0.6425405144691467 0.4113995432853699 0.019270833333333334 0.030555555555555555
4 0.6125973463058472 0.36048656702041626 0.016145833333333335 0.024074074074074074
0 0.5789679288864136 0.44175344705581665 0.017708333333333333 0.028703703703703703
4 0.48688575625419617 0.4092143177986145 0.017708333333333333 0.02962962962962963
4 0.5210959315299988 0.4828313887119293 0.0203125 0.03333333333333333
3 0.5371910333633423 0.6242159008979797 0.022916666666666665 0.03888888888888889
4 0.4774096608161926 0.5539660453796387 0.021875 0.03518518518518519
1 0.4694770872592926 0.6485481262207031 0.0234375 0.037037037037037035
3 0.44329020380973816 0.5664584636688232 0.0203125 0.03333333333333333
4 0.39702415466308594 0.6134311556816101 0.022395833333333334 0.03796296296296296
3 0.43291962146759033 0.4183099865913391 0.018229166666666668 0.02962962962962963
3 0.28533709049224854 0.6303249001502991 0.0234375 0.025925925925925925
2 0.2634514272212982 0.6504461765289307 0.007291666666666667 0.011111111111111112
2 0.3685357868671417 0.6867420673370361 0.007291666666666667 0.011111111111111112
2 0.48129621148109436 0.7253384590148926 0.007291666666666667 0.011111111111111112
2 0.6855264902114868 0.675022304058075 0.007291666666666667 0.012037037037037037
2 0.723142683506012 0.604677140712738 0.007291666666666667 0.012037037037037037
2 0.7559541463851929 0.5428838729858398 0.007291666666666667 0.012037037037037037
2 0.8101480007171631 0.4386160969734192 0.00625 0.010185185185185186
2 0.8332110643386841 0.3946061134338379 0.00625 0.010185185185185186
2 0.8540506958961487 0.35523271560668945 0.00625 0.010185185185185186
2 0.22575260698795319 0.5339569449424744 0.00625 0.010185185185185186
2 0.284088134765625 0.4804669916629791 0.00625 0.010185185185185186
2 0.33639612793922424 0.432193398475647 0.00625 0.010185185185185186
2 0.42475810647010803 0.35037919878959656 0.00625 0.010185185185185186
2 0.46365657448768616 0.31525900959968567 0.00625 0.010185185185185186
2 0.49870187044143677 0.28303831815719604 0.00625 0.010185185185185186
2 0.62398362159729 0.26305872201919556 0.004166666666666667 0.006481481481481481
2 0.6987686157226562 0.2780210077762604 0.004166666666666667 0.006481481481481481
2 0.7762680649757385 0.2921467125415802 0.004166666666666667 0.006481481481481481
