4 0.5271114110946655 0.7104871869087219 0.015625 0.025
3 0.41155126690864563 0.4891006052494049 0.015104166666666667 0.024074074074074074
3 0.29464027285575867 0.4746813178062439 0.0140625 0.021296296296296296
0 0.3914535343647003 0.2605064809322357 0.014583333333333334 0.023148148148148147
4 0.33727511763572693 0.3768674433231354 0.016666666666666666 0.025925925925925925
1 0.22641615569591522 0.6659064888954163 0.016145833333333335 0.025925925925925925
3 0.22193071246147156 0.34542614221572876 0.016666666666666666 0.025
2 0.1680482178926468 0.6304060816764832 0.0067708333333333336 0.010185185185185186
2 0.16462379693984985 0.49637919664382935 0.0067708333333333336 0.010185185185185186
2 0.1625569760799408 0.36470144987106323 0.0067708333333333336 0.010185185185185186
2 0.8630815744400024 0.6370134353637695 0.00625 0.010185185185185186
2 0.8591431379318237 0.5108984112739563 0.00625 0.010185185185185186
2 0.8540595769882202 0.38563525676727295 0.00625 0.010185185185185186
2 0.282265305519104 0.801729679107666 0.0078125 0.012962962962962963
2 0.36617499589920044 0.8018344640731812 0.0078125 0.012962962962962963
2 0.44874995946884155 0.8014883995056152 0.0078125 0.012962962962962963
2 0.6112945079803467 0.8012521862983704 0.0078125 0.012037037037037037
2 0.6905160546302795 0.8000331521034241 0.0078125 0.012037037037037037
2 0.7697325348854065 0.7992646098136902 0.0078125 0.012037037037037037
2 0.2668589949607849 0.20190654695034027 0.00625 0.010185185185185186
2 0.34999921917915344 0.20493711531162262 0.00625 0.010185185185185186
2 0.43231239914894104 0.20706753432750702 0.00625 0.010185185185185186
2 0.5929253101348877 0.21336054801940918 0.005729166666666666 0.009259259259259259
2 0.6724979281425476 0.21754908561706543 0.005729166666666666 0.009259259259259259
2 0.7506281733512878 0.22209160029888153 0.005729166666666666 0.009259259259259259
