4 0.5031772255897522 0.7205713987350464 0.015625 0.025
3 0.39211204648017883 0.49554240703582764 0.015104166666666667 0.024074074074074074
3 0.2739432454109192 0.48375120759010315 0.0140625 0.021296296296296296
0 0.3789192736148834 0.25969141721725464 0.014583333333333334 0.023148148148148147
4 0.3199511468410492 0.3821786344051361 0.016666666666666666 0.025925925925925925
1 0.20047588646411896 0.6788528561592102 0.016145833333333335 0.025925925925925925
3 0.20452062785625458 0.3537551462650299 0.016666666666666666 0.025
2 0.14366032183170319 0.6440045237541199 0.0067708333333333336 0.010185185185185186
2 0.14359383285045624 0.5090386867523193 0.0067708333333333336 0.010185185185185186
2 0.14481647312641144 0.3754366636276245 0.0067708333333333336 0.010185185185185186
2 0.8608430027961731 0.6399563550949097 0.00625 0.010185185185185186
2 0.8625696897506714 0.5069915652275085 0.00625 0.010185185185185186
2 0.8630211353302002 0.3740319013595581 0.00625 0.010185185185185186
2 0.2522883415222168 0.8146713376045227 0.0078125 0.012962962962962963
2 0.3362565040588379 0.8144367337226868 0.0078125 0.012962962962962963
2 0.41980883479118347 0.8137485980987549 0.0078125 0.012962962962962963
2 0.5869473814964294 0.8128272294998169 0.0078125 0.012037037037037037
2 0.6697712540626526 0.8112351894378662 0.0078125 0.012037037037037037
2 0.7534586191177368 0.8100920915603638 0.0078125 0.012037037037037037
2 0.25369948148727417 0.20417895913124084 0.00625 0.010185185185185186
2 0.3381921947002411 0.2036150097846985 0.00625 0.010185185185185186
2 0.42278480529785156 0.20213960111141205 0.00625 0.010185185185185186
2 0.590442419052124 0.20147474110126495 0.005729166666666666 0.009259259259259259
2 0.6747931241989136 0.20227928459644318 0.005729166666666666 0.009259259259259259
2 0.7584673762321472 0.20353728532791138 0.005729166666666666 0.009259259259259259
