4 0.4941680133342743 0.7134523391723633 0.015625 0.025
3 0.6046251058578491 0.49723076820373535 0.015104166666666667 0.024074074074074074
3 0.7187473177909851 0.4853922426700592 0.0140625 0.021296296296296296
0 0.6201311945915222 0.2712383270263672 0.014583333333333334 0.023148148148148147
4 0.6757274866104126 0.38865840435028076 0.016666666666666666 0.025925925925925925
1 0.7864936590194702 0.6698103547096252 0.016145833333333335 0.025925925925925925
3 0.7869156002998352 0.3615269958972931 0.016666666666666666 0.025
2 0.8409599661827087 0.6362456679344177 0.0067708333333333336 0.010185185185185186
2 0.8428704738616943 0.5087108016014099 0.0067708333333333336 0.010185185185185186
2 0.84354168176651 0.3821220397949219 0.0067708333333333336 0.010185185185185186
2 0.14046820998191833 0.6403042674064636 0.00625 0.010185185185185186
2 0.1396310180425644 0.5109105706214905 0.00625 0.010185185185185186
2 0.14007797837257385 0.38114288449287415 0.00625 0.010185185185185186
2 0.7353222370147705 0.7989050149917603 0.0078125 0.012962962962962963
2 0.6548418402671814 0.8001533150672913 0.0078125 0.012962962962962963
2 0.5742161870002747 0.800971508026123 0.0078125 0.012962962962962963
2 0.41126033663749695 0.8030610084533691 0.0078125 0.012037037037037037
2 0.32968413829803467 0.803016185760498 0.0078125 0.012037037037037037
2 0.24668222665786743 0.8034194111824036 0.0078125 0.012037037037037037
2 0.7417269349098206 0.2186766415834427 0.00625 0.010185185185185186
2 0.6602569818496704 0.21761465072631836 0.00625 0.010185185185185186
2 0.5781323909759521 0.21566680073738098 0.00625 0.010185185185185186
2 0.41363638639450073 0.21395692229270935 0.005729166666666666 0.009259259259259259
2 0.3299984633922577 0.21419617533683777 0.005729166666666666 0.009259259259259259
2 0.24644742906093597 0.21488428115844727 0.005729166666666666 0.009259259259259259
