4 0.49669986963272095 0.7274725437164307 0.015625 0.025
3 0.6067699193954468 0.5060730576515198 0.015104166666666667 0.024074074074074074
3 0.7230536937713623 0.4944767653942108 0.0140625 0.021296296296296296
0 0.6207869052886963 0.2724893093109131 0.014583333333333334 0.023148148148148147
4 0.6783943176269531 0.3941589891910553 0.016666666666666666 0.025925925925925925
1 0.793653130531311 0.6857813000679016 0.016145833333333335 0.025925925925925925
3 0.7921152710914612 0.36628299951553345 0.016666666666666666 0.025
2 0.8493677377700806 0.6515979170799255 0.0067708333333333336 0.010185185185185186
2 0.8505764007568359 0.5193642973899841 0.0067708333333333336 0.010185185185185186
2 0.8505160808563232 0.38782402873039246 0.0067708333333333336 0.010185185185185186
2 0.14233297109603882 0.6490857005119324 0.00625 0.010185185185185186
2 0.140019029378891 0.5173817873001099 0.00625 0.010185185185185186
2 0.13897094130516052 0.38503316044807434 0.00625 0.010185185185185186
2 0.7421457767486572 0.8183788061141968 0.0078125 0.012962962962962963
2 0.6601412296295166 0.8185324668884277 0.0078125 0.012962962962962963
2 0.578338623046875 0.8182423114776611 0.0078125 0.012962962962962963
2 0.41407617926597595 0.8181048035621643 0.0078125 0.012037037037037037
2 0.33236783742904663 0.8169245719909668 0.0078125 0.012037037037037037
2 0.24959653615951538 0.8161855340003967 0.0078125 0.012037037037037037
2 0.7447659969329834 0.2177804410457611 0.00625 0.010185185185185186
2 0.661328136920929 0.21683821082115173 0.00625 0.010185185185185186
2 0.5775787234306335 0.2149839848279953 0.00625 0.010185185185185186
2 0.4109402894973755 0.21355405449867249 0.005729166666666666 0.009259259259259259
2 0.3267800509929657 0.21397241950035095 0.005729166666666666 0.009259259259259259
2 0.24308434128761292 0.2148495316505432 0.005729166666666666 0.009259259259259259
