4 0.5066925287246704 0.7051517963409424 0.015625 0.025
3 0.6157296299934387 0.4928656816482544 0.015104166666666667 0.024074074074074074
3 0.7322337627410889 0.4801916480064392 0.0140625 0.021296296296296296
0 0.6283606290817261 0.2711578905582428 0.014583333333333334 0.023148148148148147
4 0.6867544651031494 0.3855096399784088 0.016666666666666666 0.025925925925925925
1 0.8047057390213013 0.6618096828460693 0.016145833333333335 0.025925925925925925
3 0.8005945086479187 0.35728180408477783 0.016666666666666666 0.025
2 0.8605941534042358 0.6284235119819641 0.0067708333333333336 0.010185185185185186
2 0.8606618046760559 0.5021044611930847 0.0067708333333333336 0.010185185185185186
2 0.8594590425491333 0.37684276700019836 0.0067708333333333336 0.010185185185185186
2 0.15337003767490387 0.634796679019928 0.00625 0.010185185185185186
2 0.15100078284740448 0.5100806355476379 0.00625 0.010185185185185186
2 0.14989008009433746 0.385116845369339 0.00625 0.010185185185185186
2 0.753820538520813 0.7894051671028137 0.0078125 0.012962962962962963
2 0.6712345480918884 0.7904180884361267 0.0078125 0.012962962962962963
2 0.58901047706604 0.791002094745636 0.0078125 0.012962962962962963
2 0.4243904650211334 0.7925966382026672 0.0078125 0.012037037037037037
2 0.34274163842201233 0.7923264503479004 0.0078125 0.012037037037037037
2 0.2601957321166992 0.7924883961677551 0.0078125 0.012037037037037037
2 0.7519773244857788 0.21730437874794006 0.00625 0.010185185185185186
2 0.6685161590576172 0.2178565412759781 0.00625 0.010185185185185186
2 0.5849065184593201 0.21755197644233704 0.00625 0.010185185185185186
2 0.41905879974365234 0.21907664835453033 0.005729166666666666 0.009259259259259259
2 0.33555182814598083 0.2209179550409317 0.005729166666666666 0.009259259259259259
2 0.25267067551612854 0.22317904233932495 0.005729166666666666 0.009259259259259259
