3 0.3727908432483673 0.2530359625816345 0.01875 0.028703703703703703
3 0.3956412076950073 0.2823730707168579 0.019270833333333334 0.03148148148148148
3 0.39084383845329285 0.3517454266548157 0.019791666666666666 0.03148148148148148
3 0.3094930648803711 0.5871936678886414 0.0234375 0.037037037037037035
4 0.26861876249313354 0.6075343489646912 0.023958333333333335 0.040740740740740744
1 0.2657540738582611 0.6703933477401733 0.024479166666666666 0.03981481481481482
0 0.29283085465431213 0.6984193921089172 0.025 0.04259259259259259
3 0.6957967281341553 0.5179574489593506 0.022395833333333334 0.03611111111111111
3 0.7409046292304993 0.6262779831886292 0.024479166666666666 0.037037037037037035
3 0.7515822052955627 0.7035724520683289 0.025520833333333333 0.041666666666666664
2 0.6353720426559448 0.7502817511558533 0.009895833333333333 0.01574074074074074
2 0.49059969186782837 0.7510246634483337 0.009895833333333333 0.01574074074074074
2 0.34663352370262146 0.7513280510902405 0.009895833333333333 0.01574074074074074
2 0.798573911190033 0.6415431499481201 0.007291666666666667 0.011111111111111112
2 0.7835783362388611 0.5671713948249817 0.007291666666666667 0.011111111111111112
2 0.7703320980072021 0.4996720552444458 0.007291666666666667 0.011111111111111112
2 0.7468178868293762 0.38105231523513794 0.0067708333333333336 0.011111111111111112
2 0.7363075017929077 0.32777881622314453 0.0067708333333333336 0.011111111111111112
2 0.72654789686203 0.27930310368537903 0.0067708333333333336 0.011111111111111112
2 0.18132241070270538 0.6468615531921387 0.007291666666666667 0.012037037037037037
2 0.19475390017032623 0.571597695350647 0.007291666666666667 0.012037037037037037
2 0.20675569772720337 0.5049672722816467 0.007291666666666667 0.012037037037037037
2 0.228121817111969 0.384543240070343 0.007291666666666667 0.011111111111111112
2 0.23800092935562134 0.3321375846862793 0.007291666666666667 0.011111111111111112
2 0.24714921414852142 0.28275156021118164 0.007291666666666667 0.011111111111111112
2 0.38605257868766785 0.22402161359786987 0.0067708333333333336 0.011111111111111112
2 0.4869791269302368 0.22420494258403778 0.0067708333333333336 0.011111111111111112
2 0.5874015688896179 0.2212664633989334 0.0067708333333333336 0.011111111111111112
