3 0.6299310326576233 0.24521198868751526 0.01875 0.028703703703703703
3 0.6084381937980652 0.2735891342163086 0.019270833333333334 0.03148148148148148
3 0.6143661737442017 0.34205758571624756 0.019791666666666666 0.03148148148148148
3 0.6977596879005432 0.5767483711242676 0.0234375 0.037037037037037035
4 0.7376987934112549 0.5973346829414368 0.023958333333333335 0.040740740740740744
1 0.7418667078018188 0.6601407527923584 0.024479166666666666 0.03981481481481482
0 0.7162760496139526 0.6881130933761597 0.025 0.04259259259259259
3 0.31761378049850464 0.5037615299224854 0.022395833333333334 0.03611111111111111
3 0.2736617624759674 0.6130574941635132 0.024479166666666666 0.037037037037037035
3 0.26366403698921204 0.6917725205421448 0.025520833333333333 0.041666666666666664
2 0.3804588317871094 0.739722728729248 0.009895833333333333 0.01574074074074074
2 0.5239718556404114 0.7406874895095825 0.009895833333333333 0.01574074074074074
2 0.6650906205177307 0.7411971092224121 0.009895833333333333 0.01574074074074074
2 0.21588891744613647 0.6282463669776917 0.007291666666666667 0.011111111111111112
2 0.23036907613277435 0.5526978373527527 0.007291666666666667 0.011111111111111112
2 0.2430795133113861 0.4844805598258972 0.007291666666666667 0.011111111111111112
2 0.2655009627342224 0.36540716886520386 0.0067708333333333336 0.011111111111111112
2 0.27545860409736633 0.3122604787349701 0.0067708333333333336 0.011111111111111112
2 0.28468024730682373 0.2640809714794159 0.0067708333333333336 0.011111111111111112
2 0.8226309418678284 0.6370649337768555 0.007291666666666667 0.012037037037037037
2 0.8079173564910889 0.5621442794799805 0.007291666666666667 0.012037037037037037
2 0.7948241829872131 0.4960154891014099 0.007291666666666667 0.012037037037037037
2 0.7715643644332886 0.3769725263118744 0.007291666666666667 0.011111111111111112
2 0.7609238028526306 0.3253467381000519 0.007291666666666667 0.011111111111111112
2 0.7510718107223511 0.2768009901046753 0.007291666666666667 0.011111111111111112
2 0.616604208946228 0.2164754867553711 0.0067708333333333336 0.011111111111111112
2 0.5189683437347412 0.21448934078216553 0.0067708333333333336 0.011111111111111112
2 0.4210258722305298 0.20941516757011414 0.0067708333333333336 0.011111111111111112
