3 0.6275951266288757 0.2587195932865143 0.01875 0.028703703703703703
3 0.6049553155899048 0.2883756458759308 0.019270833333333334 0.03148148148148148
3 0.6098015904426575 0.35815128684043884 0.019791666666666666 0.03148148148148148
3 0.6913512945175171 0.5962085723876953 0.0234375 0.037037037037037035
4 0.7323752641677856 0.61696457862854 0.023958333333333335 0.040740740740740744
1 0.7354406118392944 0.6810181736946106 0.024479166666666666 0.03981481481481482
0 0.708332359790802 0.7094892263412476 0.025 0.04259259259259259
3 0.30889713764190674 0.5261277556419373 0.022395833333333334 0.03611111111111111
3 0.26439368724823 0.6348947882652283 0.024479166666666666 0.037037037037037035
3 0.25366348028182983 0.712643027305603 0.025520833333333333 0.041666666666666664
2 0.36766910552978516 0.760400116443634 0.009895833333333333 0.01574074074074074
2 0.5109266042709351 0.7620040774345398 0.009895833333333333 0.01574074074074074
2 0.6545179486274719 0.763167679309845 0.009895833333333333 0.01574074074074074
2 0.20799671113491058 0.6500828862190247 0.007291666666666667 0.011111111111111112
2 0.22293831408023834 0.5754829049110413 0.007291666666666667 0.011111111111111112
2 0.23612841963768005 0.5078577399253845 0.007291666666666667 0.011111111111111112
2 0.2595008909702301 0.3892051577568054 0.0067708333333333336 0.011111111111111112
2 0.26993364095687866 0.3359951078891754 0.0067708333333333336 0.011111111111111112
2 0.2796093225479126 0.2876177430152893 0.0067708333333333336 0.011111111111111112
2 0.8203622102737427 0.6572863459587097 0.007291666666666667 0.012037037037037037
2 0.8065112233161926 0.5804720520973206 0.007291666666666667 0.012037037037037037
2 0.7941704988479614 0.5126523971557617 0.007291666666666667 0.012037037037037037
2 0.772271990776062 0.390513151884079 0.007291666666666667 0.011111111111111112
2 0.7621915340423584 0.33753806352615356 0.007291666666666667 0.011111111111111112
2 0.7528720498085022 0.2877117991447449 0.007291666666666667 0.011111111111111112
2 0.6143941283226013 0.22968648374080658 0.0067708333333333336 0.011111111111111112
2 0.514569878578186 0.23073644936084747 0.0067708333333333336 0.011111111111111112
2 0.41578972339630127 0.22865977883338928 0.0067708333333333336 0.011111111111111112
