3 0.38189855217933655 0.23903271555900574 0.01875 0.028703703703703703
3 0.40410053730010986 0.2685006856918335 0.019270833333333334 0.03148148148148148
3 0.39867687225341797 0.3378051221370697 0.019791666666666666 0.03148148148148148
3 0.3156527280807495 0.5741727352142334 0.0234375 0.037037037037037035
4 0.2747882306575775 0.5946747660636902 0.023958333333333335 0.040740740740740744
1 0.2711694836616516 0.6583181023597717 0.024479166666666666 0.03981481481481482
0 0.29779261350631714 0.6867169141769409 0.025 0.04259259259259259
3 0.6965408325195312 0.5054842233657837 0.022395833333333334 0.03611111111111111
3 0.7400311827659607 0.6139995455741882 0.024479166666666666 0.037037037037037035
3 0.7501049041748047 0.6915576457977295 0.025520833333333333 0.041666666666666664
2 0.6360207796096802 0.7387229800224304 0.009895833333333333 0.01574074074074074
2 0.49338921904563904 0.7397359609603882 0.009895833333333333 0.01574074074074074
2 0.3507072329521179 0.740307629108429 0.009895833333333333 0.01574074074074074
2 0.7961961030960083 0.6293289065361023 0.007291666666666667 0.011111111111111112
2 0.7818810939788818 0.5548972487449646 0.007291666666666667 0.011111111111111112
2 0.7692643404006958 0.48745766282081604 0.007291666666666667 0.011111111111111112
2 0.7469122409820557 0.3692035675048828 0.0067708333333333336 0.011111111111111112
2 0.736942708492279 0.31620267033576965 0.0067708333333333336 0.011111111111111112
2 0.7276918888092041 0.2680315375328064 0.0067708333333333336 0.011111111111111112
2 0.18724733591079712 0.634447455406189 0.007291666666666667 0.012037037037037037
2 0.20166969299316406 0.5582062602043152 0.007291666666666667 0.012037037037037037
2 0.214512437582016 0.49090033769607544 0.007291666666666667 0.012037037037037037
2 0.23731492459774017 0.3697029650211334 0.007291666666666667 0.011111111111111112
2 0.24778048694133759 0.31714412569999695 0.007291666666666667 0.011111111111111112
2 0.2574630677700043 0.2677127420902252 0.007291666666666667 0.011111111111111112
2 0.3952512741088867 0.21021278202533722 0.0067708333333333336 0.011111111111111112
2 0.49435001611709595 0.21130383014678955 0.0067708333333333336 0.011111111111111112
2 0.5925713777542114 0.20928718149662018 0.0067708333333333336 0.011111111111111112
