4 0.7378403544425964 0.6026540994644165 0.019270833333333334 0.030555555555555555
4 0.6134064197540283 0.7011060118675232 0.021354166666666667 0.03611111111111111
3 0.6458870768547058 0.5835896134376526 0.01875 0.028703703703703703
3 0.6597989201545715 0.5684446096420288 0.017708333333333333 0.028703703703703703
3 0.629352867603302 0.5499095320701599 0.016666666666666666 0.027777777777777776
4 0.5871401429176331 0.5208202004432678 0.016145833333333335 0.026851851851851852
4 0.5343587398529053 0.5001893043518066 0.015104166666666667 0.026851851851851852
4 0.49934151768684387 0.44502192735671997 0.013541666666666667 0.022222222222222223
0 0.46579256653785706 0.5438675284385681 0.016666666666666666 0.027777777777777776
4 0.4397749900817871 0.547984778881073 0.017708333333333333 0.027777777777777776
3 0.43549540638923645 0.4997071921825409 0.015625 0.025
1 0.4137338697910309 0.5228326916694641 0.016666666666666666 0.028703703703703703
3 0.4147332012653351 0.4245016276836395 0.013020833333333334 0.021296296296296296
3 0.3834919035434723 0.45930978655815125 0.0140625 0.023148148148148147
4 0.3644171357154846 0.5828123092651367 0.019270833333333334 0.028703703703703703
3 0.26950353384017944 0.4969310760498047 0.015104166666666667 0.025
2 0.7136777639389038 0.79599529504776 0.008854166666666666 0.013888888888888888
2 0.8052591681480408 0.7509521842002869 0.008854166666666666 0.013888888888888888
2 0.8880710601806641 0.7118515372276306 0.008854166666666666 0.013888888888888888
2 0.8605173230171204 0.6041462421417236 0.008854166666666666 0.013888888888888888
2 0.7824141383171082 0.5648776292800903 0.008854166666666666 0.013888888888888888
2 0.7131418585777283 0.5271608829498291 0.008854166666666666 0.013888888888888888
2 0.4729056656360626 0.7586493492126465 0.00625 0.010185185185185186
2 0.40645039081573486 0.6943005323410034 0.007291666666666667 0.012037037037037037
2 0.3504544198513031 0.6395698189735413 0.007291666666666667 0.012037037037037037
2 0.26092544198036194 0.5533932447433472 0.005729166666666666 0.009259259259259259
2 0.2243136763572693 0.5178502798080444 0.005729166666666666 0.009259259259259259
2 0.1917741447687149 0.4859653115272522 0.005729166666666666 0.009259259259259259
2 0.2495703101158142 0.43277686834335327 0.005729166666666666 0.009259259259259259
2 0.31740647554397583 0.419666051864624 0.005729166666666666 0.009259259259259259
2 0.3801446855068207 0.4073544144630432 0.005729166666666666 0.009259259259259259
2 0.5976815819740295 0.46803921461105347 0.005208333333333333 0.008333333333333333
2 0.5496333241462708 0.44295820593833923 0.005208333333333333 0.008333333333333333
2 0.5057071447372437 0.41885924339294434 0.005208333333333333 0.008333333333333333
