4 0.7566149830818176 0.5799794793128967 0.019270833333333334 0.030555555555555555
4 0.6351701021194458 0.6790151000022888 0.021354166666666667 0.03611111111111111
3 0.6675025820732117 0.5668187737464905 0.01875 0.028703703703703703
3 0.6810770034790039 0.5520535111427307 0.017708333333333333 0.028703703703703703
3 0.6515172123908997 0.5362988114356995 0.016666666666666666 0.027777777777777776
4 0.6104870438575745 0.5112729668617249 0.016145833333333335 0.026851851851851852
4 0.5589317083358765 0.49452096223831177 0.015104166666666667 0.026851851851851852
4 0.525142252445221 0.4449620544910431 0.013541666666666667 0.022222222222222223
0 0.49057987332344055 0.5384483337402344 0.016666666666666666 0.027777777777777776
4 0.4645879864692688 0.5435672998428345 0.017708333333333333 0.027777777777777776
3 0.4611474275588989 0.4985205829143524 0.015625 0.025
1 0.4390193819999695 0.5211793184280396 0.016666666666666666 0.028703703703703703
3 0.4418445825576782 0.4294588267803192 0.013020833333333334 0.021296296296296296
3 0.41003939509391785 0.4631100594997406 0.0140625 0.023148148148148147
4 0.3882066011428833 0.5802239775657654 0.019270833333333334 0.028703703703703703
3 0.294171005487442 0.5034946203231812 0.015104166666666667 0.025
2 0.7335536479949951 0.763292133808136 0.008854166666666666 0.013888888888888888
2 0.8224144577980042 0.7150039076805115 0.008854166666666666 0.013888888888888888
2 0.9014228582382202 0.6735994219779968 0.008854166666666666 0.013888888888888888
2 0.8739645481109619 0.5752730369567871 0.008854166666666666 0.013888888888888888
2 0.7992423176765442 0.5428951978683472 0.008854166666666666 0.013888888888888888
2 0.7326678037643433 0.511391282081604 0.008854166666666666 0.013888888888888888
2 0.49444419145584106 0.74246746301651 0.00625 0.010185185185185186
2 0.42838892340660095 0.6844618916511536 0.007291666666666667 0.012037037037037037
2 0.3727479875087738 0.6351027488708496 0.007291666666666667 0.012037037037037037
2 0.2837666869163513 0.5574687123298645 0.005729166666666666 0.009259259259259259
2 0.24739085137844086 0.5254359841346741 0.005729166666666666 0.009259259259259259
2 0.2150735855102539 0.49668821692466736 0.005729166666666666 0.009259259259259259
2 0.275805801153183 0.4439941346645355 0.005729166666666666 0.009259259259259259
2 0.34470367431640625 0.4289303421974182 0.005729166666666666 0.009259259259259259
2 0.4077768921852112 0.41496849060058594 0.005729166666666666 0.009259259259259259
2 0.6211126446723938 0.46205610036849976 0.005208333333333333 0.008333333333333333
2 0.5744667649269104 0.44098544120788574 0.005208333333333333 0.008333333333333333
2 0.5317219495773315 0.4205946624279022 0.005208333333333333 0.008333333333333333
