4 0.7337220907211304 0.6067107319831848 0.019270833333333334 0.030555555555555555
4 0.6139594316482544 0.6966070532798767 0.021354166666666667 0.03611111111111111
3 0.646350085735321 0.5878931879997253 0.01875 0.028703703703703703
3 0.6597927808761597 0.5740293264389038 0.017708333333333333 0.028703703703703703
3 0.6309658288955688 0.5564476251602173 0.016666666666666666 0.027777777777777776
4 0.5909993052482605 0.5289018154144287 0.016145833333333335 0.026851851851851852
4 0.5407713055610657 0.5090259313583374 0.015104166666666667 0.026851851851851852
4 0.5079233050346375 0.4573161005973816 0.013541666666666667 0.022222222222222223
0 0.47450610995292664 0.5486598610877991 0.016666666666666666 0.027777777777777776
4 0.4494709372520447 0.552141010761261 0.017708333333333333 0.027777777777777776
3 0.4459838569164276 0.5071837306022644 0.015625 0.025
1 0.4247716963291168 0.5283884406089783 0.016666666666666666 0.028703703703703703
3 0.4270167946815491 0.4369771182537079 0.013020833333333334 0.021296296296296296
3 0.39652520418167114 0.46886464953422546 0.0140625 0.023148148148148147
4 0.3765147030353546 0.583582878112793 0.019270833333333334 0.028703703703703703
3 0.2861234247684479 0.5022426247596741 0.015104166666666667 0.025
2 0.7085735201835632 0.7857699990272522 0.008854166666666666 0.013888888888888888
2 0.796196699142456 0.7448540329933167 0.008854166666666666 0.013888888888888888
2 0.8751281499862671 0.7094962000846863 0.008854166666666666 0.013888888888888888
2 0.8501297831535339 0.6095990538597107 0.008854166666666666 0.013888888888888888
2 0.7764857411384583 0.5723101496696472 0.008854166666666666 0.013888888888888888
2 0.7110642790794373 0.5364950299263 0.008854166666666666 0.013888888888888888
2 0.4786015748977661 0.7487142086029053 0.00625 0.010185185185185186
2 0.4155156910419464 0.6880183219909668 0.007291666666666667 0.012037037037037037
2 0.36229264736175537 0.6363296508789062 0.007291666666666667 0.012037037037037037
2 0.277040034532547 0.5547937750816345 0.005729166666666666 0.009259259259259259
2 0.2421318143606186 0.5211212038993835 0.005729166666666666 0.009259259259259259
2 0.21108655631542206 0.49089497327804565 0.005729166666666666 0.009259259259259259
2 0.2677667438983917 0.442144513130188 0.005729166666666666 0.009259259259259259
2 0.33342117071151733 0.43097904324531555 0.005729166666666666 0.009259259259259259
2 0.393995076417923 0.42050498723983765 0.005729166666666666 0.009259259259259259
2 0.6016972661018372 0.48011502623558044 0.005208333333333333 0.008333333333333333
2 0.5560854077339172 0.4561554491519928 0.005208333333333333 0.008333333333333333
2 0.5143470168113708 0.4331379532814026 0.005208333333333333 0.008333333333333333
