3 0.4856822192668915 0.5673070549964905 0.019791666666666666 0.024074074074074074
4 0.4736408591270447 0.5775516629219055 0.019791666666666666 0.023148148148148147
4 0.4980076253414154 0.5782572031021118 0.019791666666666666 0.022222222222222223
3 0.4631156921386719 0.5895435214042664 0.019270833333333334 0.022222222222222223
0 0.48570993542671204 0.5898263454437256 0.016666666666666666 0.021296296296296296
3 0.5088299512863159 0.5896642208099365 0.021875 0.025925925925925925
4 0.45184630155563354 0.6024149060249329 0.022395833333333334 0.025
4 0.4751770794391632 0.6004926562309265 0.021354166666666667 0.024074074074074074
3 0.49753186106681824 0.6016659736633301 0.016666666666666666 0.024074074074074074
4 0.5211648344993591 0.6006231904029846 0.021875 0.025
3 0.4400917589664459 0.6205707788467407 0.023958333333333335 0.03796296296296296
3 0.46391037106513977 0.6199793219566345 0.023958333333333335 0.040740740740740744
4 0.4867512881755829 0.6198349595069885 0.0234375 0.03888888888888889
3 0.5096157789230347 0.6192489266395569 0.024479166666666666 0.03981481481481482
4 0.5337629318237305 0.618654191493988 0.023958333333333335 0.040740740740740744
1 0.5229114890098572 0.32751086354255676 0.019791666666666666 0.03333333333333333
2 0.6291384100914001 0.7481092810630798 0.007291666666666667 0.012037037037037037
2 0.4866566061973572 0.7477062344551086 0.007291666666666667 0.012037037037037037
2 0.3448568880558014 0.7490631341934204 0.007291666666666667 0.012037037037037037
2 0.18531844019889832 0.6449642777442932 0.008333333333333333 0.012962962962962963
2 0.19870999455451965 0.5721005797386169 0.008333333333333333 0.012962962962962963
2 0.2108975052833557 0.503961443901062 0.008333333333333333 0.012962962962962963
2 0.7901991605758667 0.6374680399894714 0.0067708333333333336 0.011111111111111112
2 0.77625572681427 0.5624510645866394 0.0067708333333333336 0.011111111111111112
2 0.7628111243247986 0.4949639141559601 0.0067708333333333336 0.011111111111111112
2 0.7392103672027588 0.37547704577445984 0.007291666666666667 0.011111111111111112
2 0.7288017272949219 0.32259729504585266 0.007291666666666667 0.011111111111111112
2 0.7191525101661682 0.27326005697250366 0.007291666666666667 0.011111111111111112
2 0.23264166712760925 0.3841368854045868 0.00625 0.010185185185185186
2 0.24193960428237915 0.3316166400909424 0.00625 0.010185185185185186
2 0.2510105073451996 0.2830081582069397 0.00625 0.010185185185185186
2 0.5824158191680908 0.21874889731407166 0.005208333333333333 0.008333333333333333
2 0.48374563455581665 0.22072464227676392 0.005208333333333333 0.008333333333333333
2 0.3862762451171875 0.22356513142585754 0.005208333333333333 0.008333333333333333
