3 0.8690343499183655 0.42088228464126587 0.025520833333333333 0.041666666666666664
4 0.8547258377075195 0.3080567717552185 0.025520833333333333 0.04351851851851852
3 0.8362938761711121 0.3394394814968109 0.025 0.04259259259259259
4 0.7178500890731812 0.255802184343338 0.024479166666666666 0.04351851851851852
4 0.458047091960907 0.46257632970809937 0.023958333333333335 0.04259259259259259
1 0.3676658570766449 0.7613388895988464 0.024479166666666666 0.041666666666666664
0 0.34677380323410034 0.5558713674545288 0.023958333333333335 0.03981481481481482
3 0.2420143485069275 0.305247038602829 0.023958333333333335 0.040740740740740744
4 0.22059816122055054 0.28678813576698303 0.024479166666666666 0.041666666666666664
3 0.12330134212970734 0.8093461990356445 0.024479166666666666 0.04259259259259259
2 0.0684276670217514 0.6552234888076782 0.007291666666666667 0.012962962962962963
2 0.06813456118106842 0.47912099957466125 0.007291666666666667 0.012962962962962963
2 0.06885762512683868 0.3032912015914917 0.007291666666666667 0.012962962962962963
2 0.192330464720726 0.09670384973287582 0.007291666666666667 0.012962962962962963
2 0.29404470324516296 0.10048188269138336 0.007291666666666667 0.012962962962962963
2 0.39434099197387695 0.10378123074769974 0.007291666666666667 0.012962962962962963
2 0.5952284336090088 0.10909739136695862 0.007291666666666667 0.012962962962962963
2 0.6955638527870178 0.11110775172710419 0.007291666666666667 0.012962962962962963
2 0.7962595820426941 0.11399208754301071 0.007291666666666667 0.012962962962962963
2 0.925064742565155 0.33012476563453674 0.007291666666666667 0.012962962962962963
2 0.9279970526695251 0.5045166015625 0.007291666666666667 0.012962962962962963
2 0.9314567446708679 0.6804575324058533 0.007291666666666667 0.012962962962962963
2 0.8088215589523315 0.8929701447486877 0.007291666666666667 0.012962962962962963
2 0.705478847026825 0.8884159326553345 0.007291666666666667 0.012962962962962963
2 0.6037758588790894 0.8856560587882996 0.007291666666666667 0.012962962962962963
2 0.4009331464767456 0.8810290694236755 0.007291666666666667 0.012962962962962963
2 0.29877394437789917 0.8791357278823853 0.007291666666666667 0.012962962962962963
2 0.19594711065292358 0.8772256374359131 0.007291666666666667 0.012962962962962963
