3 0.13612410426139832 0.3918428421020508 0.025520833333333333 0.041666666666666664
4 0.15152378380298615 0.27876150608062744 0.025520833333333333 0.04351851851851852
3 0.17005278170108795 0.31157463788986206 0.025 0.04259259259259259
4 0.2902364730834961 0.235140860080719 0.024479166666666666 0.04351851851851852
4 0.5471253991127014 0.4568096101284027 0.023958333333333335 0.04259259259259259
1 0.6346759796142578 0.7577639818191528 0.024479166666666666 0.041666666666666664
0 0.6554843783378601 0.555002748966217 0.023958333333333335 0.03981481481481482
3 0.7570401430130005 0.3141069710254669 0.023958333333333335 0.040740740740740744
4 0.7775834798812866 0.2973439395427704 0.024479166666666666 0.041666666666666664
3 0.8701935410499573 0.8145356178283691 0.024479166666666666 0.04259259259259259
2 0.9223053455352783 0.6656160950660706 0.007291666666666667 0.012962962962962963
2 0.9225276112556458 0.4937189817428589 0.007291666666666667 0.012962962962962963
2 0.9217904210090637 0.3225952684879303 0.007291666666666667 0.012962962962962963
2 0.804754912853241 0.11373398452997208 0.007291666666666667 0.012962962962962963
2 0.7073525786399841 0.11029959470033646 0.007291666666666667 0.012962962962962963
2 0.6103713512420654 0.10646134614944458 0.007291666666666667 0.012962962962962963
2 0.41327571868896484 0.09737835824489594 0.007291666666666667 0.012962962962962963
2 0.3133860230445862 0.09213188290596008 0.007291666666666667 0.012962962962962963
2 0.21214167773723602 0.08768303692340851 0.007291666666666667 0.012962962962962963
2 0.07949472963809967 0.2965792119503021 0.007291666666666667 0.012962962962962963
2 0.07510802149772644 0.47328680753707886 0.007291666666666667 0.012962962962962963
2 0.07014986872673035 0.6522023677825928 0.007291666666666667 0.012962962962962963
2 0.19422435760498047 0.8736661672592163 0.007291666666666667 0.012962962962962963
2 0.299063503742218 0.8726442456245422 0.007291666666666667 0.012962962962962963
2 0.4011887311935425 0.8733838200569153 0.007291666666666667 0.012962962962962963
2 0.6018549799919128 0.8757124543190002 0.007291666666666667 0.012962962962962963
2 0.7014271020889282 0.8773017525672913 0.007291666666666667 0.012962962962962963
2 0.8006625771522522 0.8788813352584839 0.007291666666666667 0.012962962962962963
