3 0.7145991921424866 0.7160406112670898 0.021910714285714287 0.03450952380952381
3 0.621961236000061 0.7113712430000305 0.02038095238095238 0.03423809523809524
4 0.5684350728988647 0.6092909574508667 0.01817261904761905 0.029890476190476193
4 0.5079686045646667 0.6549850702285767 0.019020833333333334 0.033152380952380954
4 0.5088963508605957 0.5525753498077393 0.017663690476190475 0.028533333333333334
0 0.5707745552062988 0.6367150545120239 0.018851190476190476 0.02961904761904762
1 0.43683695793151855 0.562188446521759 0.017663690476190475 0.028804761904761906
3 0.38184502720832825 0.5460129976272583 0.017154761904761905 0.029076190476190478
3 0.30567803978919983 0.5054202675819397 0.015455357142857142 0.02554285714285714
3 0.3895687162876129 0.4391281306743622 0.014267857142857143 0.021466666666666665
3 0.2218330204486847 0.5312387943267822 0.016303571428571428 0.027447619047619047
3 0.20126233994960785 0.49439918994903564 0.01681547619047619 0.026357142857142857
2 0.15732580423355103 0.509219765663147 0.004794642857142857 0.004323809523809524
2 0.19045475125312805 0.5404471755027771 0.0051428571428571435 0.004880952380952381
2 0.22709274291992188 0.5752707123756409 0.005580357142857143 0.005857142857142858
2 0.3162626326084137 0.6600672602653503 0.005666666666666666 0.006276190476190476
2 0.3721063435077667 0.713044285774231 0.006366071428571428 0.006838095238095238
2 0.43700453639030457 0.7743508815765381 0.0070625 0.008228571428571429
2 0.6656957864761353 0.7981674671173096 0.0068869047619047625 0.007395238095238095
2 0.7513478398323059 0.7488301396369934 0.006800595238095238 0.007533333333333334
2 0.8270078301429749 0.7057123780250549 0.005842261904761905 0.006976190476190476
2 0.8015188574790955 0.6004299521446228 0.005580357142857143 0.005580952380952381
2 0.7278809547424316 0.5626172423362732 0.005494047619047619 0.0053
2 0.6624701619148254 0.5292255878448486 0.004883928571428571 0.004047619047619047
2 0.5529364943504333 0.4733545482158661 0.004360119047619048 0.0039047619047619044
2 0.5061389803886414 0.44944342970848083 0.004532738095238096 0.004880952380952381
2 0.4639894664287567 0.4276276230812073 0.0035744047619047617 0.003485714285714286
2 0.34201112389564514 0.4202120900154114 0.003922619047619047 0.0027904761904761904
2 0.28008556365966797 0.4353277385234833 0.0035744047619047617 0.0030714285714285713
2 0.21346798539161682 0.4516879916191101 0.0047083333333333335 0.0030714285714285713
