3 0.2829114496707916 0.7093213796615601 0.021910714285714287 0.03450952380952381
3 0.37528789043426514 0.7056323289871216 0.02038095238095238 0.03423809523809524
4 0.42836883664131165 0.6041337847709656 0.01817261904761905 0.029890476190476193
4 0.48905912041664124 0.6504170298576355 0.019020833333333334 0.033152380952380954
4 0.4877386689186096 0.5479192137718201 0.017663690476190475 0.028533333333333334
0 0.4261375367641449 0.6315342783927917 0.018851190476190476 0.02961904761904762
1 0.5600173473358154 0.5581664443016052 0.017663690476190475 0.028804761904761906
3 0.6151778697967529 0.5424273610115051 0.017154761904761905 0.029076190476190478
3 0.6916470527648926 0.5023348927497864 0.015455357142857142 0.02554285714285714
3 0.6070346236228943 0.43518713116645813 0.014267857142857143 0.021466666666666665
3 0.7762359380722046 0.528946042060852 0.016303571428571428 0.027447619047619047
3 0.7968765497207642 0.4920947253704071 0.01681547619047619 0.026357142857142857
2 0.841299295425415 0.5073444247245789 0.004794642857142857 0.004323809523809524
2 0.8079342842102051 0.5384624600410461 0.0051428571428571435 0.004880952380952381
2 0.7710731029510498 0.5731316208839417 0.005580357142857143 0.005857142857142858
2 0.6815226078033447 0.6574000716209412 0.005666666666666666 0.006276190476190476
2 0.625557005405426 0.7099360227584839 0.006366071428571428 0.006838095238095238
2 0.5606290698051453 0.7706239223480225 0.0070625 0.008228571428571429
2 0.3319997787475586 0.7918152213096619 0.0068869047619047625 0.007395238095238095
2 0.2464587241411209 0.7416344285011292 0.006800595238095238 0.007533333333333334
2 0.17103518545627594 0.6978497505187988 0.005842261904761905 0.006976190476190476
2 0.19590258598327637 0.5931520462036133 0.005580357142857143 0.005580952380952381
2 0.2690284252166748 0.5560776591300964 0.005494047619047619 0.0053
2 0.33410659432411194 0.5232802033424377 0.004883928571428571 0.004047619047619047
2 0.4433397054672241 0.4682750403881073 0.004360119047619048 0.0039047619047619044
2 0.4901069402694702 0.44468429684638977 0.004532738095238096 0.004880952380952381
2 0.5322785377502441 0.4231310784816742 0.0035744047619047617 0.003485714285714286
2 0.6547855734825134 0.4165442883968353 0.003922619047619047 0.0027904761904761904
2 0.7171867489814758 0.4321551024913788 0.0035744047619047617 0.0030714285714285713
2 0.7844194769859314 0.44907432794570923 0.0047083333333333335 0.0030714285714285713
