3 0.7153099179267883 0.7128413319587708 0.021910714285714287 0.03450952380952381
3 0.6230041980743408 0.7078242301940918 0.02038095238095238 0.03423809523809524
4 0.570127010345459 0.6058470010757446 0.01817261904761905 0.029890476190476193
4 0.509809136390686 0.6512300968170166 0.019020833333333334 0.033152380952380954
4 0.5110580921173096 0.5490713715553284 0.017663690476190475 0.028533333333333334
0 0.5723506212234497 0.6332172155380249 0.018851190476190476 0.02961904761904762
1 0.4393773376941681 0.5585013628005981 0.017663690476190475 0.028804761904761906
3 0.3847983479499817 0.5422393083572388 0.017154761904761905 0.029076190476190478
3 0.30929121375083923 0.501593828201294 0.015455357142857142 0.02554285714285714
3 0.39266863465309143 0.4355011582374573 0.014267857142857143 0.021466666666666665
3 0.22622598707675934 0.5271742343902588 0.016303571428571428 0.027447619047619047
3 0.2058694064617157 0.49042487144470215 0.01681547619047619 0.026357142857142857
2 0.1624217927455902 0.5051168203353882 0.004794642857142857 0.004323809523809524
2 0.19518813490867615 0.5362805128097534 0.0051428571428571435 0.004880952380952381
2 0.23142500221729279 0.5710321068763733 0.005580357142857143 0.005857142857142858
2 0.31961727142333984 0.6556522250175476 0.005666666666666666 0.006276190476190476
2 0.37484800815582275 0.7085184454917908 0.006366071428571428 0.006838095238095238
2 0.4390336275100708 0.7696974873542786 0.0070625 0.008228571428571429
2 0.6661475896835327 0.7944337129592896 0.0068869047619047625 0.007395238095238095
2 0.7517925500869751 0.7456855177879333 0.006800595238095238 0.007533333333333334
2 0.8276457786560059 0.7029721736907959 0.005842261904761905 0.006976190476190476
2 0.8028362989425659 0.5976447463035583 0.005580357142857143 0.005580952380952381
2 0.7294182777404785 0.5596169829368591 0.005494047619047619 0.0053
2 0.6642441749572754 0.5260564684867859 0.004883928571428571 0.004047619047619047
2 0.5551964044570923 0.469948947429657 0.004360119047619048 0.0039047619047619044
2 0.5086408257484436 0.4459543228149414 0.004532738095238096 0.004880952380952381
2 0.46672752499580383 0.42407211661338806 0.0035744047619047617 0.003485714285714286
2 0.3454475998878479 0.4165395200252533 0.003922619047619047 0.0027904761904761904
2 0.28397196531295776 0.4315858781337738 0.0035744047619047617 0.0030714285714285713
2 0.21794824302196503 0.4478445053100586 0.0047083333333333335 0.0030714285714285713
