3 0.7148333787918091 0.705363392829895 0.021910714285714287 0.03450952380952381
3 0.62224280834198 0.7009033560752869 0.02038095238095238 0.03423809523809524
4 0.569702684879303 0.5997410416603088 0.01817261904761905 0.029890476190476193
4 0.5085282921791077 0.645116925239563 0.019020833333333334 0.033152380952380954
4 0.510582685470581 0.5434813499450684 0.017663690476190475 0.028533333333333334
0 0.5717530250549316 0.6269358992576599 0.018851190476190476 0.02961904761904762
1 0.438046395778656 0.5529928207397461 0.017663690476190475 0.028804761904761906
3 0.3828536570072174 0.5368954539299011 0.017154761904761905 0.029076190476190478
3 0.306484580039978 0.49646613001823425 0.015455357142857142 0.02554285714285714
3 0.3918496370315552 0.430715948343277 0.014267857142857143 0.021466666666666665
3 0.2214050441980362 0.5220826864242554 0.016303571428571428 0.027447619047619047
3 0.20101532340049744 0.48536354303359985 0.01681547619047619 0.026357142857142857
2 0.1563062220811844 0.5000783205032349 0.004794642857142857 0.004323809523809524
2 0.18951351940631866 0.5312342047691345 0.0051428571428571435 0.004880952380952381
2 0.22620531916618347 0.5659498572349548 0.005580357142857143 0.005857142857142858
2 0.31537699699401855 0.6503621935844421 0.005666666666666666 0.006276190476190476
2 0.37113070487976074 0.7030113935470581 0.006366071428571428 0.006838095238095238
2 0.43583765625953674 0.7638540863990784 0.0070625 0.008228571428571429
2 0.6651012897491455 0.786853015422821 0.0068869047619047625 0.007395238095238095
2 0.7511811852455139 0.7377505302429199 0.006800595238095238 0.007533333333333334
2 0.8270161151885986 0.6949478983879089 0.005842261904761905 0.006976190476190476
2 0.802686870098114 0.5909116864204407 0.005580357142857143 0.005580952380952381
2 0.7296661138534546 0.553521990776062 0.005494047619047619 0.0053
2 0.6646864414215088 0.5204451084136963 0.004883928571428571 0.004047619047619047
2 0.5556307435035706 0.4649769365787506 0.004360119047619048 0.0039047619047619044
2 0.508944571018219 0.44119083881378174 0.004532738095238096 0.004880952380952381
2 0.4668506383895874 0.4194655120372772 0.0035744047619047617 0.003485714285714286
2 0.34413614869117737 0.4118172526359558 0.003922619047619047 0.0027904761904761904
2 0.2814522981643677 0.4267025291919708 0.0035744047619047617 0.0030714285714285713
2 0.21388566493988037 0.4428459405899048 0.0047083333333333335 0.0030714285714285713
