3 0.7128396034240723 0.7133527994155884 0.021910714285714287 0.03450952380952381
3 0.6191385984420776 0.7076599597930908 0.02038095238095238 0.03423809523809524
4 0.5655991435050964 0.6043805480003357 0.01817261904761905 0.029890476190476193
4 0.5041778683662415 0.649707555770874 0.019020833333333334 0.033152380952380954
4 0.505732536315918 0.5467065572738647 0.017663690476190475 0.028533333333333334
0 0.5678026080131531 0.631994366645813 0.018851190476190476 0.02961904761904762
1 0.43282386660575867 0.5556179285049438 0.017663690476190475 0.028804761904761906
3 0.3773382902145386 0.5387754440307617 0.017154761904761905 0.029076190476190478
3 0.30062136054039 0.49716803431510925 0.015455357142857142 0.02554285714285714
3 0.38580742478370667 0.4313986003398895 0.014267857142857143 0.021466666666666665
3 0.2157454937696457 0.5222474932670593 0.016303571428571428 0.027447619047619047
3 0.19520403444766998 0.4850029945373535 0.01681547619047619 0.026357142857142857
2 0.1507287323474884 0.4994417428970337 0.004794642857142857 0.004323809523809524
2 0.1839877963066101 0.531175971031189 0.0051428571428571435 0.004880952380952381
2 0.2207750529050827 0.5665684342384338 0.005580357142857143 0.005857142857142858
2 0.310340017080307 0.6527807712554932 0.005666666666666666 0.006276190476190476
2 0.3664550483226776 0.7066658735275269 0.006366071428571428 0.006838095238095238
2 0.431692510843277 0.7690476775169373 0.0070625 0.008228571428571429
2 0.6628826260566711 0.7954939603805542 0.0068869047619047625 0.007395238095238095
2 0.7498422265052795 0.7467533349990845 0.006800595238095238 0.007533333333333334
2 0.8266611099243164 0.7041620016098022 0.005842261904761905 0.006976190476190476
2 0.80144864320755 0.5979288220405579 0.005580357142857143 0.005580952380952381
2 0.7271519303321838 0.5591068863868713 0.005494047619047619 0.0053
2 0.6611747145652771 0.5248304605484009 0.004883928571428571 0.004047619047619047
2 0.5507344007492065 0.46749982237815857 0.004360119047619048 0.0039047619047619044
2 0.5035657286643982 0.44297316670417786 0.004532738095238096 0.004880952380952381
2 0.46109187602996826 0.4206058084964752 0.0035744047619047617 0.003485714285714286
2 0.3378694951534271 0.4118950664997101 0.003922619047619047 0.0027904761904761904
2 0.2752092778682709 0.426448792219162 0.0035744047619047617 0.0030714285714285713
2 0.20780961215496063 0.44220301508903503 0.0047083333333333335 0.0030714285714285713
