3 0.7694860696792603 0.7216644883155823 0.0168125 0.025980952380952382
3 0.6749438047409058 0.7504194974899292 0.017577380952380952 0.028123809523809527
3 0.679783821105957 0.6001701354980469 0.015476190476190477 0.025066666666666668
3 0.7845236659049988 0.333178848028183 0.017193452380952382 0.026595238095238095
3 0.5556409955024719 0.5748183727264404 0.017193452380952382 0.027204761904761905
1 0.49758657813072205 0.5356112122535706 0.017577380952380952 0.026595238095238095
4 0.47360068559646606 0.4293133020401001 0.017577380952380952 0.02842857142857143
4 0.35997241735458374 0.4660096764564514 0.01738392857142857 0.029652380952380954
4 0.33940544724464417 0.5982254147529602 0.01738392857142857 0.029652380952380954
3 0.22934985160827637 0.5638309717178345 0.01662202380952381 0.026595238095238095
3 0.184780091047287 0.4808042049407959 0.0168125 0.02750952380952381
0 0.3273484706878662 0.5070279836654663 0.01623809523809524 0.025676190476190477
2 0.8580689430236816 0.37227046489715576 0.004654761904761905 0.0074476190476190475
2 0.8573620319366455 0.5072106719017029 0.004654761904761905 0.008019047619047618
2 0.8566564917564392 0.6415016055107117 0.005369047619047619 0.007638095238095238
2 0.7474279403686523 0.8114199042320251 0.004654761904761905 0.007061904761904762
2 0.6630763411521912 0.811183750629425 0.005011904761904762 0.007257142857142857
2 0.5790443420410156 0.811229407787323 0.004056547619047619 0.007638095238095238
2 0.4120636582374573 0.8111362457275391 0.004175595238095238 0.007257142857142857
2 0.32811155915260315 0.8102468848228455 0.004654761904761905 0.008019047619047618
2 0.24465295672416687 0.8096402287483215 0.0044136904761904764 0.0074476190476190475
2 0.13681989908218384 0.640123724937439 0.004654761904761905 0.0084
2 0.13587450981140137 0.5067239999771118 0.0044136904761904764 0.008971428571428571
2 0.134690061211586 0.373058557510376 0.004654761904761905 0.00859047619047619
2 0.2413855344057083 0.20083163678646088 0.004294642857142857 0.00668095238095238
2 0.32573845982551575 0.2002590000629425 0.004892857142857143 0.008209523809523809
2 0.4104117751121521 0.19949226081371307 0.003699404761904762 0.0063
2 0.579254150390625 0.19890804588794708 0.005607142857142857 0.00668095238095238
2 0.6641915440559387 0.19909043610095978 0.003818452380952381 0.0063
2 0.749394953250885 0.199928417801857 0.004892857142857143 0.007638095238095238
