0 0.5642338991165161 0.5229507088661194 0.022916666666666665 0.037037037037037035
1 0.39563581347465515 0.3825550079345703 0.0203125 0.03518518518518519
2 0.3620360493659973 0.7475660443305969 0.008854166666666666 0.013888888888888888
2 0.508687436580658 0.7512313723564148 0.008854166666666666 0.013888888888888888
2 0.6542647480964661 0.7535271644592285 0.008854166666666666 0.013888888888888888
2 0.8208824396133423 0.6459704637527466 0.008854166666666666 0.014814814814814815
2 0.8067639470100403 0.5688181519508362 0.008854166666666666 0.014814814814814815
2 0.7939236164093018 0.5002681612968445 0.008854166666666666 0.014814814814814815
2 0.19778133928775787 0.6363319754600525 0.0078125 0.012962962962962963
2 0.2125590443611145 0.5598681569099426 0.0078125 0.012962962962962963
2 0.2257840931415558 0.49108099937438965 0.0078125 0.012962962962962963
2 0.24990592896938324 0.3684125542640686 0.00625 0.010185185185185186
2 0.26028379797935486 0.3149850070476532 0.00625 0.010185185185185186
2 0.2704029381275177 0.2647230327129364 0.00625 0.010185185185185186
2 0.7713199853897095 0.3772037625312805 0.007291666666666667 0.011111111111111112
2 0.7618148326873779 0.32405856251716614 0.007291666666666667 0.011111111111111112
2 0.7515296936035156 0.2727097272872925 0.007291666666666667 0.011111111111111112
2 0.5111977458000183 0.21087327599525452 0.007291666666666667 0.011111111111111112
2 0.6121346950531006 0.21098069846630096 0.007291666666666667 0.011111111111111112
