0 0.4430634081363678 0.5304650664329529 0.022916666666666665 0.037037037037037035
1 0.607547402381897 0.3957541584968567 0.0203125 0.03518518518518519
2 0.6352121233940125 0.7378302812576294 0.008854166666666666 0.013888888888888888
2 0.49455583095550537 0.7436195611953735 0.008854166666666666 0.013888888888888888
2 0.35435760021209717 0.7481366991996765 0.008854166666666666 0.013888888888888888
2 0.19344456493854523 0.6499435901641846 0.008854166666666666 0.014814814814814815
2 0.20738640427589417 0.5770282745361328 0.008854166666666666 0.014814814814814815
2 0.22010096907615662 0.512037456035614 0.008854166666666666 0.014814814814814815
2 0.793850302696228 0.6317010521888733 0.0078125 0.012962962962962963
2 0.780997633934021 0.5604473948478699 0.0078125 0.012962962962962963
2 0.7694566249847412 0.4960973560810089 0.0078125 0.012962962962962963
2 0.7482523322105408 0.38075798749923706 0.00625 0.010185185185185186
2 0.7390967607498169 0.3302830159664154 0.00625 0.010185185185185186
2 0.7301158905029297 0.28266942501068115 0.00625 0.010185185185185186
2 0.2425825148820877 0.3948904573917389 0.007291666666666667 0.011111111111111112
2 0.2520771026611328 0.344112366437912 0.007291666666666667 0.011111111111111112
2 0.2623496353626251 0.29492953419685364 0.007291666666666667 0.011111111111111112
2 0.49739620089530945 0.23353815078735352 0.007291666666666667 0.011111111111111112
2 0.3989933133125305 0.23453426361083984 0.007291666666666667 0.011111111111111112
