0 0.5676528811454773 0.5214722752571106 0.022916666666666665 0.037037037037037035
1 0.3994755744934082 0.3869308829307556 0.0203125 0.03518518518518519
2 0.3671857714653015 0.7478033304214478 0.008854166666666666 0.013888888888888888
2 0.5135474801063538 0.747880220413208 0.008854166666666666 0.013888888888888888
2 0.6583452820777893 0.7466307282447815 0.008854166666666666 0.013888888888888888
2 0.8226140141487122 0.6367620229721069 0.008854166666666666 0.014814814814814815
2 0.8080705404281616 0.5612831115722656 0.008854166666666666 0.014814814814814815
2 0.7948716282844543 0.4943053722381592 0.008854166666666666 0.014814814814814815
2 0.20251215994358063 0.6415196657180786 0.0078125 0.012962962962962963
2 0.2171960473060608 0.5655376315116882 0.0078125 0.012962962962962963
2 0.23031258583068848 0.49730992317199707 0.0078125 0.012962962962962963
2 0.25418397784233093 0.3759201467037201 0.00625 0.010185185185185186
2 0.26443007588386536 0.32316890358924866 0.00625 0.010185185185185186
2 0.2744115889072418 0.2736010253429413 0.00625 0.010185185185185186
2 0.7716547846794128 0.3742401599884033 0.007291666666666667 0.011111111111111112
2 0.7618955373764038 0.3224591612815857 0.007291666666666667 0.011111111111111112
2 0.7513885498046875 0.27249133586883545 0.007291666666666667 0.011111111111111112
2 0.5135160684585571 0.21643926203250885 0.007291666666666667 0.011111111111111112
2 0.6133979558944702 0.21474036574363708 0.007291666666666667 0.011111111111111112
