0 0.763178825378418 0.6268784403800964 0.022916666666666665 0.03796296296296296
4 0.824799120426178 0.6313856244087219 0.0234375 0.026851851851851852
4 0.7121379971504211 0.5595740079879761 0.0203125 0.03425925925925926
3 0.6678637862205505 0.5532060861587524 0.0203125 0.032407407407407406
4 0.5515479445457458 0.619939923286438 0.0234375 0.03796296296296296
4 0.533137321472168 0.6641740798950195 0.024479166666666666 0.03981481481481482
4 0.5046218633651733 0.4913424551486969 0.017708333333333333 0.030555555555555555
3 0.4625772535800934 0.4256158173084259 0.015625 0.025925925925925925
4 0.4529896080493927 0.39275914430618286 0.014583333333333334 0.024074074074074074
1 0.4677380919456482 0.37668684124946594 0.0140625 0.023148148148148147
3 0.42209580540657043 0.37095627188682556 0.013541666666666667 0.017592592592592594
3 0.4219578206539154 0.389847069978714 0.014583333333333334 0.025
4 0.35477402806282043 0.40694743394851685 0.015625 0.024074074074074074
3 0.3148818016052246 0.5688178539276123 0.021875 0.03425925925925926
3 0.3396059274673462 0.6614453196525574 0.025 0.03981481481481482
3 0.3808804154396057 0.7273739576339722 0.027083333333333334 0.041666666666666664
2 0.5335380434989929 0.7392187118530273 0.0078125 0.012962962962962963
2 0.660034716129303 0.7056180238723755 0.0078125 0.012962962962962963
2 0.7758655548095703 0.674433708190918 0.0078125 0.012962962962962963
2 0.8083248138427734 0.5705081224441528 0.007291666666666667 0.012037037037037037
2 0.7432820200920105 0.5253722667694092 0.007291666666666667 0.012037037037037037
2 0.6881446242332458 0.487251341342926 0.007291666666666667 0.012037037037037037
2 0.2983942925930023 0.6839085221290588 0.008854166666666666 0.013888888888888888
2 0.2675721347332001 0.6195783019065857 0.008854166666666666 0.013888888888888888
2 0.24068255722522736 0.5663769841194153 0.008854166666666666 0.013888888888888888
2 0.19861656427383423 0.4813980758190155 0.0078125 0.012962962962962963
2 0.18245477974414825 0.44968563318252563 0.0078125 0.012962962962962963
2 0.16780051589012146 0.41930174827575684 0.0078125 0.012962962962962963
2 0.5977643728256226 0.4241988956928253 0.005729166666666666 0.009259259259259259
2 0.5598755478858948 0.39842501282691956 0.005729166666666666 0.009259259259259259
2 0.5261552333831787 0.37531763315200806 0.005729166666666666 0.009259259259259259
2 0.4019586443901062 0.3586537539958954 0.005208333333333333 0.008333333333333333
2 0.3294280767440796 0.36666178703308105 0.005208333333333333 0.008333333333333333
2 0.25409790873527527 0.3746790587902069 0.005208333333333333 0.008333333333333333
