3 0.8199232816696167 0.6003863215446472 0.015104166666666667 0.024074074074074074
3 0.7259633541107178 0.6429237723350525 0.014583333333333334 0.022222222222222223
4 0.7043308019638062 0.47888392210006714 0.015625 0.025
4 0.652819812297821 0.5409495830535889 0.016145833333333335 0.025
4 0.6674854159355164 0.4542885422706604 0.015625 0.025
4 0.5858232975006104 0.5765610933303833 0.015625 0.025925925925925925
4 0.5837886929512024 0.5245715975761414 0.014583333333333334 0.025925925925925925
4 0.5274626016616821 0.7238323092460632 0.015625 0.025925925925925925
3 0.5248308777809143 0.3949527442455292 0.015104166666666667 0.025
4 0.418549120426178 0.3316558003425598 0.014583333333333334 0.025
0 0.3491738438606262 0.34792765974998474 0.015104166666666667 0.024074074074074074
3 0.2830657958984375 0.3824528455734253 0.016145833333333335 0.025
3 0.2888537645339966 0.2991771996021271 0.015625 0.024074074074074074
1 0.20892281830310822 0.6859695911407471 0.016666666666666666 0.025925925925925925
3 0.18244041502475739 0.43727463483810425 0.015625 0.024074074074074074
3 0.18667341768741608 0.33047327399253845 0.016145833333333335 0.024074074074074074
2 0.14213129878044128 0.6182900667190552 0.0078125 0.012037037037037037
2 0.1406700760126114 0.4988758862018585 0.0078125 0.012037037037037037
2 0.14019465446472168 0.38064849376678467 0.0078125 0.012037037037037037
2 0.855239748954773 0.6145005226135254 0.007291666666666667 0.011111111111111112
2 0.856424868106842 0.4908190667629242 0.007291666666666667 0.011111111111111112
2 0.8568124771118164 0.3662589192390442 0.007291666666666667 0.011111111111111112
2 0.24522610008716583 0.7704211473464966 0.007291666666666667 0.011111111111111112
2 0.32710206508636475 0.7718479633331299 0.007291666666666667 0.011111111111111112
2 0.4092028737068176 0.7724623680114746 0.007291666666666667 0.011111111111111112
2 0.5756136178970337 0.7728762626647949 0.0078125 0.012037037037037037
2 0.6596832275390625 0.7722503542900085 0.0078125 0.012037037037037037
2 0.7445117831230164 0.7711993455886841 0.0078125 0.012037037037037037
2 0.24387730658054352 0.22377972304821014 0.00625 0.010185185185185186
2 0.32604458928108215 0.22112391889095306 0.00625 0.010185185185185186
2 0.4092032015323639 0.21884982287883759 0.00625 0.010185185185185186
2 0.5764948129653931 0.21344256401062012 0.0067708333333333336 0.011111111111111112
2 0.6614058613777161 0.21278910338878632 0.0067708333333333336 0.011111111111111112
2 0.7478817701339722 0.21000812947750092 0.0067708333333333336 0.011111111111111112
