4 0.8223437070846558 0.6400871276855469 0.019270833333333334 0.030555555555555555
0 0.655217707157135 0.563338041305542 0.016666666666666666 0.027777777777777776
3 0.5347124934196472 0.719383716583252 0.0203125 0.03425925925925926
4 0.4647611677646637 0.6840765476226807 0.020833333333333332 0.03518518518518519
4 0.6324745416641235 0.6242715716362 0.018229166666666668 0.03148148148148148
4 0.5949768424034119 0.5754563212394714 0.0171875 0.028703703703703703
4 0.5581878423690796 0.5099292993545532 0.015625 0.025
3 0.45274317264556885 0.5870791673660278 0.0171875 0.028703703703703703
3 0.3920828700065613 0.6174073219299316 0.018229166666666668 0.02962962962962963
3 0.49632012844085693 0.44974634051322937 0.0125 0.023148148148148147
4 0.3541506826877594 0.5634141564369202 0.0171875 0.02962962962962963
3 0.3787691295146942 0.4683721959590912 0.015104166666666667 0.023148148148148147
4 0.3087182939052582 0.47542113065719604 0.015104166666666667 0.023148148148148147
1 0.30484190583229065 0.4559400975704193 0.015104166666666667 0.021296296296296296
3 0.2418602854013443 0.4639088809490204 0.014583333333333334 0.023148148148148147
2 0.7020662426948547 0.8305416703224182 0.009895833333333333 0.01574074074074074
2 0.7941358685493469 0.7791361212730408 0.009895833333333333 0.01574074074074074
2 0.8739491701126099 0.7351750731468201 0.009895833333333333 0.01574074074074074
2 0.849134087562561 0.6202735900878906 0.00625 0.010185185185185186
2 0.7716804146766663 0.5765429735183716 0.00625 0.010185185185185186
2 0.7040582299232483 0.5381637215614319 0.00625 0.010185185185185186
2 0.4621690511703491 0.7999072670936584 0.0078125 0.012962962962962963
2 0.39610183238983154 0.7322937846183777 0.0078125 0.012962962962962963
2 0.33799418807029724 0.6741690039634705 0.0078125 0.012962962962962963
2 0.24623101949691772 0.5791778564453125 0.005729166666666666 0.009259259259259259
2 0.2082047015428543 0.5409699082374573 0.005729166666666666 0.009259259259259259
2 0.1745622754096985 0.5063875317573547 0.005729166666666666 0.009259259259259259
2 0.23385509848594666 0.4439440667629242 0.005729166666666666 0.009259259259259259
2 0.304056853055954 0.4278773069381714 0.004166666666666667 0.006481481481481481
2 0.3691893517971039 0.41319000720977783 0.004166666666666667 0.006481481481481481
2 0.5902929902076721 0.4757264256477356 0.0046875 0.007407407407407408
2 0.5418898463249207 0.4489865005016327 0.0046875 0.007407407407407408
2 0.49728405475616455 0.4244874119758606 0.0046875 0.007407407407407408
