3 0.701108992099762 0.30881214141845703 0.01875 0.030555555555555555
3 0.6709072589874268 0.2516857981681824 0.01875 0.030555555555555555
3 0.5825034379959106 0.24672622978687286 0.018229166666666668 0.030555555555555555
3 0.629326581954956 0.3050178289413452 0.01875 0.03148148148148148
0 0.6611082553863525 0.34448733925819397 0.019791666666666666 0.032407407407407406
4 0.6785509586334229 0.3882903754711151 0.0203125 0.03425925925925926
3 0.6227014660835266 0.4611913561820984 0.021354166666666667 0.03611111111111111
4 0.5645543932914734 0.5712518692016602 0.023958333333333335 0.03981481481481482
4 0.5379594564437866 0.6022408604621887 0.024479166666666666 0.03981481481481482
4 0.4948219954967499 0.5057200789451599 0.022395833333333334 0.03888888888888889
4 0.4739170968532562 0.560194730758667 0.0234375 0.03888888888888889
4 0.4418089687824249 0.5075486898422241 0.021875 0.03796296296296296
1 0.36737221479415894 0.25593915581703186 0.018229166666666668 0.03148148148148148
4 0.29647400975227356 0.46335792541503906 0.021875 0.03518518518518519
3 0.3571532666683197 0.6250970363616943 0.024479166666666666 0.040740740740740744
3 0.39570626616477966 0.7060471773147583 0.025 0.025925925925925925
2 0.3771960139274597 0.7379098534584045 0.008854166666666666 0.014814814814814815
2 0.5211110711097717 0.7352430820465088 0.008854166666666666 0.014814814814814815
2 0.6616160869598389 0.730518639087677 0.008854166666666666 0.014814814814814815
2 0.8187045454978943 0.6254397630691528 0.0067708333333333336 0.011111111111111112
2 0.8066603541374207 0.5542297959327698 0.0067708333333333336 0.011111111111111112
2 0.7960793375968933 0.4893113374710083 0.0067708333333333336 0.011111111111111112
2 0.20967648923397064 0.6349793672561646 0.008333333333333333 0.012962962962962963
2 0.22535397112369537 0.5600220561027527 0.008333333333333333 0.012962962962962963
2 0.23963794112205505 0.4913005828857422 0.008333333333333333 0.012962962962962963
2 0.26617375016212463 0.3716849088668823 0.0067708333333333336 0.011111111111111112
2 0.2773854434490204 0.31722602248191833 0.0067708333333333336 0.011111111111111112
2 0.28773245215415955 0.2694629430770874 0.0067708333333333336 0.011111111111111112
2 0.7775099873542786 0.3766672909259796 0.00625 0.010185185185185186
2 0.7688910365104675 0.325697660446167 0.00625 0.010185185185185186
2 0.7611196041107178 0.27878817915916443 0.00625 0.010185185185185186
2 0.4313856065273285 0.2136351466178894 0.007291666666666667 0.012037037037037037
2 0.5311062335968018 0.21609120070934296 0.007291666666666667 0.012037037037037037
2 0.6292727589607239 0.22024047374725342 0.007291666666666667 0.012037037037037037
