4 0.29439181089401245 0.3430257737636566 0.019270833333333334 0.03333333333333333
4 0.2759343385696411 0.42026108503341675 0.020833333333333332 0.03333333333333333
4 0.3457740247249603 0.6289322376251221 0.023958333333333335 0.03981481481481482
3 0.3806321322917938 0.6595779061317444 0.025 0.03888888888888889
4 0.43028607964515686 0.6773791313171387 0.024479166666666666 0.04259259259259259
1 0.5182730555534363 0.5565710067749023 0.022916666666666665 0.03888888888888889
4 0.5245344638824463 0.4206904172897339 0.020833333333333332 0.03611111111111111
4 0.5667383670806885 0.5157780051231384 0.0234375 0.03796296296296296
0 0.5975340604782104 0.581309974193573 0.0234375 0.037037037037037035
3 0.6040851473808289 0.7160691618919373 0.025 0.027777777777777776
4 0.6113496422767639 0.41447392106056213 0.021354166666666667 0.03518518518518519
2 0.6410043239593506 0.7486585378646851 0.008854166666666666 0.013888888888888888
2 0.49452507495880127 0.7498548030853271 0.008854166666666666 0.013888888888888888
2 0.34817078709602356 0.7519634962081909 0.008854166666666666 0.013888888888888888
2 0.18381105363368988 0.6439541578292847 0.007291666666666667 0.012037037037037037
2 0.19911505281925201 0.5666199326515198 0.007291666666666667 0.012037037037037037
2 0.21251316368579865 0.49810224771499634 0.007291666666666667 0.012037037037037037
2 0.8059614300727844 0.6354790925979614 0.008333333333333333 0.012962962962962963
2 0.790557324886322 0.5587303042411804 0.008333333333333333 0.012962962962962963
2 0.7767549157142639 0.48898014426231384 0.008333333333333333 0.012962962962962963
2 0.7523654699325562 0.3680272400379181 0.005729166666666666 0.009259259259259259
2 0.741503119468689 0.314043790102005 0.005729166666666666 0.009259259259259259
2 0.7322054505348206 0.2641978859901428 0.005729166666666666 0.009259259259259259
2 0.2355196624994278 0.37599676847457886 0.00625 0.010185185185185186
2 0.24616864323616028 0.32188811898231506 0.00625 0.010185185185185186
2 0.2565125823020935 0.2719224989414215 0.00625 0.010185185185185186
2 0.5936341881752014 0.20898257195949554 0.00625 0.010185185185185186
2 0.4943734407424927 0.20950764417648315 0.00625 0.010185185185185186
2 0.39440301060676575 0.21093612909317017 0.00625 0.010185185185185186
