4 0.6982948184013367 0.34537273645401 0.019270833333333334 0.03333333333333333
4 0.7164602279663086 0.42143702507019043 0.020833333333333332 0.03333333333333333
4 0.6457397937774658 0.6266031861305237 0.023958333333333335 0.03981481481481482
3 0.6109859943389893 0.6566135287284851 0.025 0.03888888888888889
4 0.5617151260375977 0.6741173267364502 0.024479166666666666 0.04259259259259259
1 0.4747527539730072 0.557168185710907 0.022916666666666665 0.03888888888888889
4 0.46848252415657043 0.4245292842388153 0.020833333333333332 0.03611111111111111
4 0.42686229944229126 0.5178096294403076 0.0234375 0.03796296296296296
0 0.39665666222572327 0.5817497372627258 0.0234375 0.037037037037037035
3 0.39053794741630554 0.7121449708938599 0.025 0.027777777777777776
4 0.3826468586921692 0.41937729716300964 0.021354166666666667 0.03518518518518519
2 0.3544958829879761 0.7436262369155884 0.008854166666666666 0.013888888888888888
2 0.49822184443473816 0.7444753646850586 0.008854166666666666 0.013888888888888888
2 0.6429392099380493 0.7462159395217896 0.008854166666666666 0.013888888888888888
2 0.8075895309448242 0.6404543519020081 0.007291666666666667 0.012037037037037037
2 0.7927585244178772 0.5647535920143127 0.007291666666666667 0.012037037037037037
2 0.7797464728355408 0.49750879406929016 0.007291666666666667 0.012037037037037037
2 0.19319970905780792 0.6352901458740234 0.008333333333333333 0.012962962962962963
2 0.2076687216758728 0.561170220375061 0.008333333333333333 0.012962962962962963
2 0.2206801027059555 0.4935343861579895 0.008333333333333333 0.012962962962962963
2 0.24380917847156525 0.37561506032943726 0.005729166666666666 0.009259259259259259
2 0.25416040420532227 0.3227262794971466 0.005729166666666666 0.009259259259259259
2 0.26302632689476013 0.27375873923301697 0.005729166666666666 0.009259259259259259
2 0.757355809211731 0.3772547245025635 0.00625 0.010185185185185186
2 0.7469446063041687 0.323803573846817 0.00625 0.010185185185185186
2 0.7367979884147644 0.2743612825870514 0.00625 0.010185185185185186
2 0.39967861771583557 0.21727746725082397 0.00625 0.010185185185185186
2 0.49840447306632996 0.21617768704891205 0.00625 0.010185185185185186
2 0.5983675718307495 0.21595703065395355 0.00625 0.010185185185185186
