4 0.6970549821853638 0.3464373052120209 0.019270833333333334 0.03333333333333333
4 0.7149104475975037 0.423448771238327 0.020833333333333332 0.03333333333333333
4 0.6413527727127075 0.6317344903945923 0.023958333333333335 0.03981481481481482
3 0.6058236360549927 0.6622452735900879 0.025 0.03888888888888889
4 0.5557059645652771 0.6801076531410217 0.024479166666666666 0.04259259259259259
1 0.46859702467918396 0.5620659589767456 0.022916666666666665 0.03888888888888889
4 0.46334078907966614 0.42796826362609863 0.020833333333333332 0.03611111111111111
4 0.42049694061279297 0.5224778056144714 0.0234375 0.03796296296296296
0 0.3894583284854889 0.5872176289558411 0.0234375 0.037037037037037035
3 0.3822093605995178 0.7189884781837463 0.025 0.027777777777777776
4 0.37664544582366943 0.42324110865592957 0.021354166666666667 0.03518518518518519
2 0.34557220339775085 0.7508649230003357 0.008854166666666666 0.013888888888888888
2 0.4908127188682556 0.7514557838439941 0.008854166666666666 0.013888888888888888
2 0.6375321745872498 0.7529500126838684 0.008854166666666666 0.013888888888888888
2 0.8059305548667908 0.6452715396881104 0.007291666666666667 0.012037037037037037
2 0.7914292812347412 0.5684793591499329 0.007291666666666667 0.012037037037037037
2 0.7787179350852966 0.5002889037132263 0.007291666666666667 0.012037037037037037
2 0.184029683470726 0.641948938369751 0.008333333333333333 0.012962962962962963
2 0.19918705523014069 0.5671736598014832 0.008333333333333333 0.012962962962962963
2 0.2128293216228485 0.49892178177833557 0.008333333333333333 0.012962962962962963
2 0.23706956207752228 0.3798832297325134 0.005729166666666666 0.009259259259259259
2 0.24792267382144928 0.3264746367931366 0.005729166666666666 0.009259259259259259
2 0.25725045800209045 0.27702128887176514 0.005729166666666666 0.009259259259259259
2 0.7568915486335754 0.37839558720588684 0.00625 0.010185185185185186
2 0.7467269897460938 0.3242416977882385 0.00625 0.010185185185185186
2 0.73680180311203 0.27416613698005676 0.00625 0.010185185185185186
2 0.3955008387565613 0.2189648449420929 0.00625 0.010185185185185186
2 0.49532291293144226 0.21706654131412506 0.00625 0.010185185185185186
2 0.5966190695762634 0.21604415774345398 0.00625 0.010185185185185186
