3 0.4979465901851654 0.5698364973068237 0.019791666666666666 0.024074074074074074
3 0.5204083919525146 0.5485966801643372 0.019791666666666666 0.024074074074074074
4 0.5090721845626831 0.5587738156318665 0.0203125 0.024074074074074074
4 0.531659722328186 0.5593383312225342 0.020833333333333332 0.022222222222222223
0 0.5203418135643005 0.5699489712715149 0.020833333333333332 0.023148148148148147
3 0.5439097881317139 0.5696409940719604 0.0203125 0.024074074074074074
4 0.4849867820739746 0.5817803144454956 0.021875 0.025
3 0.5079808831214905 0.5801568031311035 0.019270833333333334 0.021296296296296296
3 0.5320874452590942 0.5819618701934814 0.0203125 0.025925925925925925
4 0.5565875172615051 0.5837604999542236 0.0203125 0.02962962962962963
3 0.472422331571579 0.5984913110733032 0.0234375 0.03888888888888889
4 0.49544933438301086 0.5989714860916138 0.023958333333333335 0.03981481481481482
4 0.5199055671691895 0.5990249514579773 0.025 0.03981481481481482
3 0.5432214736938477 0.5999298095703125 0.022395833333333334 0.040740740740740744
4 0.5674632787704468 0.5991288423538208 0.023958333333333335 0.040740740740740744
1 0.562423050403595 0.23894274234771729 0.019270833333333334 0.03148148148148148
2 0.6606585383415222 0.7199932336807251 0.0078125 0.012962962962962963
2 0.5177887082099915 0.7231094837188721 0.0078125 0.012962962962962963
2 0.372670441865921 0.7249860167503357 0.0078125 0.012962962962962963
2 0.20423780381679535 0.6208447217941284 0.0078125 0.012962962962962963
2 0.21999740600585938 0.5460226535797119 0.0078125 0.012962962962962963
2 0.23498782515525818 0.4773714542388916 0.0078125 0.012962962962962963
2 0.816906213760376 0.6167183518409729 0.007291666666666667 0.011111111111111112
2 0.8037353754043579 0.5472901463508606 0.007291666666666667 0.011111111111111112
2 0.7912561893463135 0.48332226276397705 0.007291666666666667 0.011111111111111112
2 0.7700422406196594 0.3717285990715027 0.00625 0.010185185185185186
2 0.7603515982627869 0.32282039523124695 0.00625 0.010185185185185186
2 0.7520859837532043 0.27686986327171326 0.00625 0.010185185185185186
2 0.2605244815349579 0.361605703830719 0.007291666666666667 0.011111111111111112
2 0.2722611129283905 0.3104174733161926 0.007291666666666667 0.011111111111111112
2 0.28333982825279236 0.2628977596759796 0.007291666666666667 0.011111111111111112
2 0.620306134223938 0.21907702088356018 0.00625 0.010185185185185186
2 0.5238965153694153 0.21567402780056 0.00625 0.010185185185185186
2 0.42590662837028503 0.21136943995952606 0.00625 0.010185185185185186
