3 0.5186532735824585 0.6052317023277283 0.019791666666666666 0.024074074074074074
3 0.49649280309677124 0.5830590128898621 0.019791666666666666 0.024074074074074074
4 0.5076929926872253 0.5937018394470215 0.0203125 0.024074074074074074
4 0.4853129982948303 0.5941168665885925 0.020833333333333332 0.022222222222222223
0 0.49650871753692627 0.605194628238678 0.020833333333333332 0.023148148148148147
3 0.4731414020061493 0.6047134399414062 0.0203125 0.024074074074074074
4 0.5313882231712341 0.6176515817642212 0.021875 0.025
3 0.5087070465087891 0.6158336400985718 0.019270833333333334 0.021296296296296296
3 0.4848513603210449 0.6175512671470642 0.0203125 0.025925925925925925
4 0.4605411887168884 0.6192644238471985 0.0203125 0.02962962962962963
3 0.543672502040863 0.6349388360977173 0.0234375 0.03888888888888889
4 0.521008312702179 0.635316789150238 0.023958333333333335 0.03981481481481482
4 0.4968719482421875 0.6352483034133911 0.025 0.03981481481481482
3 0.4737948179244995 0.6360650062561035 0.022395833333333334 0.040740740740740744
4 0.449735164642334 0.6351144909858704 0.023958333333333335 0.040740740740740744
1 0.4546893537044525 0.2544030249118805 0.019270833333333334 0.03148148148148148
2 0.35731014609336853 0.7594888806343079 0.0078125 0.012962962962962963
2 0.4986579120159149 0.7623274326324463 0.0078125 0.012962962962962963
2 0.6397726535797119 0.7638623714447021 0.0078125 0.012962962962962963
2 0.802674412727356 0.6588836908340454 0.0078125 0.012962962962962963
2 0.7891215682029724 0.582850456237793 0.0078125 0.012962962962962963
2 0.7760486006736755 0.5123677849769592 0.0078125 0.012962962962962963
2 0.19833357632160187 0.652283251285553 0.007291666666666667 0.011111111111111112
2 0.21076349914073944 0.5793196558952332 0.007291666666666667 0.011111111111111112
2 0.22264517843723297 0.5116562843322754 0.007291666666666667 0.011111111111111112
2 0.24297791719436646 0.39258331060409546 0.00625 0.010185185185185186
2 0.2523670196533203 0.3399898409843445 0.00625 0.010185185185185186
2 0.26036006212234497 0.29032349586486816 0.00625 0.010185185185185186
2 0.7534582614898682 0.391922265291214 0.007291666666666667 0.011111111111111112
2 0.7429137825965881 0.33800750970840454 0.007291666666666667 0.011111111111111112
2 0.7328742742538452 0.28758853673934937 0.007291666666666667 0.011111111111111112
2 0.3956456482410431 0.23119018971920013 0.00625 0.010185185185185186
2 0.4937603175640106 0.23038241267204285 0.00625 0.010185185185185186
2 0.5923587083816528 0.22866176068782806 0.00625 0.010185185185185186
