3 0.4687155783176422 0.5959673523902893 0.019791666666666666 0.024074074074074074
3 0.4912448525428772 0.5729337930679321 0.019791666666666666 0.024074074074074074
4 0.47984930872917175 0.5839946269989014 0.0203125 0.024074074074074074
4 0.5029024481773376 0.5843238234519958 0.020833333333333332 0.022222222222222223
0 0.49150389432907104 0.5958427786827087 0.020833333333333332 0.023148148148148147
3 0.51559978723526 0.5952527523040771 0.0203125 0.024074074074074074
4 0.45577284693717957 0.6088627576828003 0.021875 0.025
3 0.4790724515914917 0.6069061756134033 0.019270833333333334 0.021296296296296296
3 0.5036797523498535 0.6086078882217407 0.0203125 0.025925925925925925
4 0.52881920337677 0.6103076934814453 0.0203125 0.02962962962962963
3 0.4433514177799225 0.6267892718315125 0.0234375 0.03888888888888889
4 0.4666444659233093 0.6271281242370605 0.023958333333333335 0.03981481481481482
4 0.49150389432907104 0.6270009875297546 0.025 0.03981481481481482
3 0.5153405666351318 0.6277957558631897 0.022395833333333334 0.040740740740740744
4 0.5402273535728455 0.6267518401145935 0.023958333333333335 0.040740740740740744
1 0.5298561453819275 0.23578336834907532 0.019270833333333334 0.03148148148148148
2 0.63861483335495 0.7570550441741943 0.0078125 0.012962962962962963
2 0.4912448525428772 0.7594243288040161 0.0078125 0.012962962962962963
2 0.34617069363594055 0.7604069709777832 0.0078125 0.012962962962962963
2 0.1809888780117035 0.6518757343292236 0.0078125 0.012962962962962963
2 0.1943659484386444 0.574176549911499 0.0078125 0.012962962962962963
2 0.20723234117031097 0.5023947954177856 0.0078125 0.012962962962962963
2 0.8044713139533997 0.6442533731460571 0.007291666666666667 0.011111111111111112
2 0.7896049618721008 0.5675479173660278 0.007291666666666667 0.011111111111111112
2 0.7755255103111267 0.4968387186527252 0.007291666666666667 0.011111111111111112
2 0.7515487670898438 0.37337610125541687 0.00625 0.010185185185185186
2 0.7406070828437805 0.3192424774169922 0.00625 0.010185185185185186
2 0.7312306761741638 0.2683239281177521 0.00625 0.010185185185185186
2 0.2293713241815567 0.3802700638771057 0.007291666666666667 0.011111111111111112
2 0.23967234790325165 0.3258165717124939 0.007291666666666667 0.011111111111111112
2 0.24946053326129913 0.27501070499420166 0.007291666666666667 0.011111111111111112
2 0.5900428295135498 0.2108980119228363 0.00625 0.010185185185185186
2 0.48969075083732605 0.21233956515789032 0.00625 0.010185185185185186
2 0.38982391357421875 0.21285995841026306 0.00625 0.010185185185185186
