3 0.5164942741394043 0.2863975465297699 0.01875 0.030555555555555555
3 0.6758499145507812 0.30673497915267944 0.01875 0.02962962962962963
1 0.5507076978683472 0.46190017461776733 0.020833333333333332 0.03518518518518519
3 0.367108017206192 0.47085919976234436 0.021354166666666667 0.03611111111111111
4 0.41266536712646484 0.586354672908783 0.022916666666666665 0.03796296296296296
0 0.500092625617981 0.6171979904174805 0.0234375 0.03888888888888889
3 0.5583540201187134 0.6529102325439453 0.023958333333333335 0.03888888888888889
3 0.6505253314971924 0.681326150894165 0.025 0.03981481481481482
3 0.7073444128036499 0.5964072942733765 0.023958333333333335 0.03796296296296296
2 0.6368780732154846 0.7552017569541931 0.007291666666666667 0.012037037037037037
2 0.4988359212875366 0.7568101286888123 0.007291666666666667 0.012037037037037037
2 0.3599311113357544 0.7605113387107849 0.007291666666666667 0.012037037037037037
2 0.19914023578166962 0.6628462076187134 0.0078125 0.012962962962962963
2 0.21273447573184967 0.5906304121017456 0.0078125 0.012962962962962963
2 0.22378292679786682 0.5269818902015686 0.0078125 0.012962962962962963
2 0.7939079403877258 0.6505368947982788 0.007291666666666667 0.011111111111111112
2 0.7799747586250305 0.5799233317375183 0.007291666666666667 0.011111111111111112
2 0.7676312923431396 0.5169070363044739 0.007291666666666667 0.011111111111111112
2 0.7458998560905457 0.4022296667098999 0.00625 0.010185185185185186
2 0.7355365753173828 0.35197293758392334 0.00625 0.010185185185185186
2 0.7266073822975159 0.3045024871826172 0.00625 0.010185185185185186
2 0.2439553588628769 0.41209423542022705 0.0067708333333333336 0.011111111111111112
2 0.25354626774787903 0.35966843366622925 0.0067708333333333336 0.011111111111111112
2 0.26222795248031616 0.31179770827293396 0.0067708333333333336 0.011111111111111112
2 0.5919142365455627 0.25159209966659546 0.00625 0.010185185185185186
2 0.4946269094944 0.25166112184524536 0.00625 0.010185185185185186
2 0.3966534435749054 0.25346502661705017 0.00625 0.010185185185185186
