3 0.47927621006965637 0.24618931114673615 0.01875 0.030555555555555555
3 0.3161217272281647 0.2693104147911072 0.01875 0.02962962962962963
1 0.44588717818260193 0.4275324046611786 0.020833333333333332 0.03518518518518519
3 0.6344980597496033 0.43323349952697754 0.021354166666666667 0.03611111111111111
4 0.5898789167404175 0.5548146367073059 0.022916666666666665 0.03796296296296296
0 0.49988067150115967 0.5894536972045898 0.0234375 0.03888888888888889
3 0.4395974576473236 0.6288343667984009 0.023958333333333335 0.03888888888888889
3 0.3432045876979828 0.6616092324256897 0.025 0.03981481481481482
3 0.2834392786026001 0.5724310278892517 0.023958333333333335 0.03796296296296296
2 0.35781535506248474 0.7407264709472656 0.007291666666666667 0.012037037037037037
2 0.5028851628303528 0.7384420037269592 0.007291666666666667 0.012037037037037037
2 0.6477530598640442 0.738394021987915 0.007291666666666667 0.012037037037037037
2 0.8109723329544067 0.6301715970039368 0.0078125 0.012962962962962963
2 0.7949504852294922 0.5546455979347229 0.0078125 0.012962962962962963
2 0.7818790078163147 0.48853710293769836 0.0078125 0.012962962962962963
2 0.1920296549797058 0.6323840022087097 0.007291666666666667 0.011111111111111112
2 0.2071426659822464 0.5566437840461731 0.007291666666666667 0.011111111111111112
2 0.22041791677474976 0.48963966965675354 0.007291666666666667 0.011111111111111112
2 0.24353983998298645 0.36911147832870483 0.00625 0.010185185185185186
2 0.25443604588508606 0.3168335556983948 0.00625 0.010185185185185186
2 0.2637760043144226 0.26777657866477966 0.00625 0.010185185185185186
2 0.7582750916481018 0.3703398108482361 0.0067708333333333336 0.011111111111111112
2 0.7472099661827087 0.3168853521347046 0.0067708333333333336 0.011111111111111112
2 0.7372358441352844 0.268330454826355 0.0067708333333333336 0.011111111111111112
2 0.40201929211616516 0.21178947389125824 0.00625 0.010185185185185186
2 0.5011411309242249 0.21057553589344025 0.00625 0.010185185185185186
2 0.6004404425621033 0.21111418306827545 0.00625 0.010185185185185186
