3 0.46947014331817627 0.24793687462806702 0.01875 0.030555555555555555
3 0.3152182400226593 0.2724425494670868 0.01875 0.02962962962962963
1 0.43575721979141235 0.4230293035507202 0.020833333333333332 0.03518518518518519
3 0.618267834186554 0.4284544885158539 0.021354166666666667 0.03611111111111111
4 0.5734050273895264 0.5472095608711243 0.022916666666666665 0.03796296296296296
0 0.4858154356479645 0.5799451470375061 0.0234375 0.03888888888888889
3 0.42769911885261536 0.6172305345535278 0.023958333333333335 0.03888888888888889
3 0.3362520635128021 0.6471571326255798 0.025 0.03981481481481482
3 0.28149253129959106 0.5610759258270264 0.023958333333333335 0.03796296296296296
2 0.34911540150642395 0.7234011888504028 0.007291666666666667 0.012037037037037037
2 0.48722678422927856 0.7247556447982788 0.007291666666666667 0.012037037037037037
2 0.6285566687583923 0.728341281414032 0.007291666666666667 0.012037037037037037
2 0.7929332256317139 0.6245256066322327 0.0078125 0.012962962962962963
2 0.7773024439811707 0.5490790009498596 0.0078125 0.012962962962962963
2 0.764631450176239 0.48328274488449097 0.0078125 0.012962962962962963
2 0.19662684202194214 0.6168187260627747 0.007291666666666667 0.011111111111111112
2 0.2113354504108429 0.5453225374221802 0.007291666666666667 0.011111111111111112
2 0.2242787629365921 0.4819847345352173 0.007291666666666667 0.011111111111111112
2 0.24690581858158112 0.3678499460220337 0.00625 0.010185185185185186
2 0.25753507018089294 0.31825900077819824 0.00625 0.010185185185185186
2 0.2667030990123749 0.27168577909469604 0.00625 0.010185185185185186
2 0.7418437600135803 0.36616969108581543 0.0067708333333333336 0.011111111111111112
2 0.7311899065971375 0.3134308159351349 0.0067708333333333336 0.011111111111111112
2 0.721613883972168 0.26564663648605347 0.0067708333333333336 0.011111111111111112
2 0.39638277888298035 0.21619006991386414 0.00625 0.010185185185185186
2 0.49078309535980225 0.21320241689682007 0.00625 0.010185185185185186
2 0.5869342088699341 0.2118673026561737 0.00625 0.010185185185185186
