1 0.3336524963378906 0.5902454257011414 0.019791666666666666 0.032407407407407406
4 0.3466438353061676 0.6992261409759521 0.022916666666666665 0.03796296296296296
3 0.3955444395542145 0.651519238948822 0.021875 0.03611111111111111
0 0.4052051603794098 0.6136292219161987 0.020833333333333332 0.03333333333333333
4 0.392867773771286 0.5746389031410217 0.01875 0.03148148148148148
3 0.41586068272590637 0.6985622644424438 0.0234375 0.03796296296296296
3 0.49258989095687866 0.5078347325325012 0.016666666666666666 0.027777777777777776
3 0.5620876550674438 0.6699715852737427 0.022395833333333334 0.037037037037037035
3 0.7810338139533997 0.4528258442878723 0.015625 0.025925925925925925
3 0.8834401369094849 0.4987601339817047 0.0171875 0.027777777777777776
2 0.30065396428108215 0.7349836826324463 0.008333333333333333 0.012962962962962963
2 0.22655512392520905 0.6852375864982605 0.008333333333333333 0.012962962962962963
2 0.1612899750471115 0.6424845457077026 0.008333333333333333 0.012962962962962963
2 0.20431748032569885 0.5540725588798523 0.005208333333333333 0.008333333333333333
2 0.28318774700164795 0.5260080695152283 0.005208333333333333 0.008333333333333333
2 0.35466131567955017 0.49982672929763794 0.005208333333333333 0.008333333333333333
2 0.5415603518486023 0.7339935302734375 0.008854166666666666 0.013888888888888888
2 0.6260702013969421 0.684131383895874 0.008854166666666666 0.013888888888888888
2 0.6994340419769287 0.6398606300354004 0.008854166666666666 0.013888888888888888
2 0.8230276703834534 0.5656813383102417 0.0067708333333333336 0.011111111111111112
2 0.8755136132240295 0.5346501469612122 0.0067708333333333336 0.011111111111111112
2 0.92333984375 0.5056630969047546 0.0067708333333333336 0.011111111111111112
2 0.869808554649353 0.44754037261009216 0.005208333333333333 0.008333333333333333
2 0.7941903471946716 0.42915472388267517 0.005208333333333333 0.008333333333333333
2 0.7252498865127563 0.4131452739238739 0.005208333333333333 0.008333333333333333
2 0.5863816738128662 0.415071040391922 0.005208333333333333 0.008333333333333333
2 0.5352851152420044 0.4344961941242218 0.005208333333333333 0.008333333333333333
2 0.47996512055397034 0.45423978567123413 0.005208333333333333 0.008333333333333333
