1 0.34791862964630127 0.6000170111656189 0.019791666666666666 0.032407407407407406
4 0.3576405942440033 0.7081668972969055 0.022916666666666665 0.03796296296296296
3 0.40829867124557495 0.6585455536842346 0.021875 0.03611111111111111
0 0.41923320293426514 0.6204134821891785 0.020833333333333332 0.03333333333333333
4 0.40811946988105774 0.5820107460021973 0.01875 0.03148148148148148
3 0.42710235714912415 0.7043430209159851 0.0234375 0.03796296296296296
3 0.510311484336853 0.5114552974700928 0.016666666666666666 0.027777777777777776
3 0.5733899474143982 0.6695595979690552 0.022395833333333334 0.037037037037037035
3 0.796750009059906 0.4467437267303467 0.015625 0.025925925925925925
3 0.8937918543815613 0.4885168671607971 0.0171875 0.027777777777777776
2 0.3101867735385895 0.7458622455596924 0.008333333333333333 0.012962962962962963
2 0.23646990954875946 0.6997214555740356 0.008333333333333333 0.012962962962962963
2 0.17089907824993134 0.6597656011581421 0.008333333333333333 0.012962962962962963
2 0.2173570692539215 0.568875253200531 0.005208333333333333 0.008333333333333333
2 0.298681378364563 0.5375050902366638 0.005208333333333333 0.008333333333333333
2 0.37199530005455017 0.5084811449050903 0.005208333333333333 0.008333333333333333
2 0.5507652163505554 0.7335219979286194 0.008854166666666666 0.013888888888888888
2 0.6358103156089783 0.6806896924972534 0.008854166666666666 0.013888888888888888
2 0.7093396782875061 0.634069561958313 0.008854166666666666 0.013888888888888888
2 0.8324951529502869 0.5563675761222839 0.0067708333333333336 0.011111111111111112
2 0.884509265422821 0.5239977240562439 0.0067708333333333336 0.011111111111111112
2 0.9318016767501831 0.49389106035232544 0.0067708333333333336 0.011111111111111112
2 0.8830149173736572 0.43860942125320435 0.005208333333333333 0.008333333333333333
2 0.8105856776237488 0.4228995442390442 0.005208333333333333 0.008333333333333333
2 0.7440059185028076 0.40921318531036377 0.005208333333333333 0.008333333333333333
2 0.6070724129676819 0.4155406653881073 0.005208333333333333 0.008333333333333333
2 0.5555476546287537 0.43663734197616577 0.005208333333333333 0.008333333333333333
2 0.49959665536880493 0.4582746624946594 0.005208333333333333 0.008333333333333333
