1 0.3463633954524994 0.5970975160598755 0.019791666666666666 0.032407407407407406
4 0.3538321852684021 0.7088053822517395 0.022916666666666665 0.03796296296296296
3 0.40621230006217957 0.6579549312591553 0.021875 0.03611111111111111
0 0.4180153012275696 0.6188458204269409 0.020833333333333332 0.03333333333333333
4 0.40758877992630005 0.5793198347091675 0.01875 0.03148148148148148
3 0.42428258061408997 0.7053115963935852 0.0234375 0.03796296296296296
3 0.5113022923469543 0.5087229609489441 0.016666666666666666 0.027777777777777776
3 0.5715923309326172 0.6706560850143433 0.022395833333333334 0.037037037037037035
3 0.7936940789222717 0.4482247829437256 0.015625 0.025925925925925925
3 0.8871911764144897 0.49156612157821655 0.0171875 0.027777777777777776
2 0.3046117126941681 0.7476500272750854 0.008333333333333333 0.012962962962962963
2 0.2302415817975998 0.6992206573486328 0.008333333333333333 0.012962962962962963
2 0.16382598876953125 0.6571217179298401 0.008333333333333333 0.012962962962962963
2 0.21407394111156464 0.5633957982063293 0.005208333333333333 0.008333333333333333
2 0.2978336215019226 0.5322000980377197 0.005208333333333333 0.008333333333333333
2 0.37270355224609375 0.5035611391067505 0.005208333333333333 0.008333333333333333
2 0.5480220317840576 0.7361047863960266 0.008854166666666666 0.013888888888888888
2 0.6334336400032043 0.6825228929519653 0.008854166666666666 0.013888888888888888
2 0.7065560817718506 0.6357012987136841 0.008854166666666666 0.013888888888888888
2 0.8275196552276611 0.558629035949707 0.0067708333333333336 0.011111111111111112
2 0.8780480027198792 0.5268805027008057 0.0067708333333333336 0.011111111111111112
2 0.9237102270126343 0.49751830101013184 0.0067708333333333336 0.011111111111111112
2 0.8770926594734192 0.44164273142814636 0.005208333333333333 0.008333333333333333
2 0.8072906732559204 0.424665629863739 0.005208333333333333 0.008333333333333333
2 0.7427901029586792 0.40973418951034546 0.005208333333333333 0.008333333333333333
2 0.6086448431015015 0.41343310475349426 0.005208333333333333 0.008333333333333333
2 0.557449460029602 0.4337176978588104 0.005208333333333333 0.008333333333333333
2 0.5015408396720886 0.45458999276161194 0.005208333333333333 0.008333333333333333
