1 0.3466871976852417 0.5962053537368774 0.019791666666666666 0.032407407407407406
4 0.35737356543540955 0.7105582356452942 0.022916666666666665 0.03796296296296296
3 0.4097142517566681 0.6596803069114685 0.021875 0.03611111111111111
0 0.4207492172718048 0.6199528574943542 0.020833333333333332 0.03333333333333333
4 0.4089759886264801 0.5793396830558777 0.01875 0.03148148148148148
3 0.4295479953289032 0.7084943056106567 0.0234375 0.03796296296296296
3 0.5133749842643738 0.5094155669212341 0.016666666666666666 0.027777777777777776
3 0.5797439813613892 0.6762003302574158 0.022395833333333334 0.037037037037037035
3 0.8013217449188232 0.45356670022010803 0.015625 0.025925925925925925
3 0.89854896068573 0.4998093247413635 0.0171875 0.027777777777777776
2 0.3079375624656677 0.7492343187332153 0.008333333333333333 0.012962962962962963
2 0.23037706315517426 0.6981104612350464 0.008333333333333333 0.012962962962962963
2 0.16118571162223816 0.6536587476730347 0.008333333333333333 0.012962962962962963
2 0.2102014571428299 0.5589759945869446 0.005208333333333333 0.008333333333333333
2 0.2951957583427429 0.5288891792297363 0.005208333333333333 0.008333333333333333
2 0.371150404214859 0.501224935054779 0.005208333333333333 0.008333333333333333
2 0.5573853254318237 0.7426534295082092 0.008854166666666666 0.013888888888888888
2 0.6435546875 0.6896617412567139 0.008854166666666666 0.013888888888888888
2 0.7172877192497253 0.6433303356170654 0.008854166666666666 0.013888888888888888
2 0.8392494320869446 0.5670922994613647 0.0067708333333333336 0.011111111111111112
2 0.8901993036270142 0.5357073545455933 0.0067708333333333336 0.011111111111111112
2 0.9362183809280396 0.506661593914032 0.0067708333333333336 0.011111111111111112
2 0.8867167830467224 0.44859394431114197 0.005208333333333333 0.008333333333333333
2 0.8145896792411804 0.4297926723957062 0.005208333333333333 0.008333333333333333
2 0.7479864954948425 0.41319769620895386 0.005208333333333333 0.008333333333333333
2 0.6105204224586487 0.4141685664653778 0.005208333333333333 0.008333333333333333
2 0.5586005449295044 0.43380212783813477 0.005208333333333333 0.008333333333333333
2 0.5018653869628906 0.4539366662502289 0.005208333333333333 0.008333333333333333
