1 0.6658695340156555 0.5938905477523804 0.019791666666666666 0.032407407407407406
4 0.6545568704605103 0.7045195698738098 0.022916666666666665 0.03796296296296296
3 0.6043798923492432 0.6557518839836121 0.021875 0.03611111111111111
0 0.593960702419281 0.6172425150871277 0.020833333333333332 0.03333333333333333
4 0.6057093143463135 0.577692985534668 0.01875 0.03148148148148148
3 0.5847675800323486 0.7032305002212524 0.0234375 0.03796296296296296
3 0.5040071606636047 0.50936359167099 0.016666666666666666 0.027777777777777776
3 0.4377230107784271 0.673128604888916 0.022395833333333334 0.037037037037037035
3 0.21532797813415527 0.4530240297317505 0.015625 0.025925925925925925
3 0.11566629260778427 0.4991001784801483 0.0171875 0.027777777777777776
2 0.701654851436615 0.7412033081054688 0.008333333333333333 0.012962962962962963
2 0.7761171460151672 0.6913613080978394 0.008333333333333333 0.012962962962962963
2 0.8421165347099304 0.6482791900634766 0.008333333333333333 0.012962962962962963
2 0.7969045639038086 0.5576061010360718 0.005208333333333333 0.008333333333333333
2 0.7160614728927612 0.5285758376121521 0.005208333333333333 0.008333333333333333
2 0.6430501341819763 0.5015978813171387 0.005208333333333333 0.008333333333333333
2 0.4595262110233307 0.7377990484237671 0.008854166666666666 0.013888888888888888
2 0.37433183193206787 0.6868664026260376 0.008854166666666666 0.013888888888888888
2 0.30057376623153687 0.641794741153717 0.008854166666666666 0.013888888888888888
2 0.17678673565387726 0.5665491223335266 0.0067708333333333336 0.011111111111111112
2 0.12440574169158936 0.5351729989051819 0.0067708333333333336 0.011111111111111112
2 0.07674647867679596 0.5059236884117126 0.0067708333333333336 0.011111111111111112
2 0.12768468260765076 0.4475911855697632 0.005208333333333333 0.008333333333333333
2 0.20173071324825287 0.4291027784347534 0.005208333333333333 0.008333333333333333
2 0.26959797739982605 0.4129241406917572 0.005208333333333333 0.008333333333333333
2 0.4080359637737274 0.41488566994667053 0.005208333333333333 0.008333333333333333
2 0.4596533179283142 0.4346741735935211 0.005208333333333333 0.008333333333333333
2 0.515650749206543 0.454839825630188 0.005208333333333333 0.008333333333333333
