1 0.28638553619384766 0.3593243956565857 0.0203125 0.03333333333333333
3 0.37877145409584045 0.6419901251792908 0.024479166666666666 0.03981481481481482
3 0.5100019574165344 0.4743798077106476 0.021875 0.03611111111111111
3 0.4107685089111328 0.263183057308197 0.01875 0.030555555555555555
3 0.5104570984840393 0.31903064250946045 0.019791666666666666 0.032407407407407406
3 0.6901822686195374 0.3417775332927704 0.0203125 0.032407407407407406
3 0.6537562012672424 0.5192109942436218 0.022395833333333334 0.03611111111111111
3 0.6624109745025635 0.5567667484283447 0.0234375 0.03611111111111111
0 0.707659125328064 0.539309561252594 0.0234375 0.037037037037037035
2 0.6320801377296448 0.743913471698761 0.008854166666666666 0.014814814814814815
2 0.4874251186847687 0.744202196598053 0.008854166666666666 0.014814814814814815
2 0.3433598279953003 0.7449451684951782 0.008854166666666666 0.014814814814814815
2 0.17945486307144165 0.6344010829925537 0.008333333333333333 0.012962962962962963
2 0.1933949738740921 0.5585517287254333 0.008333333333333333 0.012962962962962963
2 0.20655345916748047 0.4881453812122345 0.008333333333333333 0.012962962962962963
2 0.7947767972946167 0.6337276697158813 0.007291666666666667 0.012037037037037037
2 0.7802426218986511 0.5576784610748291 0.007291666666666667 0.012037037037037037
2 0.7672456502914429 0.4870951771736145 0.007291666666666667 0.012037037037037037
2 0.7435553073883057 0.36545172333717346 0.0078125 0.012962962962962963
2 0.7326051592826843 0.31302157044410706 0.0078125 0.012962962962962963
2 0.7239565253257751 0.2615191340446472 0.0078125 0.012962962962962963
2 0.22899380326271057 0.3663426637649536 0.00625 0.010185185185185186
2 0.23930034041404724 0.31358540058135986 0.00625 0.010185185185185186
2 0.2485809326171875 0.2626419961452484 0.00625 0.010185185185185186
2 0.5853742361068726 0.20419855415821075 0.005729166666666666 0.009259259259259259
2 0.4858550429344177 0.20523129403591156 0.005729166666666666 0.009259259259259259
2 0.38612186908721924 0.20400770008563995 0.005729166666666666 0.009259259259259259
