4 0.8304409384727478 0.5076724290847778 0.025520833333333333 0.04259259259259259
3 0.7209401726722717 0.537641704082489 0.024479166666666666 0.04259259259259259
4 0.6183054447174072 0.5217945575714111 0.024479166666666666 0.04259259259259259
3 0.5343934297561646 0.6362211108207703 0.023958333333333335 0.04259259259259259
0 0.42341357469558716 0.7059857845306396 0.0234375 0.040740740740740744
3 0.40193673968315125 0.6598085761070251 0.025 0.041666666666666664
4 0.4491764307022095 0.3676445186138153 0.024479166666666666 0.04259259259259259
1 0.29295989871025085 0.5299018621444702 0.024479166666666666 0.041666666666666664
4 0.2722664475440979 0.4247288405895233 0.025520833333333333 0.04351851851851852
4 0.25335437059402466 0.29702746868133545 0.025 0.04259259259259259
2 0.09085571020841599 0.68079674243927 0.007291666666666667 0.012962962962962963
2 0.0902821496129036 0.4987005591392517 0.007291666666666667 0.012962962962962963
2 0.08921025693416595 0.3201529383659363 0.007291666666666667 0.012962962962962963
2 0.21530909836292267 0.10576354712247849 0.007291666666666667 0.012962962962962963
2 0.3181666135787964 0.10922998934984207 0.007291666666666667 0.012962962962962963
2 0.4192463457584381 0.11220216006040573 0.007291666666666667 0.012962962962962963
2 0.6164869666099548 0.11671549826860428 0.007291666666666667 0.012962962962962963
2 0.7136934995651245 0.11873532086610794 0.007291666666666667 0.012962962962962963
2 0.8099892735481262 0.12158642709255219 0.007291666666666667 0.012962962962962963
2 0.9328510165214539 0.3315732181072235 0.007291666666666667 0.012962962962962963
2 0.9364506602287292 0.5014265775680542 0.007291666666666667 0.012962962962962963
2 0.9412558674812317 0.6728551983833313 0.007291666666666667 0.012962962962962963
2 0.8279016613960266 0.885765016078949 0.007291666666666667 0.012962962962962963
2 0.7296074628829956 0.8889719247817993 0.007291666666666667 0.012962962962962963
2 0.6317774653434753 0.8904328942298889 0.007291666666666667 0.012962962962962963
2 0.43154245615005493 0.8969724178314209 0.007291666666666667 0.012962962962962963
2 0.3290257453918457 0.8998725414276123 0.007291666666666667 0.012962962962962963
2 0.22443856298923492 0.9037294983863831 0.007291666666666667 0.012962962962962963
