4 0.811941921710968 0.5135670900344849 0.025520833333333333 0.04259259259259259
3 0.6962997317314148 0.5453212857246399 0.024479166666666666 0.04259259259259259
4 0.590711236000061 0.5303152203559875 0.024479166666666666 0.04259259259259259
3 0.502539336681366 0.6458563208580017 0.023958333333333335 0.04259259259259259
0 0.38947898149490356 0.7154426574707031 0.0234375 0.040740740740740744
3 0.36933740973472595 0.6694700121879578 0.025 0.041666666666666664
4 0.4236842393875122 0.3790314495563507 0.024479166666666666 0.04259259259259259
1 0.2656812369823456 0.5416319966316223 0.024479166666666666 0.041666666666666664
4 0.24835406243801117 0.43875694274902344 0.025520833333333333 0.04351851851851852
4 0.23343443870544434 0.31439048051834106 0.025 0.04259259259259259
2 0.06775616854429245 0.689708411693573 0.007291666666666667 0.012962962962962963
2 0.07227548956871033 0.513336718082428 0.007291666666666667 0.012962962962962963
2 0.07621140778064728 0.34100866317749023 0.007291666666666667 0.012962962962962963
2 0.2019077092409134 0.12974397838115692 0.007291666666666667 0.012962962962962963
2 0.30123525857925415 0.12891070544719696 0.007291666666666667 0.012962962962962963
2 0.40040263533592224 0.12765134871006012 0.007291666666666667 0.012962962962962963
2 0.5984917879104614 0.12385033816099167 0.007291666666666667 0.012962962962962963
2 0.6984022855758667 0.1217273399233818 0.007291666666666667 0.012962962962962963
2 0.7988890409469604 0.12045461684465408 0.007291666666666667 0.012962962962962963
2 0.9250184297561646 0.3307521641254425 0.007291666666666667 0.012962962962962963
2 0.9253002405166626 0.5058221817016602 0.007291666666666667 0.012962962962962963
2 0.9268511533737183 0.6832218170166016 0.007291666666666667 0.012962962962962963
2 0.8008561730384827 0.9022795557975769 0.007291666666666667 0.012962962962962963
2 0.697227418422699 0.9036955237388611 0.007291666666666667 0.012962962962962963
2 0.595725417137146 0.9033247232437134 0.007291666666666667 0.012962962962962963
2 0.39270421862602234 0.9061328172683716 0.007291666666666667 0.012962962962962963
2 0.29119765758514404 0.9070925116539001 0.007291666666666667 0.012962962962962963
2 0.1892569661140442 0.9089402556419373 0.007291666666666667 0.012962962962962963
