0 0.3232114017009735 0.3398739695549011 0.02054761904761905 0.03403809523809524
4 0.5035234689712524 0.6908234357833862 0.02707440476190476 0.045252380952380954
1 0.6258763074874878 0.7121396064758301 0.02755654761904762 0.03519523809523809
2 0.3587385416030884 0.747564971446991 0.00800297619047619 0.00660952380952381
2 0.5022515654563904 0.748019278049469 0.006839285714285714 0.007228571428571429
2 0.6456804275512695 0.7485722899436951 0.006583333333333333 0.007228571428571429
2 0.8101063370704651 0.64088374376297 0.006711309523809524 0.0063999999999999994
2 0.7961632013320923 0.5651378035545349 0.006839285714285714 0.00660952380952381
2 0.783435583114624 0.4966057538986206 0.007098214285714286 0.0068142857142857146
2 0.7608672380447388 0.3765472173690796 0.0061964285714285715 0.007228571428571429
2 0.7508940696716309 0.3236149251461029 0.006065476190476191 0.005371428571428571
2 0.741496741771698 0.2739848494529724 0.005032738095238095 0.006195238095238095
2 0.6036125421524048 0.21674412488937378 0.004904761904761905 0.00599047619047619
2 0.5046256184577942 0.21712705492973328 0.0059375 0.00599047619047619
2 0.4061166048049927 0.2176075577735901 0.0061964285714285715 0.005780952380952381
2 0.2697053551673889 0.2752094864845276 0.005550595238095237 0.005780952380952381
2 0.2595517039299011 0.32459959387779236 0.006583333333333333 0.004747619047619048
2 0.24927300214767456 0.37695279717445374 0.005291666666666667 0.004957142857142857
2 0.22577068209648132 0.49620920419692993 0.004904761904761905 0.005161904761904762
2 0.21254673600196838 0.5639009475708008 0.006583333333333333 0.005576190476190477
2 0.1980075091123581 0.6388123035430908 0.006583333333333333 0.007019047619047619
