0 0.6757944822311401 0.33913105726242065 0.02054761904761905 0.03403809523809524
4 0.4952055811882019 0.7010365724563599 0.02707440476190476 0.045252380952380954
1 0.3719891607761383 0.7225115895271301 0.02755654761904762 0.03519523809523809
2 0.6419326066970825 0.7602824568748474 0.00800297619047619 0.00660952380952381
2 0.49676313996315 0.7600687742233276 0.006839285714285714 0.007228571428571429
2 0.35222509503364563 0.7599580883979797 0.006583333333333333 0.007228571428571429
2 0.18677310645580292 0.6485069394111633 0.006711309523809524 0.0063999999999999994
2 0.20043785870075226 0.570733368396759 0.006839285714285714 0.00660952380952381
2 0.21291308104991913 0.5003708004951477 0.007098214285714286 0.0068142857142857146
2 0.23503810167312622 0.37711402773857117 0.0061964285714285715 0.007228571428571429
2 0.24481534957885742 0.32277488708496094 0.006065476190476191 0.005371428571428571
2 0.2540287673473358 0.27182736992836 0.005032738095238095 0.006195238095238095
2 0.3921782672405243 0.2127602994441986 0.004904761904761905 0.00599047619047619
2 0.49183404445648193 0.21291300654411316 0.0059375 0.00599047619047619
2 0.591266930103302 0.21316780149936676 0.0061964285714285715 0.005780952380952381
2 0.7296939492225647 0.2723047733306885 0.005550595238095237 0.005780952380952381
2 0.7402665019035339 0.3233017921447754 0.006583333333333333 0.004747619047619048
2 0.7509880661964417 0.37738892436027527 0.005291666666666667 0.004957142857142857
2 0.77552330493927 0.5007095336914062 0.004904761904761905 0.005161904761904762
2 0.7893456816673279 0.5707788467407227 0.006583333333333333 0.005576190476190477
2 0.8045572638511658 0.6483808159828186 0.006583333333333333 0.007019047619047619
