0 0.6786102056503296 0.3357759714126587 0.02054761904761905 0.03403809523809524
4 0.4946458041667938 0.6916801929473877 0.02707440476190476 0.045252380952380954
1 0.3707464337348938 0.714245080947876 0.02755654761904762 0.03519523809523809
2 0.6418062448501587 0.747229814529419 0.00800297619047619 0.00660952380952381
2 0.4959471523761749 0.7490084767341614 0.006839285714285714 0.007228571428571429
2 0.3507877290248871 0.7508777379989624 0.006583333333333333 0.007228571428571429
2 0.18480384349822998 0.6448572278022766 0.006711309523809524 0.0063999999999999994
2 0.1986166089773178 0.5689388513565063 0.006839285714285714 0.00660952380952381
2 0.21124841272830963 0.5001327395439148 0.007098214285714286 0.0068142857142857146
2 0.2337007075548172 0.37932220101356506 0.0061964285714285715 0.007228571428571429
2 0.24364319443702698 0.32594895362854004 0.006065476190476191 0.005371428571428571
2 0.25302377343177795 0.2758438289165497 0.005032738095238095 0.006195238095238095
2 0.39270302653312683 0.21581584215164185 0.004904761904761905 0.00599047619047619
2 0.4934278130531311 0.2145099639892578 0.0059375 0.00599047619047619
2 0.5939581394195557 0.21330732107162476 0.0061964285714285715 0.005780952380952381
2 0.7335379719734192 0.26941046118736267 0.005550595238095237 0.005780952380952381
2 0.7438503503799438 0.3193199038505554 0.006583333333333333 0.004747619047619048
2 0.7542783617973328 0.3721980154514313 0.005291666666666667 0.004957142857142857
2 0.7780975103378296 0.4925202429294586 0.004904761904761905 0.005161904761904762
2 0.7914827466011047 0.5607389211654663 0.006583333333333333 0.005576190476190477
2 0.8061849474906921 0.6361672878265381 0.006583333333333333 0.007019047619047619
