2 0.5838741660118103 0.19622163474559784 0.00394047619047619 0.0064428571428571425
2 0.6682511568069458 0.1968335509300232 0.0040267857142857145 0.006023809523809524
2 0.7525877356529236 0.1977919638156891 0.003851190476190476 0.006023809523809524
2 0.8608938455581665 0.3703249394893646 0.003675595238095238 0.006304761904761905
2 0.8607516288757324 0.5042202472686768 0.0040267857142857145 0.006304761904761905
2 0.8606507182121277 0.6381658911705017 0.00394047619047619 0.006023809523809524
2 0.7526403665542603 0.8077498078346252 0.003675595238095238 0.005880952380952381
2 0.6688381433486938 0.8076944351196289 0.003675595238095238 0.006023809523809524
2 0.5847731828689575 0.8076331615447998 0.003675595238095238 0.0064428571428571425
2 0.4174203872680664 0.807040274143219 0.0035 0.006023809523809524
2 0.333528071641922 0.8065668344497681 0.003675595238095238 0.0064428571428571425
2 0.2495909184217453 0.8057504892349243 0.0037648809523809523 0.005880952380952381
2 0.14120127260684967 0.6349193453788757 0.0035892857142857146 0.0064428571428571425
2 0.14036443829536438 0.5010997653007507 0.0037648809523809523 0.0064428571428571425
2 0.13974572718143463 0.36713430285453796 0.003675595238095238 0.007142857142857143
2 0.2466663122177124 0.19528864324092865 0.0040267857142857145 0.0064428571428571425
2 0.3308272659778595 0.19528110325336456 0.003851190476190476 0.006161904761904762
2 0.415377676486969 0.19555184245109558 0.0035892857142857146 0.006723809523809523
0 0.6562443971633911 0.7267804741859436 0.013889880952380952 0.02261904761904762
4 0.20741504430770874 0.49965420365333557 0.016616071428571428 0.024604761904761907
1 0.17956869304180145 0.38347917795181274 0.01636904761904762 0.025395238095238096
