2 0.4147510826587677 0.204315647482872 0.00394047619047619 0.0064428571428571425
2 0.3307816982269287 0.20539924502372742 0.0040267857142857145 0.006023809523809524
2 0.2471436709165573 0.20682132244110107 0.003851190476190476 0.006023809523809524
2 0.13986444473266602 0.37742191553115845 0.003675595238095238 0.006304761904761905
2 0.13977302610874176 0.5091221332550049 0.0040267857142857145 0.006304761904761905
2 0.13964113593101501 0.6406753659248352 0.00394047619047619 0.006023809523809524
2 0.24567174911499023 0.8076747059822083 0.003675595238095238 0.005880952380952381
2 0.32848986983299255 0.8081862330436707 0.003675595238095238 0.006023809523809524
2 0.41185465455055237 0.8086954355239868 0.003675595238095238 0.0064428571428571425
2 0.5786774158477783 0.8092488646507263 0.0035 0.006023809523809524
2 0.6627398729324341 0.809353232383728 0.003675595238095238 0.0064428571428571425
2 0.7471420168876648 0.8091182112693787 0.0037648809523809523 0.005880952380952381
2 0.8575556874275208 0.6398602724075317 0.0035892857142857146 0.0064428571428571425
2 0.8591833114624023 0.5064612627029419 0.0037648809523809523 0.0064428571428571425
2 0.8605930805206299 0.37270960211753845 0.003675595238095238 0.007142857142857143
2 0.7532699108123779 0.20145796239376068 0.0040267857142857145 0.0064428571428571425
2 0.6683387160301208 0.20193521678447723 0.003851190476190476 0.006161904761904762
2 0.5833117365837097 0.20269006490707397 0.0035892857142857146 0.006723809523809523
0 0.34119170904159546 0.7286438345909119 0.013889880952380952 0.02261904761904762
4 0.7913231253623962 0.5049827694892883 0.016616071428571428 0.024604761904761907
1 0.8201377391815186 0.38911381363868713 0.01636904761904762 0.025395238095238096
