2 0.5908430814743042 0.21261300146579742 0.00394047619047619 0.0064428571428571425
2 0.6741872429847717 0.213326096534729 0.0040267857142857145 0.006023809523809524
2 0.7570465207099915 0.214369997382164 0.003851190476190476 0.006023809523809524
2 0.8608421683311462 0.3805423378944397 0.003675595238095238 0.006304761904761905
2 0.8591633439064026 0.5093202590942383 0.0040267857142857145 0.006304761904761905
2 0.8575248122215271 0.638088047504425 0.00394047619047619 0.006023809523809524
2 0.7501688599586487 0.8028687238693237 0.003675595238095238 0.005880952380952381
2 0.6678944826126099 0.8042498826980591 0.003675595238095238 0.006023809523809524
2 0.5849257111549377 0.8056370615959167 0.003675595238095238 0.0064428571428571425
2 0.41844508051872253 0.8079620003700256 0.0035 0.006023809523809524
2 0.3343259394168854 0.8089646100997925 0.003675595238095238 0.0064428571428571425
2 0.24971561133861542 0.8096376061439514 0.0037648809523809523 0.005880952380952381
2 0.14156828820705414 0.6436347961425781 0.0035892857142857146 0.0064428571428571425
2 0.1421225368976593 0.5120376944541931 0.0037648809523809523 0.0064428571428571425
2 0.1429007351398468 0.38022738695144653 0.003675595238095238 0.007142857142857143
2 0.25326886773109436 0.2112092673778534 0.0040267857142857145 0.0064428571428571425
2 0.33820176124572754 0.21132713556289673 0.003851190476190476 0.006161904761904762
2 0.42306816577911377 0.21171659231185913 0.0035892857142857146 0.006723809523809523
0 0.6564006805419922 0.7262336015701294 0.013889880952380952 0.02261904761904762
4 0.21027134358882904 0.5100754499435425 0.016616071428571428 0.024604761904761907
1 0.18323850631713867 0.39613738656044006 0.01636904761904762 0.025395238095238096
