2 0.4199763238430023 0.19472220540046692 0.00394047619047619 0.0064428571428571425
2 0.3356821835041046 0.19460810720920563 0.0040267857142857145 0.006023809523809524
2 0.25135141611099243 0.19484087824821472 0.003851190476190476 0.006023809523809524
2 0.14271801710128784 0.3667128086090088 0.003675595238095238 0.006304761904761905
2 0.1426868587732315 0.5009700059890747 0.0040267857142857145 0.006304761904761905
2 0.14261426031589508 0.6354084610939026 0.00394047619047619 0.006023809523809524
2 0.25074905157089233 0.806381106376648 0.003675595238095238 0.005880952380952381
2 0.3347320556640625 0.8067727088928223 0.003675595238095238 0.006023809523809524
2 0.41890236735343933 0.8071593046188354 0.003675595238095238 0.0064428571428571425
2 0.5862385630607605 0.8074555993080139 0.0035 0.006023809523809524
2 0.6700090169906616 0.8074272274971008 0.003675595238095238 0.0064428571428571425
2 0.7537482976913452 0.8070555329322815 0.0037648809523809523 0.005880952380952381
2 0.8615455031394958 0.6366450786590576 0.0035892857142857146 0.0064428571428571425
2 0.8622012734413147 0.5028579235076904 0.0037648809523809523 0.0064428571428571425
2 0.862639307975769 0.3690547049045563 0.003675595238095238 0.007142857142857143
2 0.7560909986495972 0.19668608903884888 0.0040267857142857145 0.0064428571428571425
2 0.6723166108131409 0.19595666229724884 0.003851190476190476 0.006161904761904762
2 0.5880786180496216 0.19550111889839172 0.0035892857142857146 0.006723809523809523
0 0.34739091992378235 0.7256011962890625 0.013889880952380952 0.02261904761904762
4 0.7954649925231934 0.5009473562240601 0.016616071428571428 0.024604761904761907
1 0.8230485916137695 0.3850719928741455 0.01636904761904762 0.025395238095238096
