2 0.4205970764160156 0.19571785628795624 0.00394047619047619 0.0064428571428571425
2 0.33718058466911316 0.19605743885040283 0.0040267857142857145 0.006023809523809524
2 0.2536458969116211 0.19674022495746613 0.003851190476190476 0.006023809523809524
2 0.1456466168165207 0.36761483550071716 0.003675595238095238 0.006304761904761905
2 0.1454038918018341 0.5011534094810486 0.0040267857142857145 0.006304761904761905
2 0.14511872828006744 0.6353291869163513 0.00394047619047619 0.006023809523809524
2 0.25291743874549866 0.8056573271751404 0.003675595238095238 0.005880952380952381
2 0.33675602078437805 0.8052948713302612 0.003675595238095238 0.006023809523809524
2 0.42069944739341736 0.8049261569976807 0.003675595238095238 0.0064428571428571425
2 0.5873387455940247 0.8037212491035461 0.0035 0.006023809523809524
2 0.6706370115280151 0.8029420375823975 0.003675595238095238 0.0064428571428571425
2 0.7538203001022339 0.8018203377723694 0.0037648809523809523 0.005880952380952381
2 0.8595102429389954 0.6308457851409912 0.0035892857142857146 0.0064428571428571425
2 0.8591617345809937 0.4978805184364319 0.0037648809523809523 0.0064428571428571425
2 0.8585995435714722 0.36535048484802246 0.003675595238095238 0.007142857142857143
2 0.7524101734161377 0.19585368037223816 0.0040267857142857145 0.0064428571428571425
2 0.6698266267776489 0.19558338820934296 0.003851190476190476 0.006161904761904762
2 0.5867074728012085 0.19558539986610413 0.0035892857142857146 0.006723809523809523
0 0.34930405020713806 0.7238594889640808 0.013889880952380952 0.02261904761904762
4 0.7931988835334778 0.49646055698394775 0.016616071428571428 0.024604761904761907
1 0.8196583986282349 0.3814465403556824 0.01636904761904762 0.025395238095238096
