2 0.5775778889656067 0.20138229429721832 0.00394047619047619 0.0064428571428571425
2 0.6621803641319275 0.20090343058109283 0.0040267857142857145 0.006023809523809524
2 0.7468878626823425 0.20077425241470337 0.003851190476190476 0.006023809523809524
2 0.8555817604064941 0.3736047148704529 0.003675595238095238 0.006304761904761905
2 0.8552029728889465 0.5085326433181763 0.0040267857142857145 0.006304761904761905
2 0.8548661470413208 0.6432538032531738 0.00394047619047619 0.006023809523809524
2 0.746338963508606 0.8141729831695557 0.003675595238095238 0.005880952380952381
2 0.6625312566757202 0.8146767020225525 0.003675595238095238 0.006023809523809524
2 0.5786048173904419 0.8151752352714539 0.003675595238095238 0.0064428571428571425
2 0.41195547580718994 0.8156954050064087 0.0035 0.006023809523809524
2 0.32862889766693115 0.8157798051834106 0.003675595238095238 0.0064428571428571425
2 0.24539874494075775 0.8155226707458496 0.0037648809523809523 0.005880952380952381
2 0.1375690996646881 0.6460469365119934 0.0035892857142857146 0.0064428571428571425
2 0.13629630208015442 0.5124484896659851 0.0037648809523809523 0.0064428571428571425
2 0.13523682951927185 0.3784513771533966 0.003675595238095238 0.007142857142857143
2 0.24092349410057068 0.2048075646162033 0.0040267857142857145 0.0064428571428571425
2 0.3247286081314087 0.20371313393115997 0.003851190476190476 0.006161904761904762
2 0.40906742215156555 0.20289187133312225 0.0035892857142857146 0.006723809523809523
0 0.6499732732772827 0.7337754368782043 0.013889880952380952 0.02261904761904762
4 0.2027595192193985 0.5103504061698914 0.016616071428571428 0.024604761904761907
1 0.17478907108306885 0.3943788409233093 0.01636904761904762 0.025395238095238096
