4 0.7125040292739868 0.4174063205718994 0.0203125 0.032407407407407406
4 0.6768884062767029 0.3354124128818512 0.019791666666666666 0.032407407407407406
3 0.5826003551483154 0.28034359216690063 0.01875 0.03148148148148148
3 0.48484501242637634 0.3347502052783966 0.019791666666666666 0.032407407407407406
1 0.37375858426094055 0.331074059009552 0.019270833333333334 0.032407407407407406
3 0.3058878779411316 0.3532593846321106 0.019791666666666666 0.030555555555555555
4 0.3470589816570282 0.38178062438964844 0.0203125 0.03425925925925926
4 0.5463294386863708 0.5083987712860107 0.022395833333333334 0.037037037037037035
3 0.48521888256073 0.4911637008190155 0.021354166666666667 0.037037037037037035
3 0.34117698669433594 0.5338061451911926 0.022916666666666665 0.03796296296296296
0 0.28737887740135193 0.551076352596283 0.0234375 0.03518518518518519
3 0.33202144503593445 0.5709224939346313 0.0234375 0.03611111111111111
4 0.4660913348197937 0.6126030683517456 0.022916666666666665 0.037037037037037035
3 0.6117018461227417 0.6586304903030396 0.024479166666666666 0.03981481481481482
4 0.32740652561187744 0.7194624543190002 0.025 0.037037037037037035
2 0.36174631118774414 0.7577882409095764 0.008854166666666666 0.014814814814814815
2 0.5036669373512268 0.7590896487236023 0.008854166666666666 0.014814814814814815
2 0.6469042301177979 0.7599366903305054 0.008854166666666666 0.014814814814814815
2 0.8071486949920654 0.6537954211235046 0.008854166666666666 0.013888888888888888
2 0.7941750288009644 0.5773804187774658 0.008854166666666666 0.013888888888888888
2 0.7811944484710693 0.5068532824516296 0.008854166666666666 0.013888888888888888
2 0.19904270768165588 0.6460239887237549 0.008854166666666666 0.013888888888888888
2 0.2140047550201416 0.5687107443809509 0.008854166666666666 0.013888888888888888
2 0.2288697510957718 0.49973443150520325 0.008854166666666666 0.013888888888888888
2 0.252528578042984 0.37841618061065674 0.0078125 0.012962962962962963
2 0.2641560435295105 0.3237861096858978 0.0078125 0.012962962962962963
2 0.27343636751174927 0.27462926506996155 0.0078125 0.012962962962962963
2 0.7604175209999084 0.3865887522697449 0.007291666666666667 0.012037037037037037
2 0.7501412630081177 0.3332209289073944 0.007291666666666667 0.012037037037037037
2 0.7415931224822998 0.2852666974067688 0.007291666666666667 0.012037037037037037
2 0.41140392422676086 0.21895566582679749 0.00625 0.010185185185185186
2 0.5098787546157837 0.22137872874736786 0.00625 0.010185185185185186
2 0.6071546673774719 0.22243547439575195 0.00625 0.010185185185185186
