3 0.2968258559703827 0.4985280930995941 0.022916666666666665 0.037037037037037035
3 0.48821955919265747 0.3627611994743347 0.019791666666666666 0.032407407407407406
4 0.4928440451622009 0.334886372089386 0.019270833333333334 0.032407407407407406
3 0.5216475129127502 0.2553541362285614 0.01875 0.030555555555555555
1 0.5734776258468628 0.2887621521949768 0.019270833333333334 0.03148148148148148
3 0.5967236757278442 0.2701997458934784 0.01875 0.03148148148148148
3 0.5295654535293579 0.3693026602268219 0.019791666666666666 0.032407407407407406
3 0.541412889957428 0.43969225883483887 0.021875 0.03518518518518519
4 0.5563039183616638 0.5582101941108704 0.0234375 0.03888888888888889
0 0.6516050696372986 0.5059703588485718 0.022395833333333334 0.037037037037037035
3 0.7185450792312622 0.45342910289764404 0.021875 0.03518518518518519
2 0.6451871395111084 0.7373253107070923 0.0078125 0.012962962962962963
2 0.4995523691177368 0.7339804768562317 0.0078125 0.012962962962962963
2 0.3574763536453247 0.731167733669281 0.0078125 0.012962962962962963
2 0.8117824792861938 0.6306837797164917 0.007291666666666667 0.012037037037037037
2 0.7958524227142334 0.5537759065628052 0.007291666666666667 0.012037037037037037
2 0.7820898294448853 0.4839707016944885 0.007291666666666667 0.012037037037037037
2 0.1978018432855606 0.6219514608383179 0.008333333333333333 0.012962962962962963
2 0.2119174301624298 0.5473828315734863 0.008333333333333333 0.012962962962962963
2 0.22374051809310913 0.48076605796813965 0.008333333333333333 0.012962962962962963
2 0.7576053142547607 0.36352717876434326 0.0067708333333333336 0.011111111111111112
2 0.747376561164856 0.3096432685852051 0.0067708333333333336 0.011111111111111112
2 0.7374419569969177 0.26037704944610596 0.0067708333333333336 0.011111111111111112
2 0.24726708233356476 0.360871285200119 0.00625 0.010185185185185186
2 0.257228285074234 0.31017187237739563 0.00625 0.010185185185185186
2 0.2664327621459961 0.26081582903862 0.00625 0.010185185185185186
2 0.597534716129303 0.2027636617422104 0.005729166666666666 0.009259259259259259
2 0.4989663064479828 0.203647643327713 0.005729166666666666 0.009259259259259259
2 0.40108999609947205 0.20452314615249634 0.005729166666666666 0.009259259259259259
