3 0.3035762906074524 0.5113880038261414 0.022916666666666665 0.037037037037037035
3 0.4952808916568756 0.3821110427379608 0.019791666666666666 0.032407407407407406
4 0.4994976222515106 0.35480454564094543 0.019270833333333334 0.032407407407407406
3 0.5274593234062195 0.27689114212989807 0.01875 0.030555555555555555
1 0.580371618270874 0.31129688024520874 0.019270833333333334 0.03148148148148148
3 0.6035969853401184 0.29357588291168213 0.01875 0.03148148148148148
3 0.5371538996696472 0.389419287443161 0.019791666666666666 0.032407407407407406
3 0.5500533580780029 0.4582744240760803 0.021875 0.03518518518518519
4 0.5664768218994141 0.5727163553237915 0.0234375 0.03888888888888889
0 0.6604639887809753 0.5240065455436707 0.022395833333333334 0.037037037037037035
3 0.7262638211250305 0.47466278076171875 0.021875 0.03518518518518519
2 0.6558380126953125 0.7427580952644348 0.0078125 0.012962962962962963
2 0.5126458406448364 0.7389397621154785 0.0078125 0.012962962962962963
2 0.3710334002971649 0.7355896830558777 0.0078125 0.012962962962962963
2 0.8174327611923218 0.644129753112793 0.007291666666666667 0.012037037037037037
2 0.8020845651626587 0.5715073347091675 0.007291666666666667 0.012037037037037037
2 0.7886985540390015 0.5049582123756409 0.007291666666666667 0.012037037037037037
2 0.20601272583007812 0.629932165145874 0.008333333333333333 0.012962962962962963
2 0.21800938248634338 0.5577647686004639 0.008333333333333333 0.012962962962962963
2 0.22799009084701538 0.49282926321029663 0.008333333333333333 0.012962962962962963
2 0.7645803689956665 0.38865986466407776 0.0067708333333333336 0.011111111111111112
2 0.7543825507164001 0.336037814617157 0.0067708333333333336 0.011111111111111112
2 0.7444149851799011 0.28757843375205994 0.0067708333333333336 0.011111111111111112
2 0.24845097959041595 0.37491244077682495 0.00625 0.010185185185185186
2 0.2571895718574524 0.32462772727012634 0.00625 0.010185185185185186
2 0.26522618532180786 0.2754184305667877 0.00625 0.010185185185185186
2 0.6036995053291321 0.22676070034503937 0.005729166666666666 0.009259259259259259
2 0.5035437941551208 0.22474119067192078 0.005729166666666666 0.009259259259259259
2 0.4031628370285034 0.2227148711681366 0.005729166666666666 0.009259259259259259
