3 0.29107266664505005 0.5191367268562317 0.022916666666666665 0.037037037037037035
3 0.48325836658477783 0.3780495524406433 0.019791666666666666 0.032407407407407406
4 0.4877642095088959 0.34972670674324036 0.019270833333333334 0.032407407407407406
3 0.5163763165473938 0.2685016989707947 0.01875 0.030555555555555555
1 0.568600058555603 0.30166152119636536 0.019270833333333334 0.03148148148148148
3 0.5918594598770142 0.28248330950737 0.01875 0.03148148148148148
3 0.5248358249664307 0.3839397430419922 0.019791666666666666 0.032407407407407406
3 0.5369992852210999 0.4547414481639862 0.021875 0.03518518518518519
4 0.5523181557655334 0.5733726620674133 0.0234375 0.03888888888888889
0 0.6470334529876709 0.5190045237541199 0.022395833333333334 0.037037037037037035
3 0.713424801826477 0.46503883600234985 0.021875 0.03518518518518519
2 0.6409356594085693 0.7492421865463257 0.0078125 0.012962962962962963
2 0.4965187609195709 0.7499660849571228 0.0078125 0.012962962962962963
2 0.35446980595588684 0.7511269450187683 0.0078125 0.012962962962962963
2 0.8050127029418945 0.6394157409667969 0.007291666666666667 0.012037037037037037
2 0.7895826101303101 0.563513994216919 0.007291666666666667 0.012037037037037037
2 0.7761989831924438 0.4942854046821594 0.007291666666666667 0.012037037037037037
2 0.19205696880817413 0.6459574699401855 0.008333333333333333 0.012962962962962963
2 0.205441415309906 0.5704026818275452 0.008333333333333333 0.012962962962962963
2 0.21663284301757812 0.502720296382904 0.008333333333333333 0.012962962962962963
2 0.7522355318069458 0.37412887811660767 0.0067708333333333336 0.011111111111111112
2 0.7421751022338867 0.320062518119812 0.0067708333333333336 0.011111111111111112
2 0.7323674559593201 0.27047669887542725 0.0067708333333333336 0.011111111111111112
2 0.23914839327335358 0.3803792893886566 0.00625 0.010185185185185186
2 0.24871641397476196 0.3284599781036377 0.00625 0.010185185185185186
2 0.2575471103191376 0.2778174579143524 0.00625 0.010185185185185186
2 0.5925047397613525 0.21394190192222595 0.005729166666666666 0.009259259259259259
2 0.493255615234375 0.21612071990966797 0.005729166666666666 0.009259259259259259
2 0.3941561281681061 0.2182939499616623 0.005729166666666666 0.009259259259259259
