3 0.6983791589736938 0.5449579954147339 0.022916666666666665 0.037037037037037035
3 0.5105436444282532 0.41084861755371094 0.019791666666666666 0.032407407407407406
4 0.5060055255889893 0.38361984491348267 0.019270833333333334 0.032407407407407406
3 0.47767558693885803 0.3055873215198517 0.01875 0.030555555555555555
1 0.4269458055496216 0.33798515796661377 0.019270833333333334 0.03148148148148148
3 0.4041568636894226 0.31969520449638367 0.01875 0.03148148148148148
3 0.47006547451019287 0.41685348749160767 0.019791666666666666 0.032407407407407406
3 0.4586157500743866 0.4850326478481293 0.021875 0.03518518518518519
4 0.4443877935409546 0.5990234613418579 0.0234375 0.03888888888888889
0 0.3519469201564789 0.5476067662239075 0.022395833333333334 0.037037037037037035
3 0.2870029807090759 0.496322363615036 0.021875 0.03518518518518519
2 0.35938507318496704 0.768022894859314 0.0078125 0.012962962962962963
2 0.49958160519599915 0.7676608562469482 0.0078125 0.012962962962962963
2 0.6375654935836792 0.7677338123321533 0.0078125 0.012962962962962963
2 0.19933505356311798 0.6642106175422668 0.007291666666666667 0.012037037037037037
2 0.2137158215045929 0.5913955569267273 0.007291666666666667 0.012037037037037037
2 0.2261800765991211 0.5248947739601135 0.007291666666666667 0.012037037037037037
2 0.7951618432998657 0.6658604741096497 0.008333333333333333 0.012962962962962963
2 0.7819347381591797 0.5935083627700806 0.008333333333333333 0.012962962962962963
2 0.7708489298820496 0.5286067128181458 0.008333333333333333 0.012962962962962963
2 0.24856756627559662 0.40925586223602295 0.0067708333333333336 0.011111111111111112
2 0.25795474648475647 0.3571406602859497 0.0067708333333333336 0.011111111111111112
2 0.26713863015174866 0.30929166078567505 0.0067708333333333336 0.011111111111111112
2 0.7485465407371521 0.41111278533935547 0.00625 0.010185185185185186
2 0.7390547394752502 0.3611738383769989 0.00625 0.010185185185185186
2 0.7302780747413635 0.31241467595100403 0.00625 0.010185185185185186
2 0.40310540795326233 0.2535930871963501 0.005729166666666666 0.009259259259259259
2 0.4999498426914215 0.2548566162586212 0.005729166666666666 0.009259259259259259
2 0.5966862440109253 0.2561165392398834 0.005729166666666666 0.009259259259259259
