4 0.8569361567497253 0.586997389793396 0.022395833333333334 0.03796296296296296
3 0.8219634294509888 0.5436223149299622 0.021875 0.03518518518518519
4 0.6957277655601501 0.5496944189071655 0.021875 0.03518518518518519
4 0.6211477518081665 0.6229543685913086 0.023958333333333335 0.03888888888888889
0 0.581597626209259 0.5020845532417297 0.0203125 0.03425925925925926
4 0.369827002286911 0.3420637547969818 0.016145833333333335 0.026851851851851852
3 0.35530969500541687 0.30628693103790283 0.015104166666666667 0.025
3 0.23906554281711578 0.33712467551231384 0.016145833333333335 0.026851851851851852
4 0.3926914930343628 0.5428358912467957 0.021354166666666667 0.03425925925925926
3 0.35061949491500854 0.5794471502304077 0.022395833333333334 0.03611111111111111
3 0.3480633497238159 0.5378674864768982 0.021354166666666667 0.03611111111111111
4 0.311151921749115 0.541114866733551 0.020833333333333332 0.037037037037037035
4 0.30752354860305786 0.522819995880127 0.0203125 0.025
3 0.2833232879638672 0.5100243091583252 0.020833333333333332 0.03425925925925926
3 0.2317146360874176 0.46788543462753296 0.019270833333333334 0.03148148148148148
1 0.09135797619819641 0.3776944577693939 0.017708333333333333 0.026851851851851852
2 0.7009760737419128 0.7595421075820923 0.008333333333333333 0.012962962962962963
2 0.800233781337738 0.6993219256401062 0.008333333333333333 0.012962962962962963
2 0.8869493007659912 0.6461121439933777 0.008333333333333333 0.012962962962962963
2 0.4328201115131378 0.7355735898017883 0.007291666666666667 0.012037037037037037
2 0.35287439823150635 0.6611738204956055 0.007291666666666667 0.012037037037037037
2 0.28353241086006165 0.596966564655304 0.007291666666666667 0.012037037037037037
2 0.0803428441286087 0.40713295340538025 0.005729166666666666 0.009259259259259259
2 0.12366579473018646 0.44626882672309875 0.005729166666666666 0.009259259259259259
2 0.1708201915025711 0.49128565192222595 0.005729166666666666 0.009259259259259259
2 0.8572079539299011 0.5186868906021118 0.0067708333333333336 0.011111111111111112
2 0.7709299325942993 0.472959965467453 0.0067708333333333336 0.011111111111111112
2 0.6940357685089111 0.4311496615409851 0.0067708333333333336 0.011111111111111112
2 0.5626024007797241 0.36082208156585693 0.004166666666666667 0.007407407407407408
2 0.5056222677230835 0.33054912090301514 0.004166666666666667 0.007407407407407408
2 0.452892005443573 0.3024989068508148 0.004166666666666667 0.007407407407407408
2 0.14617928862571716 0.3322691321372986 0.005729166666666666 0.009259259259259259
2 0.22810085117816925 0.31137165427207947 0.005729166666666666 0.009259259259259259
2 0.3035234212875366 0.2923488914966583 0.005729166666666666 0.009259259259259259
