4 0.15881653130054474 0.5906426310539246 0.022395833333333334 0.03796296296296296
3 0.19418741762638092 0.5465314984321594 0.021875 0.03518518518518519
4 0.3204987347126007 0.5494152307510376 0.021875 0.03518518518518519
4 0.3944321274757385 0.6199959516525269 0.023958333333333335 0.03888888888888889
0 0.4338440001010895 0.49961259961128235 0.0203125 0.03425925925925926
4 0.6416156888008118 0.33829042315483093 0.016145833333333335 0.026851851851851852
3 0.6557456851005554 0.30311867594718933 0.015104166666666667 0.025
3 0.7681663036346436 0.331251323223114 0.016145833333333335 0.026851851851851852
4 0.6191922426223755 0.5352209210395813 0.021354166666666667 0.03425925925925926
3 0.6601331233978271 0.57004714012146 0.022395833333333334 0.03611111111111111
3 0.6626432538032532 0.5292825102806091 0.021354166666666667 0.03611111111111111
4 0.6984735131263733 0.5315750241279602 0.020833333333333332 0.037037037037037035
4 0.701996922492981 0.5136120915412903 0.0203125 0.025
3 0.725432813167572 0.5005586743354797 0.020833333333333332 0.03425925925925926
3 0.7752638459205627 0.4583406150341034 0.019270833333333334 0.03148148148148148
1 0.9097687602043152 0.3680267930030823 0.017708333333333333 0.026851851851851852
2 0.31466343998908997 0.7578087449073792 0.008333333333333333 0.012962962962962963
2 0.2154615968465805 0.7009972929954529 0.008333333333333333 0.012962962962962963
2 0.12828414142131805 0.650472104549408 0.008333333333333333 0.012962962962962963
2 0.5797894597053528 0.7256159782409668 0.007291666666666667 0.012037037037037037
2 0.6578892469406128 0.6501793265342712 0.007291666666666667 0.012037037037037037
2 0.7252143025398254 0.5854668021202087 0.007291666666666667 0.012037037037037037
2 0.9203014373779297 0.39631274342536926 0.005729166666666666 0.009259259259259259
2 0.8789767026901245 0.43508076667785645 0.005729166666666666 0.009259259259259259
2 0.8338326811790466 0.47978475689888 0.005729166666666666 0.009259259259259259
2 0.15881118178367615 0.5225654244422913 0.0067708333333333336 0.011111111111111112
2 0.24563217163085938 0.47509223222732544 0.0067708333333333336 0.011111111111111112
2 0.3225201964378357 0.432006299495697 0.0067708333333333336 0.011111111111111112
2 0.45287513732910156 0.3600772023200989 0.004166666666666667 0.007407407407407408
2 0.5089744329452515 0.3293338418006897 0.004166666666666667 0.007407407407407408
2 0.5606691837310791 0.3009697496891022 0.004166666666666667 0.007407407407407408
2 0.8573547601699829 0.32498490810394287 0.005729166666666666 0.009259259259259259
2 0.7787209153175354 0.3060406446456909 0.005729166666666666 0.009259259259259259
2 0.705944836139679 0.2887188792228699 0.005729166666666666 0.009259259259259259
