3 0.7036766409873962 0.39675068855285645 0.0203125 0.02962962962962963
4 0.7058184146881104 0.42067915201187134 0.020833333333333332 0.03333333333333333
3 0.5111538767814636 0.3885863125324249 0.0203125 0.032407407407407406
4 0.5067617297172546 0.3610551357269287 0.019791666666666666 0.032407407407407406
3 0.47061142325401306 0.394974946975708 0.019791666666666666 0.03333333333333333
3 0.40639153122901917 0.29327186942100525 0.019270833333333334 0.030555555555555555
4 0.3707536458969116 0.3019765615463257 0.01875 0.03148148148148148
1 0.40604671835899353 0.4429754316806793 0.021875 0.03518518518518519
3 0.4581698477268219 0.4637555480003357 0.021875 0.03425925925925926
3 0.6983157992362976 0.530100405216217 0.022395833333333334 0.037037037037037035
4 0.4422336518764496 0.5813043713569641 0.0234375 0.03888888888888889
0 0.3511279821395874 0.5255197882652283 0.022916666666666665 0.03518518518518519
3 0.2876441180706024 0.4732198715209961 0.021354166666666667 0.03611111111111111
2 0.3543063700199127 0.7526386976242065 0.010416666666666666 0.016666666666666666
2 0.4941898584365845 0.7558691501617432 0.010416666666666666 0.016666666666666666
2 0.6337796449661255 0.7599719166755676 0.010416666666666666 0.016666666666666666
2 0.7937790751457214 0.6550518274307251 0.0078125 0.012037037037037037
2 0.7820190191268921 0.5822214484214783 0.0078125 0.012037037037037037
2 0.7704129815101624 0.5141192078590393 0.0078125 0.012037037037037037
2 0.19769230484962463 0.6432143449783325 0.0078125 0.012037037037037037
2 0.21266813576221466 0.5690358877182007 0.0078125 0.012037037037037037
2 0.22687432169914246 0.5008941888809204 0.0078125 0.012037037037037037
2 0.2502185106277466 0.38367652893066406 0.00625 0.009259259259259259
2 0.26112645864486694 0.32980823516845703 0.00625 0.009259259259259259
2 0.27075353264808655 0.28161919116973877 0.00625 0.009259259259259259
2 0.7503824234008789 0.39356693625450134 0.00625 0.010185185185185186
2 0.7412216067314148 0.3411506116390228 0.00625 0.010185185185185186
2 0.7329785227775574 0.2931203544139862 0.00625 0.010185185185185186
2 0.4058437645435333 0.2275388389825821 0.005729166666666666 0.009259259259259259
2 0.5023486018180847 0.229203462600708 0.005729166666666666 0.009259259259259259
2 0.5995900630950928 0.23043641448020935 0.005729166666666666 0.009259259259259259
