4 0.18897844851016998 0.436967670917511 0.016145833333333335 0.025
4 0.2621617615222931 0.6270511150360107 0.015104166666666667 0.025925925925925925
4 0.33038800954818726 0.5578794479370117 0.015104166666666667 0.025
3 0.39964255690574646 0.276254802942276 0.014583333333333334 0.023148148148148147
1 0.4071049988269806 0.39946290850639343 0.015625 0.025
0 0.3948668837547302 0.6613478064537048 0.015104166666666667 0.024074074074074074
3 0.4624174237251282 0.7397346496582031 0.0140625 0.024074074074074074
3 0.4737617075443268 0.5208258032798767 0.015104166666666667 0.024074074074074074
4 0.5477705597877502 0.2511938810348511 0.0140625 0.023148148148148147
3 0.5811529755592346 0.25115445256233215 0.015625 0.025925925925925925
4 0.5797232985496521 0.4442106783390045 0.015104166666666667 0.025925925925925925
3 0.590260922908783 0.4844878613948822 0.014583333333333334 0.023148148148148147
3 0.5791206359863281 0.5334998965263367 0.015104166666666667 0.024074074074074074
4 0.6338866353034973 0.49019718170166016 0.015625 0.025
4 0.7243152260780334 0.6665375828742981 0.016145833333333335 0.025
3 0.7414882779121399 0.6215271949768066 0.015625 0.024074074074074074
2 0.8510792255401611 0.6308512091636658 0.007291666666666667 0.012037037037037037
2 0.8507754802703857 0.4974246621131897 0.007291666666666667 0.012037037037037037
2 0.8502209782600403 0.36475834250450134 0.007291666666666667 0.012037037037037037
2 0.13676688075065613 0.6332666277885437 0.007291666666666667 0.011111111111111112
2 0.13677635788917542 0.500016987323761 0.007291666666666667 0.011111111111111112
2 0.13704541325569153 0.3661634027957916 0.007291666666666667 0.011111111111111112
2 0.7451217770576477 0.7994929552078247 0.00625 0.010185185185185186
2 0.6611757278442383 0.8010784387588501 0.00625 0.010185185185185186
2 0.5785860419273376 0.8017434477806091 0.00625 0.010185185185185186
2 0.4126373827457428 0.8030797243118286 0.007291666666666667 0.012037037037037037
2 0.3282460570335388 0.8037593364715576 0.007291666666666667 0.012037037037037037
2 0.2447109818458557 0.8030591607093811 0.007291666666666667 0.012037037037037037
2 0.7446759343147278 0.19513516128063202 0.00625 0.010185185185185186
2 0.6606573462486267 0.19427482783794403 0.00625 0.010185185185185186
2 0.5777365565299988 0.19341211020946503 0.00625 0.010185185185185186
2 0.4111272692680359 0.19348886609077454 0.0067708333333333336 0.011111111111111112
2 0.3282025158405304 0.19533637166023254 0.0067708333333333336 0.011111111111111112
2 0.24407958984375 0.19447140395641327 0.0067708333333333336 0.011111111111111112
