4 0.19541987776756287 0.4621843695640564 0.016145833333333335 0.025
4 0.2687157988548279 0.6437531113624573 0.015104166666666667 0.025925925925925925
4 0.3336960971355438 0.5789949297904968 0.015104166666666667 0.025
3 0.3994569778442383 0.30623751878738403 0.014583333333333334 0.023148148148148147
1 0.407416969537735 0.42706143856048584 0.015625 0.025
0 0.396782249212265 0.6777610778808594 0.015104166666666667 0.024074074074074074
3 0.4623003602027893 0.7523619532585144 0.0140625 0.024074074074074074
3 0.4731322228908539 0.5448946952819824 0.015104166666666667 0.024074074074074074
4 0.5468806028366089 0.28137731552124023 0.0140625 0.023148148148148147
3 0.5803505182266235 0.2813228368759155 0.015625 0.025925925925925925
4 0.5777833461761475 0.47157445549964905 0.015104166666666667 0.025925925925925925
3 0.5879797339439392 0.5107808709144592 0.014583333333333334 0.023148148148148147
3 0.5766743421554565 0.5580458641052246 0.015104166666666667 0.024074074074074074
4 0.6311880350112915 0.5166573524475098 0.015625 0.025
4 0.7187033891677856 0.6871573328971863 0.016145833333333335 0.025
3 0.7363805174827576 0.6443799138069153 0.015625 0.024074074074074074
2 0.8453476428985596 0.6547051668167114 0.007291666666666667 0.012037037037037037
2 0.8480222225189209 0.5254456400871277 0.007291666666666667 0.012037037037037037
2 0.8504689335823059 0.39479705691337585 0.007291666666666667 0.012037037037037037
2 0.1490750014781952 0.6480656266212463 0.007291666666666667 0.011111111111111112
2 0.14640547335147858 0.5221586227416992 0.007291666666666667 0.011111111111111112
2 0.14393113553524017 0.3936332166194916 0.007291666666666667 0.011111111111111112
2 0.737229585647583 0.8131588697433472 0.00625 0.010185185185185186
2 0.6550329923629761 0.8131232261657715 0.00625 0.010185185185185186
2 0.574652373790741 0.8122541308403015 0.00625 0.010185185185185186
2 0.41454797983169556 0.8105229139328003 0.007291666666666667 0.012037037037037037
2 0.33384019136428833 0.8096502423286438 0.007291666666666667 0.012037037037037037
2 0.25439974665641785 0.8075258731842041 0.007291666666666667 0.012037037037037037
2 0.7463878393173218 0.22485090792179108 0.00625 0.010185185185185186
2 0.6610162258148193 0.22419443726539612 0.00625 0.010185185185185186
2 0.5772581696510315 0.22353670001029968 0.00625 0.010185185185185186
2 0.41045284271240234 0.2240341156721115 0.0067708333333333336 0.011111111111111112
2 0.3281885087490082 0.22608022391796112 0.0067708333333333336 0.011111111111111112
2 0.24521109461784363 0.22542555630207062 0.0067708333333333336 0.011111111111111112
