4 0.19480152428150177 0.4430936574935913 0.016145833333333335 0.025925925925925925
4 0.26816922426223755 0.61883145570755 0.015104166666666667 0.025
4 0.3337852358818054 0.5574550032615662 0.015625 0.025
3 0.39753028750419617 0.30140113830566406 0.015104166666666667 0.023148148148148147
1 0.4062686860561371 0.4148395359516144 0.015625 0.025
0 0.3990325331687927 0.6541889309883118 0.015104166666666667 0.024074074074074074
3 0.4663929045200348 0.7287733554840088 0.014583333333333334 0.024074074074074074
3 0.47431275248527527 0.5286494493484497 0.015104166666666667 0.024074074074074074
4 0.543426513671875 0.2818205952644348 0.014583333333333334 0.024074074074074074
3 0.5769065618515015 0.28164899349212646 0.015625 0.025925925925925925
4 0.5779998898506165 0.46063748002052307 0.015625 0.025925925925925925
3 0.5893157720565796 0.49772998690605164 0.014583333333333334 0.023148148148148147
3 0.5789234042167664 0.5426511764526367 0.015104166666666667 0.024074074074074074
4 0.6326836347579956 0.5050991773605347 0.015625 0.025
4 0.7256883978843689 0.6703701019287109 0.016145833333333335 0.025
3 0.742352306842804 0.6288391947746277 0.015625 0.024074074074074074
2 0.8537180423736572 0.6412378549575806 0.0067708333333333336 0.010185185185185186
2 0.8514745235443115 0.5165073275566101 0.0067708333333333336 0.010185185185185186
2 0.8492547273635864 0.3931009769439697 0.0067708333333333336 0.010185185185185186
2 0.14770908653736115 0.6204047203063965 0.00625 0.010185185185185186
2 0.14470532536506653 0.49942633509635925 0.00625 0.010185185185185186
2 0.14192429184913635 0.37686097621917725 0.00625 0.010185185185185186
2 0.7483786344528198 0.7950283288955688 0.007291666666666667 0.012037037037037037
2 0.6652597188949585 0.7923591732978821 0.007291666666666667 0.012037037037037037
2 0.581725001335144 0.7905141711235046 0.007291666666666667 0.012037037037037037
2 0.4181477129459381 0.7848409414291382 0.0067708333333333336 0.011111111111111112
2 0.33586356043815613 0.7834464907646179 0.0067708333333333336 0.011111111111111112
2 0.25384438037872314 0.7783169150352478 0.0067708333333333336 0.011111111111111112
2 0.7399278283119202 0.2332657426595688 0.00625 0.010185185185185186
2 0.6558794379234314 0.2308664470911026 0.00625 0.010185185185185186
2 0.5731938481330872 0.22891373932361603 0.00625 0.010185185185185186
2 0.40731266140937805 0.2258363664150238 0.00625 0.010185185185185186
2 0.3253720700740814 0.22431623935699463 0.00625 0.010185185185185186
2 0.24327825009822845 0.22403700649738312 0.00625 0.010185185185185186
