4 0.803882896900177 0.4409128427505493 0.016145833333333335 0.025925925925925925
4 0.7304269075393677 0.6304071545600891 0.015104166666666667 0.025
4 0.6618098616600037 0.5615880489349365 0.015625 0.025
3 0.5927145481109619 0.2825060188770294 0.015104166666666667 0.023148148148148147
1 0.5853877663612366 0.4050288498401642 0.015625 0.025
0 0.5962011218070984 0.6645088195800781 0.015104166666666667 0.024074074074074074
3 0.5284037590026855 0.7429440021514893 0.014583333333333334 0.024074074074074074
3 0.5175477266311646 0.5263020992279053 0.015104166666666667 0.024074074074074074
4 0.4440188705921173 0.25868624448776245 0.014583333333333334 0.024074074074074074
3 0.41018950939178467 0.2578987181186676 0.015625 0.025925925925925925
4 0.4114851951599121 0.45022112131118774 0.015625 0.025925925925925925
3 0.40055879950523376 0.4898121654987335 0.014583333333333334 0.023148148148148147
3 0.4116525948047638 0.5384191870689392 0.015104166666666667 0.024074074074074074
4 0.356964647769928 0.4965631067752838 0.015625 0.025
4 0.2658540606498718 0.6709756851196289 0.016145833333333335 0.025
3 0.24868139624595642 0.6259669065475464 0.015625 0.024074074074074074
2 0.13814476132392883 0.6356554627418518 0.0067708333333333336 0.010185185185185186
2 0.1388435661792755 0.5028509497642517 0.0067708333333333336 0.010185185185185186
2 0.13953439891338348 0.3715633451938629 0.0067708333333333336 0.010185185185185186
2 0.8556730151176453 0.636066198348999 0.00625 0.010185185185185186
2 0.8569402098655701 0.5037818551063538 0.00625 0.010185185185185186
2 0.8579494953155518 0.3698578178882599 0.00625 0.010185185185185186
2 0.24477379024028778 0.8036963939666748 0.007291666666666667 0.012037037037037037
2 0.3279837667942047 0.8040382862091064 0.007291666666666667 0.012037037037037037
2 0.4121486246585846 0.8052868247032166 0.007291666666666667 0.012037037037037037
2 0.578482985496521 0.8055198192596436 0.0067708333333333336 0.011111111111111112
2 0.6629608273506165 0.8072262406349182 0.0067708333333333336 0.011111111111111112
2 0.7476416230201721 0.8048556447029114 0.0067708333333333336 0.011111111111111112
2 0.24608531594276428 0.20335598289966583 0.00625 0.010185185185185186
2 0.3300751745700836 0.2021220177412033 0.00625 0.010185185185185186
2 0.41322916746139526 0.20133809745311737 0.00625 0.010185185185185186
2 0.5816394090652466 0.20065811276435852 0.00625 0.010185185185185186
2 0.6656164526939392 0.20031903684139252 0.00625 0.010185185185185186
2 0.7502976655960083 0.2013293206691742 0.00625 0.010185185185185186
