4 0.8049458861351013 0.44358211755752563 0.016145833333333335 0.025925925925925925
4 0.7339445352554321 0.6234979629516602 0.015104166666666667 0.025
4 0.667519211769104 0.5552543997764587 0.015625 0.025
3 0.6011140942573547 0.2857510447502136 0.015104166666666667 0.023148148148148147
1 0.5938025116920471 0.40272268652915955 0.015625 0.025
0 0.603783905506134 0.6524650454521179 0.015104166666666667 0.024074074074074074
3 0.5377908945083618 0.7262364625930786 0.014583333333333334 0.024074074074074074
3 0.5278564095497131 0.5170929431915283 0.015104166666666667 0.024074074074074074
4 0.45760679244995117 0.2585391104221344 0.014583333333333334 0.024074074074074074
3 0.42493316531181335 0.2567691504955292 0.015625 0.025925925925925925
4 0.4253883361816406 0.44089457392692566 0.015625 0.025925925925925925
3 0.414636492729187 0.4785822629928589 0.014583333333333334 0.023148148148148147
3 0.425184041261673 0.5256297588348389 0.015104166666666667 0.024074074074074074
4 0.3723554015159607 0.48378127813339233 0.015625 0.025
4 0.2829647362232208 0.6491022706031799 0.016145833333333335 0.025
3 0.26655152440071106 0.6051706671714783 0.015625 0.024074074074074074
2 0.15904225409030914 0.6112884879112244 0.0067708333333333336 0.010185185185185186
2 0.16073471307754517 0.4833850860595703 0.0067708333333333336 0.010185185185185186
2 0.16240207850933075 0.35737845301628113 0.0067708333333333336 0.010185185185185186
2 0.8552525043487549 0.6325927376747131 0.00625 0.010185185185185186
2 0.8562852144241333 0.5054434537887573 0.00625 0.010185185185185186
2 0.8570631146430969 0.37715673446655273 0.00625 0.010185185185185186
2 0.2616342604160309 0.7768598794937134 0.007291666666666667 0.012037037037037037
2 0.3426508903503418 0.7795833349227905 0.007291666666666667 0.012037037037037037
2 0.4245527684688568 0.7832110524177551 0.007291666666666667 0.012037037037037037
2 0.5863048434257507 0.7882120013237 0.0067708333333333336 0.011111111111111112
2 0.6683920621871948 0.7922870516777039 0.0067708333333333336 0.011111111111111112
2 0.7506377696990967 0.7924207448959351 0.0067708333333333336 0.011111111111111112
2 0.2666657269001007 0.19976557791233063 0.00625 0.010185185185185186
2 0.3478098213672638 0.20113001763820648 0.00625 0.010185185185185186
2 0.4281018078327179 0.20289750397205353 0.00625 0.010185185185185186
2 0.5905863046646118 0.2073393315076828 0.00625 0.010185185185185186
2 0.6715460419654846 0.20955254137516022 0.00625 0.010185185185185186
2 0.7531430125236511 0.21307115256786346 0.00625 0.010185185185185186
