3 0.6922964453697205 0.3390551507472992 0.019791666666666666 0.03333333333333333
4 0.6950253844261169 0.39719921350479126 0.0203125 0.03425925925925926
4 0.6523621082305908 0.30695462226867676 0.019791666666666666 0.032407407407407406
3 0.635667622089386 0.24740928411483765 0.018229166666666668 0.03148148148148148
4 0.7555681467056274 0.6741687655448914 0.025 0.04259259259259259
4 0.720188319683075 0.6857084631919861 0.025 0.041666666666666664
3 0.5943791270256042 0.6458171010017395 0.024479166666666666 0.03981481481481482
3 0.5421479344367981 0.49381330609321594 0.021875 0.03611111111111111
3 0.49784067273139954 0.47044768929481506 0.021875 0.037037037037037035
0 0.5047206282615662 0.612415075302124 0.023958333333333335 0.03981481481481482
3 0.4335104823112488 0.49351269006729126 0.021875 0.03518518518518519
4 0.4145651161670685 0.4831700623035431 0.021875 0.03611111111111111
1 0.3594713807106018 0.28686004877090454 0.01875 0.03148148148148148
3 0.3193129897117615 0.6512251496315002 0.024479166666666666 0.040740740740740744
4 0.26025182008743286 0.6606799960136414 0.025 0.03981481481481482
2 0.35643500089645386 0.7529101371765137 0.008333333333333333 0.012962962962962963
2 0.5022974014282227 0.7518773674964905 0.008333333333333333 0.012962962962962963
2 0.6471605896949768 0.7531111836433411 0.008333333333333333 0.012962962962962963
2 0.8116119503974915 0.6421501040458679 0.007291666666666667 0.012037037037037037
2 0.796750009059906 0.5657745599746704 0.007291666666666667 0.012037037037037037
2 0.7839692234992981 0.4960865080356598 0.007291666666666667 0.012037037037037037
2 0.1907898336648941 0.6438912153244019 0.008854166666666666 0.013888888888888888
2 0.20494787395000458 0.5652473568916321 0.008854166666666666 0.013888888888888888
2 0.2176682949066162 0.49608346819877625 0.008854166666666666 0.013888888888888888
2 0.24046435952186584 0.3739871680736542 0.005729166666666666 0.009259259259259259
2 0.25025761127471924 0.31925809383392334 0.005729166666666666 0.009259259259259259
2 0.25932711362838745 0.26905593276023865 0.005729166666666666 0.009259259259259259
2 0.7602807879447937 0.37416714429855347 0.0078125 0.012962962962962963
2 0.7498875260353088 0.3210600018501282 0.0078125 0.012962962962962963
2 0.74001544713974 0.27017682790756226 0.0078125 0.012962962962962963
2 0.3986108601093292 0.21008934080600739 0.005729166666666666 0.009259259259259259
2 0.4997684359550476 0.2110569030046463 0.005729166666666666 0.009259259259259259
2 0.6005339026451111 0.21020175516605377 0.005729166666666666 0.009259259259259259
