4 0.7855044007301331 0.30434390902519226 0.016145833333333335 0.025
4 0.7749606966972351 0.2685077488422394 0.014583333333333334 0.024074074074074074
4 0.7588682174682617 0.7329270839691162 0.015625 0.025925925925925925
3 0.7483264207839966 0.676784873008728 0.015104166666666667 0.024074074074074074
3 0.7442025542259216 0.41649964451789856 0.014583333333333334 0.022222222222222223
0 0.7086888551712036 0.5006105303764343 0.015104166666666667 0.024074074074074074
3 0.5719550251960754 0.4553453326225281 0.015625 0.023148148148148147
3 0.5713779926300049 0.5699884295463562 0.015104166666666667 0.024074074074074074
4 0.5582939982414246 0.5894235968589783 0.015625 0.024074074074074074
3 0.5417065024375916 0.5018860697746277 0.015104166666666667 0.025
4 0.4437031149864197 0.2763512134552002 0.015625 0.025925925925925925
3 0.356629341840744 0.2675318419933319 0.015625 0.025
4 0.30441969633102417 0.30737659335136414 0.015104166666666667 0.025
1 0.20348483324050903 0.6770894527435303 0.016145833333333335 0.025925925925925925
3 0.20503591001033783 0.3161504566669464 0.016145833333333335 0.025
4 0.18755897879600525 0.3058560788631439 0.016145833333333335 0.025
2 0.14602218568325043 0.6143652200698853 0.0067708333333333336 0.011111111111111112
2 0.14715676009655 0.484710693359375 0.0067708333333333336 0.011111111111111112
2 0.14829212427139282 0.35506466031074524 0.0067708333333333336 0.011111111111111112
2 0.8566660284996033 0.6402135491371155 0.0078125 0.012037037037037037
2 0.8578382730484009 0.5097339749336243 0.0078125 0.012037037037037037
2 0.8582483530044556 0.37880653142929077 0.0078125 0.012037037037037037
2 0.2524046301841736 0.7836303114891052 0.0046875 0.007407407407407408
2 0.3351040482521057 0.7863582968711853 0.0046875 0.007407407407407408
2 0.41824057698249817 0.789100706577301 0.0046875 0.007407407407407408
2 0.5845394134521484 0.7954750061035156 0.005208333333333333 0.008333333333333333
2 0.6669417023658752 0.7981927990913391 0.005208333333333333 0.008333333333333333
2 0.7500380277633667 0.7996017932891846 0.005208333333333333 0.008333333333333333
2 0.2563515901565552 0.1937718391418457 0.0067708333333333336 0.011111111111111112
2 0.3394218683242798 0.19590240716934204 0.0067708333333333336 0.011111111111111112
2 0.4221615791320801 0.19802182912826538 0.0067708333333333336 0.011111111111111112
2 0.5879101157188416 0.2040221393108368 0.00625 0.010185185185185186
2 0.6709221601486206 0.20790156722068787 0.00625 0.010185185185185186
2 0.7533578872680664 0.2108854502439499 0.00625 0.010185185185185186
