4 0.7884920239448547 0.29656562209129333 0.016145833333333335 0.025
4 0.7776362895965576 0.2611756920814514 0.014583333333333334 0.024074074074074074
4 0.7658277153968811 0.7247475981712341 0.015625 0.025925925925925925
3 0.7548304796218872 0.6696959733963013 0.015104166666666667 0.024074074074074074
3 0.7482802271842957 0.41083741188049316 0.014583333333333334 0.022222222222222223
0 0.7136445641517639 0.49662649631500244 0.015104166666666667 0.024074074074074074
3 0.576373279094696 0.45856747031211853 0.015625 0.023148148148148147
3 0.577151894569397 0.5730798840522766 0.015104166666666667 0.024074074074074074
4 0.5642861723899841 0.5931560397148132 0.015625 0.024074074074074074
3 0.5466054677963257 0.5066805481910706 0.015104166666666667 0.025
4 0.44511064887046814 0.2854762077331543 0.015625 0.025925925925925925
3 0.3570389449596405 0.2809304893016815 0.015625 0.025
4 0.3048267960548401 0.32371705770492554 0.015104166666666667 0.025
1 0.20882844924926758 0.7000316381454468 0.016145833333333335 0.025925925925925925
3 0.2042384147644043 0.33759310841560364 0.016145833333333335 0.025
4 0.18631717562675476 0.32808899879455566 0.016145833333333335 0.025
2 0.1496386080980301 0.6404688954353333 0.0067708333333333336 0.011111111111111112
2 0.14847110211849213 0.5103373527526855 0.0067708333333333336 0.011111111111111112
2 0.1473003476858139 0.3797459900379181 0.0067708333333333336 0.011111111111111112
2 0.8621318340301514 0.6275420784950256 0.0078125 0.012037037037037037
2 0.8622739315032959 0.4978973865509033 0.0078125 0.012037037037037037
2 0.8616542816162109 0.36737945675849915 0.0078125 0.012037037037037037
2 0.2599262595176697 0.8035125136375427 0.0046875 0.007407407407407408
2 0.3431397080421448 0.8015269637107849 0.0046875 0.007407407407407408
2 0.4265933036804199 0.7995356321334839 0.0046875 0.007407407407407408
2 0.5929386019706726 0.7964469790458679 0.005208333333333333 0.008333333333333333
2 0.6750638484954834 0.7944859266281128 0.005208333333333333 0.008333333333333333
2 0.7576720118522644 0.791196882724762 0.005208333333333333 0.008333333333333333
2 0.2542717158794403 0.2113865166902542 0.0067708333333333336 0.011111111111111112
2 0.33854085206985474 0.2094743549823761 0.0067708333333333336 0.011111111111111112
2 0.42227402329444885 0.20757165551185608 0.0067708333333333336 0.011111111111111112
2 0.589434027671814 0.20554055273532867 0.00625 0.010185185185185186
2 0.6728601455688477 0.2054063230752945 0.00625 0.010185185185185186
2 0.7554982900619507 0.20440077781677246 0.00625 0.010185185185185186
