4 0.21627038717269897 0.28533345460891724 0.016145833333333335 0.025
4 0.22713978588581085 0.24991926550865173 0.014583333333333334 0.024074074074074074
4 0.24220511317253113 0.717919647693634 0.015625 0.025925925925925925
3 0.25311121344566345 0.6620159149169922 0.015104166666666667 0.024074074074074074
3 0.2580728530883789 0.400637686252594 0.014583333333333334 0.022222222222222223
0 0.2939615845680237 0.4871537387371063 0.015104166666666667 0.024074074074074074
3 0.4324890077114105 0.44945043325424194 0.015625 0.023148148148148147
3 0.4327194094657898 0.5640929341316223 0.015104166666666667 0.024074074074074074
4 0.4458400011062622 0.5842037200927734 0.015625 0.024074074074074074
3 0.46280422806739807 0.4976423382759094 0.015104166666666667 0.025
4 0.5618121027946472 0.27836644649505615 0.015625 0.025925925925925925
3 0.6486946940422058 0.2749374210834503 0.015625 0.025
4 0.7004215121269226 0.3176601827144623 0.015104166666666667 0.025
1 0.7989674210548401 0.6891761422157288 0.016145833333333335 0.025925925925925925
3 0.7986475229263306 0.3322775959968567 0.016145833333333335 0.025
4 0.815899133682251 0.32313910126686096 0.016145833333333335 0.025
2 0.8556987643241882 0.6300749182701111 0.0067708333333333336 0.011111111111111112
2 0.8550243973731995 0.5020788908004761 0.0067708333333333336 0.011111111111111112
2 0.8543490171432495 0.3740534484386444 0.0067708333333333336 0.011111111111111112
2 0.14247672259807587 0.6196920871734619 0.0078125 0.012037037037037037
2 0.14164383709430695 0.4880446791648865 0.0078125 0.012037037037037037
2 0.141593798995018 0.35595086216926575 0.0078125 0.012037037037037037
2 0.7503429651260376 0.7922362685203552 0.0046875 0.007407407407407408
2 0.6684094071388245 0.7911779284477234 0.0046875 0.007407407407407408
2 0.5856257081031799 0.7901086807250977 0.0046875 0.007407407407407408
2 0.4187623858451843 0.788841724395752 0.005208333333333333 0.008333333333333333
2 0.33544909954071045 0.7877674102783203 0.005208333333333333 0.008333333333333333
2 0.25100910663604736 0.7853406071662903 0.005208333333333333 0.008333333333333333
2 0.7483940720558167 0.20800462365150452 0.0067708333333333336 0.011111111111111112
2 0.6660367846488953 0.2048562914133072 0.0067708333333333336 0.011111111111111112
2 0.5835915803909302 0.20170195400714874 0.0067708333333333336 0.011111111111111112
2 0.4171670377254486 0.19709067046642303 0.00625 0.010185185185185186
2 0.33317553997039795 0.1956407129764557 0.00625 0.010185185185185186
2 0.2493438720703125 0.19331975281238556 0.00625 0.010185185185185186
