4 0.7767836451530457 0.29010963439941406 0.016145833333333335 0.025
4 0.7664489150047302 0.25457191467285156 0.014583333333333334 0.024074074074074074
4 0.7455348372459412 0.7200009226799011 0.015625 0.025925925925925925
3 0.7354991436004639 0.6647270917892456 0.015104166666666667 0.024074074074074074
3 0.7338495254516602 0.40532124042510986 0.014583333333333334 0.022222222222222223
0 0.6973643898963928 0.4912334978580475 0.015104166666666667 0.024074074074074074
3 0.561660885810852 0.4530503749847412 0.015625 0.023148148148148147
3 0.5603994131088257 0.5663805603981018 0.015104166666666667 0.024074074074074074
4 0.5474094152450562 0.5860958695411682 0.015625 0.024074074074074074
3 0.5315932631492615 0.5005574226379395 0.015104166666666667 0.025
4 0.436605840921402 0.2829124629497528 0.015625 0.025925925925925925
3 0.35205453634262085 0.2794601619243622 0.015625 0.025
4 0.3017154037952423 0.3217075765132904 0.015104166666666667 0.025
1 0.20578373968601227 0.6853169202804565 0.016145833333333335 0.025925925925925925
3 0.20687849819660187 0.3359578549861908 0.016145833333333335 0.025
4 0.19030097126960754 0.3269193768501282 0.016145833333333335 0.025
2 0.1517079770565033 0.6272406578063965 0.0067708333333333336 0.011111111111111112
2 0.15250246226787567 0.5024034976959229 0.0067708333333333336 0.011111111111111112
2 0.15330182015895844 0.37692487239837646 0.0067708333333333336 0.011111111111111112
2 0.8453616499900818 0.6239818930625916 0.0078125 0.012037037037037037
2 0.8481131792068481 0.4930700659751892 0.0078125 0.012037037037037037
2 0.8501054048538208 0.3610341548919678 0.0078125 0.012037037037037037
2 0.2520039975643158 0.7859964370727539 0.0046875 0.007407407407407408
2 0.3305410146713257 0.7861068248748779 0.0046875 0.007407407407407408
2 0.41024261713027954 0.7862188220024109 0.0046875 0.007407407407407408
2 0.5719633102416992 0.7873151898384094 0.005208333333333333 0.008333333333333333
2 0.6532557010650635 0.7874332666397095 0.005208333333333333 0.008333333333333333
2 0.7360371351242065 0.786238431930542 0.005208333333333333 0.008333333333333333
2 0.25569865107536316 0.2131265103816986 0.0067708333333333336 0.011111111111111112
2 0.3355496823787689 0.20989331603050232 0.0067708333333333336 0.011111111111111112
2 0.41584885120391846 0.20663930475711823 0.0067708333333333336 0.011111111111111112
2 0.5790411829948425 0.2017831802368164 0.00625 0.010185185185185186
2 0.6619595289230347 0.2001955360174179 0.00625 0.010185185185185186
2 0.7451116442680359 0.19772504270076752 0.00625 0.010185185185185186
