4 0.7878230810165405 0.3012867867946625 0.016145833333333335 0.025
4 0.7770841121673584 0.2642830014228821 0.014583333333333334 0.024074074074074074
4 0.7626422047615051 0.7441333532333374 0.015625 0.025925925925925925
3 0.7519047856330872 0.6871498227119446 0.015104166666666667 0.024074074074074074
3 0.7467016577720642 0.4192260801792145 0.014583333333333334 0.022222222222222223
0 0.7114273309707642 0.5074928998947144 0.015104166666666667 0.024074074074074074
3 0.5736214518547058 0.4655483663082123 0.015625 0.023148148148148147
3 0.5739954710006714 0.5840435028076172 0.015104166666666667 0.024074074074074074
4 0.5610125064849854 0.604546844959259 0.015625 0.024074074074074074
3 0.543552041053772 0.5148113965988159 0.015104166666666667 0.025
4 0.4421401619911194 0.2835799753665924 0.015625 0.025925925925925925
3 0.35356035828590393 0.2772747278213501 0.015625 0.025
4 0.3010236322879791 0.3207705318927765 0.015104166666666667 0.025
1 0.20462651550769806 0.7081068754196167 0.016145833333333335 0.025925925925925925
3 0.19996121525764465 0.33335429430007935 0.016145833333333335 0.025
4 0.18195907771587372 0.3231693208217621 0.016145833333333335 0.025
2 0.14535769820213318 0.6456106305122375 0.0067708333333333336 0.011111111111111112
2 0.14409014582633972 0.5112370252609253 0.0067708333333333336 0.011111111111111112
2 0.14281564950942993 0.3760354816913605 0.0067708333333333336 0.011111111111111112
2 0.8598983883857727 0.6456507444381714 0.0078125 0.012037037037037037
2 0.8608771562576294 0.5115572214126587 0.0078125 0.012037037037037037
2 0.8610969185829163 0.3761923909187317 0.0078125 0.012037037037037037
2 0.2557303011417389 0.8155584335327148 0.0046875 0.007407407407407408
2 0.33895719051361084 0.8151103854179382 0.0046875 0.007407407407407408
2 0.4224609434604645 0.8146608471870422 0.0046875 0.007407407407407408
2 0.5890129208564758 0.8146702647209167 0.005208333333333333 0.008333333333333333
2 0.6712950468063354 0.8142260313034058 0.005208333333333333 0.008333333333333333
2 0.7541041970252991 0.8124238848686218 0.005208333333333333 0.008333333333333333
2 0.25025731325149536 0.2031365931034088 0.0067708333333333336 0.011111111111111112
2 0.33504119515419006 0.2026456594467163 0.0067708333333333336 0.011111111111111112
2 0.4193233549594879 0.20215484499931335 0.0067708333333333336 0.011111111111111112
2 0.5876844525337219 0.20301446318626404 0.00625 0.010185185185185186
2 0.6717594265937805 0.20435959100723267 0.00625 0.010185185185185186
2 0.7550787329673767 0.20478370785713196 0.00625 0.010185185185185186
