3 0.05723171308636665 0.5949053764343262 0.023958333333333335 0.030555555555555555
3 0.4124644696712494 0.37786781787872314 0.016145833333333335 0.025925925925925925
3 0.45729440450668335 0.3717944324016571 0.016145833333333335 0.025
3 0.39081814885139465 0.45415306091308594 0.019270833333333334 0.03148148148148148
3 0.4501485228538513 0.4450507164001465 0.018229166666666668 0.02962962962962963
0 0.4694715440273285 0.5645115971565247 0.022916666666666665 0.03796296296296296
1 0.5160295367240906 0.5649359822273254 0.022916666666666665 0.03796296296296296
3 0.5890186429023743 0.43825483322143555 0.018229166666666668 0.02962962962962963
3 0.6493287682533264 0.4947821795940399 0.019791666666666666 0.025925925925925925
2 0.2687126100063324 0.7068083882331848 0.0078125 0.012962962962962963
2 0.15278638899326324 0.6652555465698242 0.0078125 0.012962962962962963
2 0.048207856714725494 0.6290018558502197 0.0078125 0.012962962962962963
2 0.06082344055175781 0.5176734328269958 0.0078125 0.012962962962962963
2 0.1462130844593048 0.4755207300186157 0.0046875 0.007407407407407408
2 0.21973571181297302 0.4378790259361267 0.0046875 0.007407407407407408
2 0.5342671871185303 0.6585240960121155 0.008854166666666666 0.013888888888888888
2 0.5946099162101746 0.5945184826850891 0.008854166666666666 0.013888888888888888
2 0.6439770460128784 0.5399377942085266 0.008854166666666666 0.013888888888888888
2 0.7218788266181946 0.45486897230148315 0.005208333333333333 0.008333333333333333
2 0.7532384395599365 0.4203340709209442 0.005208333333333333 0.008333333333333333
2 0.7803216576576233 0.3906599283218384 0.005208333333333333 0.008333333333333333
2 0.7103767395019531 0.34159746766090393 0.004166666666666667 0.006481481481481481
2 0.6361305117607117 0.3286100924015045 0.004166666666666667 0.006481481481481481
2 0.5664433836936951 0.31742367148399353 0.004166666666666667 0.006481481481481481
2 0.3385411500930786 0.37778398394584656 0.005208333333333333 0.008333333333333333
2 0.3880453109741211 0.35218530893325806 0.005208333333333333 0.008333333333333333
2 0.43211492896080017 0.3296842873096466 0.005208333333333333 0.008333333333333333
