3 0.9560397267341614 0.6062730550765991 0.023958333333333335 0.030555555555555555
3 0.599822461605072 0.3789777457714081 0.016145833333333335 0.025925925925925925
3 0.5542155504226685 0.37204423546791077 0.016145833333333335 0.025
3 0.6218149065971375 0.45834749937057495 0.019270833333333334 0.03148148148148148
3 0.5616170763969421 0.44820931553840637 0.018229166666666668 0.02962962962962963
0 0.5422449707984924 0.5714364647865295 0.022916666666666665 0.03796296296296296
1 0.49500739574432373 0.5714364647865295 0.022916666666666665 0.03796296296296296
3 0.42005959153175354 0.43945038318634033 0.018229166666666668 0.02962962962962963
3 0.358718603849411 0.4974798262119293 0.019791666666666666 0.025925925925925925
2 0.7443857789039612 0.7187069058418274 0.0078125 0.012962962962962963
2 0.8603740930557251 0.6771736145019531 0.0078125 0.012962962962962963
2 0.9647093415260315 0.6410619616508484 0.0078125 0.012962962962962963
2 0.953130841255188 0.5273639559745789 0.0078125 0.012962962962962963
2 0.8681319355964661 0.48321500420570374 0.0046875 0.007407407407407408
2 0.794542670249939 0.44359973073005676 0.0046875 0.007407407407407408
2 0.4768482744693756 0.6675792932510376 0.008854166666666666 0.013888888888888888
2 0.41522300243377686 0.6012338995933533 0.008854166666666666 0.013888888888888888
2 0.364511638879776 0.5443593263626099 0.008854166666666666 0.013888888888888888
2 0.2839694321155548 0.4551221430301666 0.005208333333333333 0.008333333333333333
2 0.25136101245880127 0.41869351267814636 0.005208333333333333 0.008333333333333333
2 0.22311539947986603 0.3872954845428467 0.005208333333333333 0.008333333333333333
2 0.2947860062122345 0.3368854522705078 0.004166666666666667 0.006481481481481481
2 0.3710927963256836 0.3243831992149353 0.004166666666666667 0.006481481481481481
2 0.4425368309020996 0.3137282729148865 0.004166666666666667 0.006481481481481481
2 0.6748096346855164 0.37990206480026245 0.005208333333333333 0.008333333333333333
2 0.62461918592453 0.352620393037796 0.005208333333333333 0.008333333333333333
2 0.579788088798523 0.3285512924194336 0.005208333333333333 0.008333333333333333
