3 0.04060942307114601 0.6110354661941528 0.023958333333333335 0.030555555555555555
3 0.40855616331100464 0.397561639547348 0.016145833333333335 0.025925925925925925
3 0.4543532133102417 0.3918645679950714 0.016145833333333335 0.025
3 0.38503748178482056 0.47290366888046265 0.019270833333333334 0.03148148148148148
3 0.44555917382240295 0.46421146392822266 0.018229166666666668 0.02962962962962963
0 0.46261894702911377 0.5814802646636963 0.022916666666666665 0.03796296296296296
1 0.5095522999763489 0.5819488167762756 0.022916666666666665 0.03796296296296296
3 0.5861018896102905 0.45822519063949585 0.018229166666666668 0.02962962962962963
3 0.6451217532157898 0.5138106346130371 0.019791666666666666 0.025925925925925925
2 0.25660863518714905 0.7203988432884216 0.0078125 0.012962962962962963
2 0.1385946273803711 0.6801396608352661 0.0078125 0.012962962962962963
2 0.03106180764734745 0.6446722149848938 0.0078125 0.012962962962962963
2 0.044816527515649796 0.5345632433891296 0.0078125 0.012962962962962963
2 0.1336437165737152 0.4929906129837036 0.0046875 0.007407407407407408
2 0.20996761322021484 0.45593902468681335 0.0046875 0.007407407407407408
2 0.5257087349891663 0.6728760004043579 0.008854166666666666 0.013888888888888888
2 0.5877084136009216 0.6107850074768066 0.008854166666666666 0.013888888888888888
2 0.6385257244110107 0.5577970147132874 0.008854166666666666 0.013888888888888888
2 0.7187623381614685 0.47513455152511597 0.005208333333333333 0.008333333333333333
2 0.7510964870452881 0.44154858589172363 0.005208333333333333 0.008333333333333333
2 0.7790286540985107 0.4126780033111572 0.005208333333333333 0.008333333333333333
2 0.7106849551200867 0.363989919424057 0.004166666666666667 0.006481481481481481
2 0.6364597082138062 0.3505590260028839 0.004166666666666667 0.006481481481481481
2 0.566381573677063 0.33887773752212524 0.004166666666666667 0.006481481481481481
2 0.3329619765281677 0.39695122838020325 0.005208333333333333 0.008333333333333333
2 0.3841016888618469 0.37187474966049194 0.005208333333333333 0.008333333333333333
2 0.429563969373703 0.34986522793769836 0.005208333333333333 0.008333333333333333
