4 0.17698751389980316 0.5496412515640259 0.026041666666666668 0.044444444444444446
3 0.4435354769229889 0.5454114675521851 0.024479166666666666 0.041666666666666664
3 0.5776658654212952 0.7663567662239075 0.024479166666666666 0.04259259259259259
3 0.5965932011604309 0.7286698222160339 0.023958333333333335 0.041666666666666664
4 0.6160230040550232 0.5723935961723328 0.023958333333333335 0.041666666666666664
4 0.6365992426872253 0.415490984916687 0.024479166666666666 0.04351851851851852
0 0.6939374804496765 0.5966613292694092 0.0234375 0.040740740740740744
1 0.7189432382583618 0.3475983738899231 0.023958333333333335 0.041666666666666664
4 0.7392027378082275 0.5349590182304382 0.0234375 0.04259259259259259
3 0.7601150870323181 0.542472243309021 0.025520833333333333 0.04259259259259259
4 0.7475730776786804 0.5929167866706848 0.024479166666666666 0.041666666666666664
3 0.7923265099525452 0.8244785070419312 0.023958333333333335 0.041666666666666664
4 0.8798049092292786 0.30211085081100464 0.025520833333333333 0.04259259259259259
3 0.8719847202301025 0.6968873739242554 0.025 0.040740740740740744
2 0.9155558347702026 0.6961954236030579 0.007291666666666667 0.012962962962962963
2 0.9199302196502686 0.528462290763855 0.007291666666666667 0.012962962962962963
2 0.9249135255813599 0.3560587167739868 0.007291666666666667 0.012962962962962963
2 0.8136053681373596 0.1410960853099823 0.007291666666666667 0.012962962962962963
2 0.7156388759613037 0.13964897394180298 0.007291666666666667 0.012962962962962963
2 0.6177889704704285 0.13601835072040558 0.007291666666666667 0.012962962962962963
2 0.4190717041492462 0.12774893641471863 0.007291666666666667 0.012962962962962963
2 0.3174109160900116 0.12171710282564163 0.007291666666666667 0.012962962962962963
2 0.2131827026605606 0.11737658083438873 0.007291666666666667 0.012962962962962963
2 0.08194408565759659 0.3365142345428467 0.007291666666666667 0.012962962962962963
2 0.08128509670495987 0.5157003402709961 0.007291666666666667 0.012962962962962963
2 0.08037522435188293 0.6943156123161316 0.007291666666666667 0.012962962962962963
2 0.20704059302806854 0.9082856178283691 0.007291666666666667 0.012962962962962963
2 0.308853417634964 0.906482994556427 0.007291666666666667 0.012962962962962963
2 0.40773290395736694 0.904717743396759 0.007291666666666667 0.012962962962962963
2 0.6024916768074036 0.9041708707809448 0.007291666666666667 0.012962962962962963
2 0.6988943815231323 0.9036876559257507 0.007291666666666667 0.012962962962962963
2 0.7939314246177673 0.9036255478858948 0.007291666666666667 0.012962962962962963
