4 0.14798526465892792 0.5353593826293945 0.026041666666666668 0.044444444444444446
3 0.4198008179664612 0.5234140157699585 0.024479166666666666 0.041666666666666664
3 0.564568817615509 0.7527053952217102 0.024479166666666666 0.04259259259259259
3 0.5836974382400513 0.7123146057128906 0.023958333333333335 0.041666666666666664
4 0.6004575490951538 0.546726644039154 0.023958333333333335 0.041666666666666664
4 0.6182634830474854 0.38185787200927734 0.024479166666666666 0.04351851851851852
0 0.6835861802101135 0.5701814889907837 0.0234375 0.040740740740740744
1 0.7032628655433655 0.3079850971698761 0.023958333333333335 0.041666666666666664
4 0.7300706505775452 0.503689169883728 0.0234375 0.04259259259259259
3 0.7526218295097351 0.5109942555427551 0.025520833333333333 0.04259259259259259
4 0.7406943440437317 0.5647650957107544 0.024479166666666666 0.041666666666666664
3 0.7959123253822327 0.8116182684898376 0.023958333333333335 0.041666666666666664
4 0.8732465505599976 0.2537296414375305 0.025520833333333333 0.04259259259259259
3 0.8782212734222412 0.6727169156074524 0.025 0.040740740740740744
2 0.9257184863090515 0.6710235476493835 0.007291666666666667 0.012962962962962963
2 0.9244606494903564 0.491216242313385 0.007291666666666667 0.012962962962962963
2 0.9237088561058044 0.30845198035240173 0.007291666666666667 0.012962962962962963
2 0.7974297404289246 0.08958687633275986 0.007291666666666667 0.012962962962962963
2 0.694075345993042 0.0931646004319191 0.007291666666666667 0.012962962962962963
2 0.5918562412261963 0.09446968138217926 0.007291666666666667 0.012962962962962963
2 0.3875032365322113 0.09617298096418381 0.007291666666666667 0.012962962962962963
2 0.28459009528160095 0.09522024542093277 0.007291666666666667 0.012962962962962963
2 0.1802462935447693 0.09609667211771011 0.007291666666666667 0.012962962962962963
2 0.05167795717716217 0.32178953289985657 0.007291666666666667 0.012962962962962963
2 0.051997121423482895 0.5033832788467407 0.007291666666666667 0.012962962962962963
2 0.05206584930419922 0.6865417957305908 0.007291666666666667 0.012962962962962963
2 0.18178367614746094 0.9076958298683167 0.007291666666666667 0.012962962962962963
2 0.28631851077079773 0.9048872590065002 0.007291666666666667 0.012962962962962963
2 0.3889073133468628 0.9021154046058655 0.007291666666666667 0.012962962962962963
2 0.5941793322563171 0.8997204899787903 0.007291666666666667 0.012962962962962963
2 0.6973671317100525 0.8982868790626526 0.007291666666666667 0.012962962962962963
2 0.8001551032066345 0.897308886051178 0.007291666666666667 0.012962962962962963
