4 0.8404935598373413 0.538739800453186 0.026041666666666668 0.044444444444444446
3 0.5733350515365601 0.529864490032196 0.024479166666666666 0.041666666666666664
3 0.43172815442085266 0.7578223943710327 0.024479166666666666 0.04259259259259259
3 0.4130017161369324 0.7180776000022888 0.023958333333333335 0.041666666666666664
4 0.3965773284435272 0.5548055171966553 0.023958333333333335 0.041666666666666664
4 0.37916475534439087 0.3925740420818329 0.024479166666666666 0.04351851851851852
0 0.31543484330177307 0.5787976384162903 0.0234375 0.040740740740740744
1 0.29631850123405457 0.32097485661506653 0.023958333333333335 0.041666666666666664
4 0.2701420783996582 0.5137969851493835 0.0234375 0.04259259259259259
3 0.24817410111427307 0.521234393119812 0.025520833333333333 0.04259259259259259
4 0.2597658038139343 0.5740525722503662 0.024479166666666666 0.041666666666666664
3 0.20581886172294617 0.8179327845573425 0.023958333333333335 0.041666666666666664
4 0.13112761080265045 0.26992812752723694 0.025520833333333333 0.04259259259259259
3 0.1258343905210495 0.681722104549408 0.025 0.040740740740740744
2 0.07968099415302277 0.6804983019828796 0.007291666666666667 0.012962962962962963
2 0.0811428502202034 0.5036681294441223 0.007291666666666667 0.012962962962962963
2 0.08211546391248703 0.32425278425216675 0.007291666666666667 0.012962962962962963
2 0.20486538112163544 0.10795868933200836 0.007291666666666667 0.012962962962962963
2 0.3053153455257416 0.10993116348981857 0.007291666666666667 0.012962962962962963
2 0.4048624634742737 0.10969318449497223 0.007291666666666667 0.012962962962962963
2 0.6044685244560242 0.10832494497299194 0.007291666666666667 0.012962962962962963
2 0.7052891850471497 0.105850949883461 0.007291666666666667 0.012962962962962963
2 0.807720422744751 0.10515361279249191 0.007291666666666667 0.012962962962962963
2 0.9348680377006531 0.3262225091457367 0.007291666666666667 0.012962962962962963
2 0.9350783824920654 0.5060126185417175 0.007291666666666667 0.012962962962962963
2 0.9355409741401672 0.6876771450042725 0.007291666666666667 0.012962962962962963
2 0.8080405592918396 0.9084014296531677 0.007291666666666667 0.012962962962962963
2 0.7050063610076904 0.9063642621040344 0.007291666666666667 0.012962962962962963
2 0.6040970683097839 0.9043537974357605 0.007291666666666667 0.012962962962962963
2 0.40279877185821533 0.9034616947174072 0.007291666666666667 0.012962962962962963
2 0.30191347002983093 0.9027875661849976 0.007291666666666667 0.012962962962962963
2 0.20162099599838257 0.9025617837905884 0.007291666666666667 0.012962962962962963
