2 0.6434954404830933 0.7598086595535278 0.006511904761904761 0.0061
2 0.4976498484611511 0.7607913017272949 0.006788690476190476 0.005804761904761905
2 0.3512330651283264 0.7618529796600342 0.006511904761904761 0.005657142857142857
2 0.18359223008155823 0.6521309018135071 0.006139880952380952 0.005657142857142857
2 0.19780927896499634 0.5741113424301147 0.006044642857142857 0.005504761904761905
2 0.21045416593551636 0.5035850405693054 0.005580357142857143 0.005209523809523809
2 0.2329733669757843 0.37994447350502014 0.005208333333333333 0.005061904761904762
2 0.24322161078453064 0.3254166543483734 0.005300595238095238 0.004761904761904762
2 0.25254422426223755 0.27489081025123596 0.005023809523809523 0.005061904761904762
2 0.3927612900733948 0.21507565677165985 0.004744047619047619 0.004166666666666667
2 0.4935612976551056 0.21507443487644196 0.004744047619047619 0.004166666666666667
2 0.5940437912940979 0.21514800190925598 0.004744047619047619 0.004019047619047619
2 0.733619749546051 0.2739553153514862 0.005300595238095238 0.004614285714285714
2 0.7435876727104187 0.3241303265094757 0.004928571428571428 0.004614285714285714
2 0.7543013095855713 0.3786233365535736 0.004928571428571428 0.004761904761904762
2 0.7784678339958191 0.5007233023643494 0.005208333333333333 0.004314285714285715
2 0.7922500371932983 0.5708138346672058 0.005580357142857143 0.004614285714285714
2 0.8072897791862488 0.6480075716972351 0.005860119047619048 0.005061904761904762
3 0.6831564903259277 0.47851237654685974 0.022223214285714287 0.03555714285714286
3 0.5755131244659424 0.5413689017295837 0.022419642857142857 0.037461904761904766
3 0.6375544667243958 0.3505016267299652 0.020038690476190477 0.03333333333333333
0 0.5383127927780151 0.6250941753387451 0.024008928571428573 0.03936666666666667
1 0.47794726490974426 0.47978371381759644 0.02142857142857143 0.03555714285714286
