2 0.637414276599884 0.7506622076034546 0.006511904761904761 0.0061
2 0.49214354157447815 0.7513083815574646 0.006788690476190476 0.005804761904761905
2 0.3472824692726135 0.7520267963409424 0.006511904761904761 0.005657142857142857
2 0.18384885787963867 0.6441232562065125 0.006139880952380952 0.005657142857142857
2 0.19857947528362274 0.5679077506065369 0.006044642857142857 0.005504761904761905
2 0.21166491508483887 0.49916329979896545 0.005580357142857143 0.005209523809523809
2 0.2348814457654953 0.3789888918399811 0.005208333333333333 0.005061904761904762
2 0.24540194869041443 0.3261256217956543 0.005300595238095238 0.004761904761904762
2 0.2549667954444885 0.2772183418273926 0.005023809523809523 0.005061904761904762
2 0.39221206307411194 0.21812674403190613 0.004744047619047619 0.004166666666666667
2 0.49100208282470703 0.2171170562505722 0.004744047619047619 0.004166666666666667
2 0.589936375617981 0.2161785215139389 0.004744047619047619 0.004019047619047619
2 0.7280752062797546 0.27211618423461914 0.005300595238095238 0.004614285714285714
2 0.7379574179649353 0.3210708796977997 0.004928571428571428 0.004614285714285714
2 0.7486047744750977 0.37437090277671814 0.004928571428571428 0.004761904761904762
2 0.7727226614952087 0.49429646134376526 0.005208333333333333 0.004314285714285715
2 0.7865399122238159 0.563453197479248 0.005580357142857143 0.004614285714285714
2 0.8016708493232727 0.6398849487304688 0.005860119047619048 0.005061904761904762
3 0.677592396736145 0.4728122651576996 0.022223214285714287 0.03555714285714286
3 0.5704179406166077 0.5349575877189636 0.022419642857142857 0.037461904761904766
3 0.6325634717941284 0.34763669967651367 0.020038690476190477 0.03333333333333333
0 0.5331634283065796 0.6173956990242004 0.024008928571428573 0.03936666666666667
1 0.4741857647895813 0.4749140441417694 0.02142857142857143 0.03555714285714286
