2 0.6424868702888489 0.7636530995368958 0.006511904761904761 0.0061
2 0.4971849322319031 0.7641358375549316 0.006788690476190476 0.005804761904761905
2 0.3522603213787079 0.7646923661231995 0.006511904761904761 0.005657142857142857
2 0.18648485839366913 0.6549097299575806 0.006139880952380952 0.005657142857142857
2 0.19972991943359375 0.5771428346633911 0.006044642857142857 0.005504761904761905
2 0.21151980757713318 0.5067288279533386 0.005580357142857143 0.005209523809523809
2 0.23257911205291748 0.3830168843269348 0.005208333333333333 0.005061904761904762
2 0.24219723045825958 0.3283468782901764 0.005300595238095238 0.004761904761904762
2 0.25094908475875854 0.2776302695274353 0.005023809523809523 0.005061904761904762
2 0.3891354501247406 0.21639004349708557 0.004744047619047619 0.004166666666666667
2 0.48937949538230896 0.2155066877603531 0.004744047619047619 0.004166666666666667
2 0.5897576808929443 0.21469779312610626 0.004744047619047619 0.004019047619047619
2 0.7302433848381042 0.27311113476753235 0.005300595238095238 0.004614285714285714
2 0.7405401468276978 0.323898583650589 0.004928571428571428 0.004614285714285714
2 0.7516069412231445 0.37904122471809387 0.004928571428571428 0.004761904761904762
2 0.7765535712242126 0.502534806728363 0.005208333333333333 0.004314285714285715
2 0.7907752394676208 0.5733872652053833 0.005580357142857143 0.004614285714285714
2 0.8062913417816162 0.651387631893158 0.005860119047619048 0.005061904761904762
3 0.6806137561798096 0.48033830523490906 0.022223214285714287 0.03555714285714286
3 0.5732670426368713 0.5439324975013733 0.022419642857142857 0.037461904761904766
3 0.6341572403907776 0.3512283265590668 0.020038690476190477 0.03333333333333333
0 0.5367169976234436 0.628124475479126 0.024008928571428573 0.03936666666666667
1 0.47567152976989746 0.4822029769420624 0.02142857142857143 0.03555714285714286
