3 0.6384232044219971 0.6723800897598267 0.01669047619047619 0.027657142857142856
3 0.45908111333847046 0.7075786590576172 0.01450297619047619 0.027023809523809523
3 0.3797140121459961 0.5894089341163635 0.016491071428571428 0.027023809523809523
1 0.45610475540161133 0.4891756772994995 0.01768452380952381 0.027023809523809523
0 0.28581273555755615 0.5499224066734314 0.018080357142857145 0.027976190476190477
2 0.8576498627662659 0.37330272793769836 0.0044136904761904764 0.007638095238095238
2 0.8580307960510254 0.5043156743049622 0.004892857142857143 0.0074476190476190475
2 0.858760416507721 0.6347342729568481 0.0044136904761904764 0.007638095238095238
2 0.7520238757133484 0.8016849160194397 0.004294642857142857 0.007257142857142857
2 0.6686335802078247 0.8020233511924744 0.004892857142857143 0.0063
2 0.5851367115974426 0.8031840324401855 0.004294642857142857 0.00782857142857143
2 0.4190373420715332 0.8046773076057434 0.0044136904761904764 0.008780952380952382
2 0.33549803495407104 0.8051993250846863 0.004654761904761905 0.00782857142857143
2 0.25224775075912476 0.8050804734230042 0.005011904761904762 0.00782857142857143
2 0.1426905244588852 0.6404111981391907 0.004175595238095238 0.007257142857142857
2 0.1405777633190155 0.50967937707901 0.00525 0.00782857142857143
2 0.13851383328437805 0.3784462511539459 0.004535714285714286 0.0074476190476190475
2 0.24356573820114136 0.20939290523529053 0.003818452380952381 0.007257142857142857
2 0.327656626701355 0.20801693201065063 0.005011904761904762 0.0084
2 0.41223111748695374 0.20718920230865479 0.004773809523809524 0.007638095238095238
2 0.5801675915718079 0.20591087639331818 0.004654761904761905 0.007257142857142857
2 0.6648238301277161 0.20545049011707306 0.004773809523809524 0.006871428571428571
2 0.7487838268280029 0.20545542240142822 0.004175595238095238 0.007061904761904762
