3 0.37140047550201416 0.6698136329650879 0.01669047619047619 0.027657142857142856
3 0.5509806871414185 0.7058367729187012 0.01450297619047619 0.027023809523809523
3 0.628279983997345 0.586816132068634 0.016491071428571428 0.027023809523809523
1 0.5510400533676147 0.4855401813983917 0.01768452380952381 0.027023809523809523
0 0.7207410335540771 0.5474781394004822 0.018080357142857145 0.027976190476190477
2 0.14828108251094818 0.3660954535007477 0.0044136904761904764 0.007638095238095238
2 0.149103581905365 0.4986664652824402 0.004892857142857143 0.0074476190476190475
2 0.14957104623317719 0.6309931874275208 0.0044136904761904764 0.007638095238095238
2 0.25874486565589905 0.8009552359580994 0.004294642857142857 0.007257142857142857
2 0.3425779342651367 0.8013322353363037 0.004892857142857143 0.0063
2 0.4263021647930145 0.802543044090271 0.004294642857142857 0.00782857142857143
2 0.5921778082847595 0.8041160702705383 0.0044136904761904764 0.008780952380952382
2 0.6752676963806152 0.8046725988388062 0.004654761904761905 0.00782857142857143
2 0.7578389644622803 0.8045803904533386 0.005011904761904762 0.00782857142857143
2 0.8634600639343262 0.638927698135376 0.004175595238095238 0.007257142857142857
2 0.8633957505226135 0.507793128490448 0.00525 0.00782857142857143
2 0.8632752895355225 0.37651562690734863 0.004535714285714286 0.0074476190476190475
2 0.7572730183601379 0.20687074959278107 0.003818452380952381 0.007257142857142857
2 0.6743628978729248 0.20466388761997223 0.005011904761904762 0.0084
2 0.5907604694366455 0.2029944509267807 0.004773809523809524 0.007638095238095238
2 0.42408886551856995 0.20003245770931244 0.004654761904761905 0.007257142857142857
2 0.33973228931427 0.19871798157691956 0.004773809523809524 0.006871428571428571
2 0.2558477818965912 0.19787481427192688 0.004175595238095238 0.007061904761904762
