3 0.3628040552139282 0.6789389848709106 0.01669047619047619 0.027657142857142856
3 0.5436317920684814 0.7139960527420044 0.01450297619047619 0.027023809523809523
3 0.6218520998954773 0.5911282300949097 0.016491071428571428 0.027023809523809523
1 0.5436633825302124 0.48813050985336304 0.01768452380952381 0.027023809523809523
0 0.7157573699951172 0.5495614409446716 0.018080357142857145 0.027976190476190477
2 0.13899047672748566 0.3717814087867737 0.0044136904761904764 0.007638095238095238
2 0.14014863967895508 0.5069695711135864 0.004892857142857143 0.0074476190476190475
2 0.14095081388950348 0.6417024731636047 0.0044136904761904764 0.007638095238095238
2 0.25021281838417053 0.813606858253479 0.004294642857142857 0.007257142857142857
2 0.3340734839439392 0.8133413195610046 0.004892857142857143 0.0063
2 0.4180786907672882 0.8139264583587646 0.004294642857142857 0.00782857142857143
2 0.5852589011192322 0.8142460584640503 0.0044136904761904764 0.008780952380952382
2 0.6693788170814514 0.8141696453094482 0.004654761904761905 0.00782857142857143
2 0.7532251477241516 0.8134309649467468 0.005011904761904762 0.00782857142857143
2 0.8611410856246948 0.6420561671257019 0.004175595238095238 0.007257142857142857
2 0.8613108992576599 0.5068038702011108 0.00525 0.00782857142857143
2 0.861423909664154 0.3711894750595093 0.004535714285714286 0.0074476190476190475
2 0.7533299326896667 0.19764098525047302 0.003818452380952381 0.007257142857142857
2 0.668837308883667 0.19693969190120697 0.005011904761904762 0.0084
2 0.5838943719863892 0.19680772721767426 0.004773809523809524 0.007638095238095238
2 0.41531243920326233 0.1969221830368042 0.004654761904761905 0.007257142857142857
2 0.3303740322589874 0.19716939330101013 0.004773809523809524 0.006871428571428571
2 0.2461668848991394 0.19788983464241028 0.004175595238095238 0.007061904761904762
