3 0.6369025111198425 0.32324662804603577 0.019791666666666666 0.03148148148148148
3 0.6773046255111694 0.3464314639568329 0.019791666666666666 0.032407407407407406
4 0.692776083946228 0.5818497538566589 0.0234375 0.03981481481481482
3 0.6936219930648804 0.7127400636672974 0.024479166666666666 0.02962962962962963
3 0.5748763680458069 0.4593551754951477 0.021875 0.03611111111111111
3 0.5260107517242432 0.43077415227890015 0.020833333333333332 0.03425925925925926
1 0.5386229157447815 0.56099534034729 0.0234375 0.03796296296296296
3 0.3931759297847748 0.38432013988494873 0.020833333333333332 0.03333333333333333
4 0.3917181193828583 0.6458154916763306 0.024479166666666666 0.040740740740740744
0 0.34863603115081787 0.5652450323104858 0.023958333333333335 0.03518518518518519
3 0.2631814777851105 0.4432849586009979 0.021354166666666667 0.03611111111111111
4 0.233686164021492 0.6589541435241699 0.025 0.040740740740740744
2 0.34822386503219604 0.7510818243026733 0.008854166666666666 0.013888888888888888
2 0.49400436878204346 0.7491847276687622 0.008854166666666666 0.013888888888888888
2 0.6400288343429565 0.7477418184280396 0.008854166666666666 0.013888888888888888
2 0.8067492842674255 0.6353372931480408 0.009375 0.014814814814814815
2 0.7910280823707581 0.5589755177497864 0.009375 0.014814814814814815
2 0.7785178422927856 0.4891469180583954 0.009375 0.014814814814814815
2 0.18339885771274567 0.6419845223426819 0.0078125 0.012962962962962963
2 0.1984381079673767 0.5639116168022156 0.0078125 0.012962962962962963
2 0.21240311861038208 0.49460506439208984 0.0078125 0.012962962962962963
2 0.7545037865638733 0.36720889806747437 0.005729166666666666 0.009259259259259259
2 0.7437524199485779 0.3132017254829407 0.005729166666666666 0.009259259259259259
2 0.7340923547744751 0.2642422020435333 0.005729166666666666 0.009259259259259259
2 0.23613426089286804 0.3735578954219818 0.00625 0.010185185185185186
2 0.24693846702575684 0.3194947838783264 0.00625 0.010185185185185186
2 0.25593388080596924 0.26958179473876953 0.00625 0.010185185185185186
2 0.3952479958534241 0.2100665122270584 0.007291666666666667 0.011111111111111112
2 0.4946677088737488 0.20858879387378693 0.007291666666666667 0.011111111111111112
2 0.5945811867713928 0.20755130052566528 0.007291666666666667 0.011111111111111112
