4 0.7017868757247925 0.3393162786960602 0.016145833333333335 0.025925925925925925
3 0.6769473552703857 0.3844888508319855 0.015104166666666667 0.024074074074074074
0 0.697691023349762 0.5274202227592468 0.015104166666666667 0.024074074074074074
3 0.6340822577476501 0.6351759433746338 0.014583333333333334 0.023148148148148147
3 0.6120964288711548 0.5062932968139648 0.015104166666666667 0.024074074074074074
3 0.5617043972015381 0.31736621260643005 0.015104166666666667 0.025
3 0.46358737349510193 0.2855791747570038 0.015104166666666667 0.024074074074074074
4 0.47253987193107605 0.34134405851364136 0.015104166666666667 0.025925925925925925
1 0.4619085490703583 0.5728436708450317 0.015625 0.025
4 0.38239315152168274 0.33134859800338745 0.015625 0.024074074074074074
4 0.2698126435279846 0.5812949538230896 0.015104166666666667 0.023148148148148147
3 0.21526764333248138 0.3597196042537689 0.016666666666666666 0.024074074074074074
2 0.15407828986644745 0.6611939072608948 0.007291666666666667 0.012037037037037037
2 0.15461640059947968 0.5305975675582886 0.007291666666666667 0.012037037037037037
2 0.15489830076694489 0.40120837092399597 0.007291666666666667 0.012037037037037037
2 0.8541610240936279 0.6562287211418152 0.00625 0.010185185185185186
2 0.8572388887405396 0.525202214717865 0.00625 0.010185185185185186
2 0.8600819110870361 0.3931525647640228 0.00625 0.010185185185185186
2 0.2565133273601532 0.8229703307151794 0.0046875 0.007407407407407408
2 0.3375701904296875 0.8233039379119873 0.0046875 0.007407407407407408
2 0.41894590854644775 0.8231996893882751 0.0046875 0.007407407407407408
2 0.5806349515914917 0.8234333395957947 0.0046875 0.007407407407407408
2 0.662959635257721 0.8233287334442139 0.0046875 0.007407407407407408
2 0.7443689703941345 0.8214547634124756 0.0046875 0.007407407407407408
2 0.26008686423301697 0.23184636235237122 0.005729166666666666 0.009259259259259259
2 0.342202752828598 0.2305775284767151 0.005729166666666666 0.009259259259259259
2 0.42414337396621704 0.22886353731155396 0.005729166666666666 0.009259259259259259
2 0.5895086526870728 0.2249576896429062 0.0067708333333333336 0.011111111111111112
2 0.6734193563461304 0.22500909864902496 0.0067708333333333336 0.011111111111111112
2 0.7563825845718384 0.2250804454088211 0.0067708333333333336 0.011111111111111112
