3 0.6391769647598267 0.258466899394989 0.018229166666666668 0.02962962962962963
4 0.4610731303691864 0.29163211584091187 0.019270833333333334 0.02962962962962963
1 0.5837222933769226 0.35617855191230774 0.019791666666666666 0.032407407407407406
3 0.7155033349990845 0.41715139150619507 0.020833333333333332 0.03425925925925926
3 0.695975124835968 0.49047884345054626 0.022395833333333334 0.03611111111111111
4 0.7633267641067505 0.7265018224716187 0.024479166666666666 0.032407407407407406
4 0.6859678626060486 0.6093546748161316 0.0234375 0.03888888888888889
3 0.6404502391815186 0.5879490971565247 0.0234375 0.03796296296296296
3 0.5212222337722778 0.5350205898284912 0.022916666666666665 0.037037037037037035
0 0.49959251284599304 0.6105007529258728 0.023958333333333335 0.03888888888888889
3 0.39553672075271606 0.5560111999511719 0.022916666666666665 0.03611111111111111
2 0.35618260502815247 0.7593321204185486 0.008333333333333333 0.012962962962962963
2 0.4999518394470215 0.7585428357124329 0.008333333333333333 0.012962962962962963
2 0.6425501108169556 0.7573202252388 0.008333333333333333 0.012962962962962963
2 0.8064497113227844 0.6462765336036682 0.009895833333333333 0.01574074074074074
2 0.7933701872825623 0.5711217522621155 0.009895833333333333 0.01574074074074074
2 0.7822102308273315 0.5024817585945129 0.009895833333333333 0.01574074074074074
2 0.1931837648153305 0.6524695754051208 0.0067708333333333336 0.011111111111111112
2 0.20736031234264374 0.5755923390388489 0.0067708333333333336 0.011111111111111112
2 0.22181491553783417 0.5066817402839661 0.0067708333333333336 0.011111111111111112
2 0.761154055595398 0.38138699531555176 0.00625 0.010185185185185186
2 0.7507718205451965 0.3276517391204834 0.00625 0.010185185185185186
2 0.742371141910553 0.2774169147014618 0.00625 0.010185185185185186
2 0.24512818455696106 0.3844071924686432 0.005729166666666666 0.009259259259259259
2 0.2560320496559143 0.32971057295799255 0.005729166666666666 0.009259259259259259
2 0.2659152150154114 0.27903881669044495 0.005729166666666666 0.009259259259259259
2 0.404975563287735 0.21975532174110413 0.005729166666666666 0.009259259259259259
2 0.5048210024833679 0.21926270425319672 0.005729166666666666 0.009259259259259259
2 0.6052320003509521 0.21921910345554352 0.005729166666666666 0.009259259259259259
