3 0.37146198749542236 0.27836814522743225 0.018229166666666668 0.02962962962962963
4 0.5450495481491089 0.2979492247104645 0.019270833333333334 0.02962962962962963
1 0.42457395792007446 0.36846598982810974 0.019791666666666666 0.032407407407407406
3 0.29620417952537537 0.43561628460884094 0.020833333333333332 0.03425925925925926
3 0.3144558072090149 0.504686176776886 0.022395833333333334 0.03611111111111111
4 0.24735310673713684 0.7349608540534973 0.024479166666666666 0.032407407407407406
4 0.32312706112861633 0.6181848645210266 0.0234375 0.03888888888888889
3 0.3674613833427429 0.5949385762214661 0.0234375 0.03796296296296296
3 0.48415547609329224 0.5367687344551086 0.022916666666666665 0.037037037037037035
0 0.504740834236145 0.6083498597145081 0.023958333333333335 0.03888888888888889
3 0.607521116733551 0.549372136592865 0.022916666666666665 0.03611111111111111
2 0.6448848843574524 0.7443878054618835 0.008333333333333333 0.012962962962962963
2 0.5032094120979309 0.7514787912368774 0.008333333333333333 0.012962962962962963
2 0.36399683356285095 0.7580233216285706 0.008333333333333333 0.012962962962962963
2 0.20654933154582977 0.6605154275894165 0.009895833333333333 0.01574074074074074
2 0.21979396045207977 0.5878438353538513 0.009895833333333333 0.01574074074074074
2 0.23113809525966644 0.5214993953704834 0.009895833333333333 0.01574074074074074
2 0.8078830242156982 0.6310409903526306 0.0067708333333333336 0.011111111111111112
2 0.7942464351654053 0.5568878054618835 0.0067708333333333336 0.011111111111111112
2 0.780296266078949 0.4906226694583893 0.0067708333333333336 0.011111111111111112
2 0.2524755597114563 0.40432611107826233 0.00625 0.010185185185185186
2 0.2629483640193939 0.35224229097366333 0.00625 0.010185185185185186
2 0.27148348093032837 0.3036264181137085 0.00625 0.010185185185185186
2 0.7579180598258972 0.3731193542480469 0.005729166666666666 0.009259259259259259
2 0.7474520206451416 0.3206807076931 0.005729166666666666 0.009259259259259259
2 0.7379835844039917 0.2721368372440338 0.005729166666666666 0.009259259259259259
2 0.6007794141769409 0.2245776504278183 0.005729166666666666 0.009259259259259259
2 0.5027320384979248 0.23123343288898468 0.005729166666666666 0.009259259259259259
2 0.40476545691490173 0.2383173108100891 0.005729166666666666 0.009259259259259259
