3 0.36462923884391785 0.2626679241657257 0.018229166666666668 0.02962962962962963
4 0.5424196720123291 0.2940060794353485 0.019270833333333334 0.02962962962962963
1 0.41978803277015686 0.3590998947620392 0.019791666666666666 0.032407407407407406
3 0.2872392535209656 0.421122282743454 0.020833333333333332 0.03425925925925926
3 0.3064972460269928 0.49414587020874023 0.022395833333333334 0.03611111111111111
4 0.23703473806381226 0.7322580814361572 0.024479166666666666 0.032407407407407406
4 0.3159652650356293 0.6131569743156433 0.0234375 0.03888888888888889
3 0.3619571030139923 0.5910688638687134 0.0234375 0.03796296296296296
3 0.48194846510887146 0.5365760922431946 0.022916666666666665 0.037037037037037035
0 0.5035086870193481 0.6118005514144897 0.023958333333333335 0.03888888888888889
3 0.6077451109886169 0.555975079536438 0.022916666666666665 0.03611111111111111
2 0.6472703218460083 0.7590311765670776 0.008333333333333333 0.012962962962962963
2 0.5029085278511047 0.7604893445968628 0.008333333333333333 0.012962962962962963
2 0.35910987854003906 0.761497974395752 0.008333333333333333 0.012962962962962963
2 0.19389095902442932 0.651960551738739 0.009895833333333333 0.01574074074074074
2 0.2076844573020935 0.5761713981628418 0.009895833333333333 0.01574074074074074
2 0.2194499373435974 0.5071743726730347 0.009895833333333333 0.01574074074074074
2 0.8097488284111023 0.6495789885520935 0.0067708333333333336 0.011111111111111112
2 0.7953431010246277 0.5731125473976135 0.0067708333333333336 0.011111111111111112
2 0.7807247042655945 0.5047492980957031 0.0067708333333333336 0.011111111111111112
2 0.24150046706199646 0.38592517375946045 0.00625 0.010185185185185186
2 0.25229352712631226 0.3323124349117279 0.00625 0.010185185185185186
2 0.26104971766471863 0.2823156416416168 0.00625 0.010185185185185186
2 0.7571782469749451 0.3837815523147583 0.005729166666666666 0.009259259259259259
2 0.7462037205696106 0.3298245668411255 0.005729166666666666 0.009259259259259259
2 0.7362696528434753 0.2799183428287506 0.005729166666666666 0.009259259259259259
2 0.5982546210289001 0.22258615493774414 0.005729166666666666 0.009259259259259259
2 0.4989241063594818 0.2228504717350006 0.005729166666666666 0.009259259259259259
2 0.398732453584671 0.22356370091438293 0.005729166666666666 0.009259259259259259
