3 0.35329487919807434 0.2511803209781647 0.018229166666666668 0.02962962962962963
4 0.5301607251167297 0.28085097670555115 0.019270833333333334 0.02962962962962963
1 0.40766441822052 0.3445954918861389 0.019791666666666666 0.032407407407407406
3 0.27633464336395264 0.4048866927623749 0.020833333333333332 0.03425925925925926
3 0.29507559537887573 0.47556841373443604 0.022395833333333334 0.03611111111111111
4 0.2259311079978943 0.7053926587104797 0.024479166666666666 0.032407407407407406
4 0.3040194809436798 0.5908068418502808 0.0234375 0.03888888888888889
3 0.3495413362979889 0.5696420073509216 0.0234375 0.03796296296296296
3 0.4689081013202667 0.5171890258789062 0.022916666666666665 0.037037037037037035
0 0.4901535212993622 0.5905035138130188 0.023958333333333335 0.03888888888888889
3 0.5947349667549133 0.5365383625030518 0.022916666666666665 0.03611111111111111
2 0.633759081363678 0.7352572679519653 0.008333333333333333 0.012962962962962963
2 0.489035427570343 0.7352527379989624 0.008333333333333333 0.012962962962962963
2 0.3461495041847229 0.7348180413246155 0.008333333333333333 0.012962962962962963
2 0.1838824599981308 0.6275747418403625 0.009895833333333333 0.01574074074074074
2 0.19764384627342224 0.5545374751091003 0.009895833333333333 0.01574074074074074
2 0.20940646529197693 0.48798346519470215 0.009895833333333333 0.01574074074074074
2 0.7986008524894714 0.6293090581893921 0.0067708333333333336 0.011111111111111112
2 0.7842397093772888 0.5540875196456909 0.0067708333333333336 0.011111111111111112
2 0.7696436643600464 0.48688292503356934 0.0067708333333333336 0.011111111111111112
2 0.23145116865634918 0.3708937168121338 0.00625 0.010185185185185186
2 0.24223467707633972 0.3190603256225586 0.00625 0.010185185185185186
2 0.2510104477405548 0.2706941068172455 0.00625 0.010185185185185186
2 0.7461980581283569 0.36809471249580383 0.005729166666666666 0.009259259259259259
2 0.7352718114852905 0.3151603937149048 0.005729166666666666 0.009259259259259259
2 0.725391149520874 0.2662273347377777 0.005729166666666666 0.009259259259259259
2 0.5863942503929138 0.21084363758563995 0.005729166666666666 0.009259259259259259
2 0.486935019493103 0.21172268688678741 0.005729166666666666 0.009259259259259259
2 0.38722559809684753 0.2130376696586609 0.005729166666666666 0.009259259259259259
