4 0.7136549353599548 0.43260496854782104 0.020833333333333332 0.03611111111111111
3 0.5030396580696106 0.2699124217033386 0.018229166666666668 0.030555555555555555
3 0.3385321795940399 0.41216716170310974 0.020833333333333332 0.03333333333333333
3 0.2721862196922302 0.4717411994934082 0.022395833333333334 0.03425925925925926
3 0.3103114366531372 0.4970408082008362 0.022395833333333334 0.03425925925925926
0 0.5823714137077332 0.46906086802482605 0.021875 0.03518518518518519
3 0.5385853052139282 0.61615389585495 0.024479166666666666 0.03981481481481482
1 0.5068349838256836 0.6676803231239319 0.025 0.041666666666666664
3 0.6403182744979858 0.5681473612785339 0.022916666666666665 0.03888888888888889
4 0.6166898012161255 0.6937147378921509 0.025520833333333333 0.03611111111111111
3 0.6968275904655457 0.6711917519569397 0.025520833333333333 0.040740740740740744
2 0.6460847854614258 0.7305662631988525 0.0078125 0.012962962962962963
2 0.5011057257652283 0.7278175354003906 0.0078125 0.012962962962962963
2 0.35780149698257446 0.7267630696296692 0.0078125 0.012962962962962963
2 0.19613686203956604 0.6253656148910522 0.007291666666666667 0.012037037037037037
2 0.209805428981781 0.5552690029144287 0.007291666666666667 0.012037037037037037
2 0.22222061455249786 0.4913320541381836 0.007291666666666667 0.012037037037037037
2 0.8103709816932678 0.6287506818771362 0.00625 0.010185185185185186
2 0.7958471775054932 0.5574331283569336 0.00625 0.010185185185185186
2 0.7820826172828674 0.49287673830986023 0.00625 0.010185185185185186
2 0.7591649293899536 0.37941959500312805 0.008333333333333333 0.012962962962962963
2 0.7484687566757202 0.3279753029346466 0.008333333333333333 0.012962962962962963
2 0.7385300993919373 0.28328296542167664 0.008333333333333333 0.012962962962962963
2 0.26410120725631714 0.28292781114578247 0.0067708333333333336 0.011111111111111112
2 0.25419458746910095 0.32915329933166504 0.0067708333333333336 0.011111111111111112
2 0.2447957992553711 0.37826448678970337 0.0067708333333333336 0.011111111111111112
2 0.5998204350471497 0.2286260724067688 0.005208333333333333 0.008333333333333333
2 0.5003146529197693 0.22840754687786102 0.005208333333333333 0.008333333333333333
2 0.40124017000198364 0.22944483160972595 0.005208333333333333 0.008333333333333333
