4 0.7895140051841736 0.6033387184143066 0.015625 0.024074074074074074
3 0.7605380415916443 0.6781479120254517 0.016145833333333335 0.024074074074074074
3 0.7038199305534363 0.5364745259284973 0.015625 0.024074074074074074
4 0.6328826546669006 0.2644088566303253 0.015625 0.025925925925925925
3 0.5596838593482971 0.30567169189453125 0.014583333333333334 0.025
4 0.6853940486907959 0.4766663610935211 0.016145833333333335 0.025925925925925925
3 0.6456114649772644 0.6380437016487122 0.015104166666666667 0.025925925925925925
4 0.46530088782310486 0.7295669317245483 0.014583333333333334 0.025
0 0.5171179175376892 0.588500440120697 0.015104166666666667 0.024074074074074074
1 0.4822450578212738 0.49972856044769287 0.015625 0.025
3 0.5248584151268005 0.26261040568351746 0.0140625 0.025
3 0.4381318688392639 0.328098326921463 0.015104166666666667 0.024074074074074074
3 0.20262043178081512 0.512161135673523 0.015104166666666667 0.023148148148148147
2 0.139580637216568 0.6312183141708374 0.0067708333333333336 0.011111111111111112
2 0.1385105699300766 0.51118403673172 0.0067708333333333336 0.011111111111111112
2 0.1367032378911972 0.38810575008392334 0.0067708333333333336 0.011111111111111112
2 0.8342620134353638 0.626355767250061 0.007291666666666667 0.011111111111111112
2 0.8376858234405518 0.4995768368244171 0.007291666666666667 0.011111111111111112
2 0.8401144742965698 0.3695010244846344 0.007291666666666667 0.011111111111111112
2 0.2396235466003418 0.7849396467208862 0.005208333333333333 0.008333333333333333
2 0.31815415620803833 0.7853036522865295 0.005208333333333333 0.008333333333333333
2 0.397179514169693 0.7860848307609558 0.005208333333333333 0.008333333333333333
2 0.5577200651168823 0.786834180355072 0.0046875 0.007407407407407408
2 0.6395149230957031 0.7872159481048584 0.0046875 0.007407407407407408
2 0.7228666543960571 0.7876049876213074 0.0046875 0.007407407407407408
2 0.23617027699947357 0.22626717388629913 0.0046875 0.007407407407407408
2 0.3161725103855133 0.22266210615634918 0.0046875 0.007407407407407408
2 0.39769843220710754 0.21899104118347168 0.0046875 0.007407407407407408
2 0.5631697773933411 0.21240919828414917 0.005729166666666666 0.009259259259259259
2 0.6466135382652283 0.20952951908111572 0.005729166666666666 0.009259259259259259
2 0.7327093482017517 0.2069924771785736 0.005729166666666666 0.009259259259259259
