4 0.1863536834716797 0.6038205027580261 0.015625 0.024074074074074074
3 0.21326637268066406 0.6812679767608643 0.016145833333333335 0.024074074074074074
3 0.2710212171077728 0.5379041433334351 0.015625 0.024074074074074074
4 0.34445884823799133 0.262683629989624 0.015625 0.025925925925925925
3 0.41587135195732117 0.3055112659931183 0.014583333333333334 0.025
4 0.2899766266345978 0.47731542587280273 0.016145833333333335 0.025925925925925925
3 0.32667574286460876 0.6437501311302185 0.015104166666666667 0.025925925925925925
4 0.5052491426467896 0.7447999715805054 0.014583333333333334 0.025
0 0.45481032133102417 0.5965129137039185 0.015104166666666667 0.024074074074074074
1 0.4905991554260254 0.5057802796363831 0.015625 0.025
3 0.45078957080841064 0.26217514276504517 0.0140625 0.025
3 0.5363691449165344 0.3302345871925354 0.015104166666666667 0.024074074074074074
3 0.7740080952644348 0.5257564187049866 0.015104166666666667 0.023148148148148147
2 0.8388552069664001 0.6528168320655823 0.0067708333333333336 0.011111111111111112
2 0.8401618599891663 0.5263984799385071 0.0067708333333333336 0.011111111111111112
2 0.8422262668609619 0.39757564663887024 0.0067708333333333336 0.011111111111111112
2 0.14254067838191986 0.6259715557098389 0.007291666666666667 0.011111111111111112
2 0.14161530137062073 0.4970504343509674 0.007291666666666667 0.011111111111111112
2 0.14171454310417175 0.3656747043132782 0.007291666666666667 0.011111111111111112
2 0.7348530292510986 0.8117907643318176 0.005208333333333333 0.008333333333333333
2 0.6541571021080017 0.8089872002601624 0.005208333333333333 0.008333333333333333
2 0.5735993981361389 0.8066245913505554 0.005208333333333333 0.008333333333333333
2 0.4119267761707306 0.8010095953941345 0.0046875 0.007407407407407408
2 0.3305569887161255 0.7981836199760437 0.0046875 0.007407407407407408
2 0.24832293391227722 0.7953276038169861 0.0046875 0.007407407407407408
2 0.7407456040382385 0.22828024625778198 0.0046875 0.007407407407407408
2 0.6596832275390625 0.22373397648334503 0.0046875 0.007407407407407408
2 0.5777618288993835 0.21914221346378326 0.0046875 0.007407407407407408
2 0.41356760263442993 0.21081960201263428 0.005729166666666666 0.009259259259259259
2 0.33180344104766846 0.2071184515953064 0.005729166666666666 0.009259259259259259
2 0.24815183877944946 0.20376791059970856 0.005729166666666666 0.009259259259259259
