4 0.8131045699119568 0.6018016338348389 0.015625 0.024074074074074074
3 0.7867631912231445 0.6785874366760254 0.016145833333333335 0.024074074074074074
3 0.7307530641555786 0.534635066986084 0.015625 0.024074074074074074
4 0.6594986319541931 0.2578413486480713 0.015625 0.025925925925925925
3 0.5887165665626526 0.2983061373233795 0.014583333333333334 0.025
4 0.7123581171035767 0.4737348258495331 0.016145833333333335 0.025925925925925925
3 0.6757568717002869 0.6396547555923462 0.015104166666666667 0.025925925925925925
4 0.49749454855918884 0.739673376083374 0.014583333333333334 0.025
0 0.5487385392189026 0.5902043581008911 0.015104166666666667 0.024074074074074074
1 0.5132995843887329 0.49789220094680786 0.015625 0.025
3 0.5541531443595886 0.25362586975097656 0.0140625 0.025
3 0.46812596917152405 0.3193312883377075 0.015104166666666667 0.024074074074074074
3 0.22435112297534943 0.512194812297821 0.015104166666666667 0.023148148148148147
2 0.1560215801000595 0.6418949961662292 0.0067708333333333336 0.011111111111111112
2 0.15557537972927094 0.511456310749054 0.0067708333333333336 0.011111111111111112
2 0.1543571650981903 0.37874990701675415 0.0067708333333333336 0.011111111111111112
2 0.855472207069397 0.6244651079177856 0.007291666666666667 0.011111111111111112
2 0.8566136956214905 0.4966183006763458 0.007291666666666667 0.011111111111111112
2 0.8567700982093811 0.3665657043457031 0.007291666666666667 0.011111111111111112
2 0.26297762989997864 0.8066959381103516 0.005208333333333333 0.008333333333333333
2 0.3460015654563904 0.8041732907295227 0.005208333333333333 0.008333333333333333
2 0.4281247556209564 0.8021225333213806 0.005208333333333333 0.008333333333333333
2 0.5907049179077148 0.7971805334091187 0.0046875 0.007407407407407408
2 0.671421229839325 0.7947269082069397 0.0046875 0.007407407407407408
2 0.7522533535957336 0.792269766330719 0.0046875 0.007407407407407408
2 0.26064831018447876 0.2086954116821289 0.0046875 0.007407407407407408
2 0.3437352180480957 0.2071593552827835 0.0046875 0.007407407407407408
2 0.4269290268421173 0.2056240290403366 0.0046875 0.007407407407407408
2 0.5913721323013306 0.20347125828266144 0.005729166666666666 0.009259259259259259
2 0.672136664390564 0.2028559148311615 0.005729166666666666 0.009259259259259259
2 0.7540072202682495 0.20266486704349518 0.005729166666666666 0.009259259259259259
