4 0.18042615056037903 0.6134986877441406 0.015625 0.024074074074074074
3 0.20823778212070465 0.6902064681053162 0.016145833333333335 0.024074074074074074
3 0.2635519802570343 0.5426864624023438 0.015625 0.024074074074074074
4 0.3323718309402466 0.2617250084877014 0.015625 0.025925925925925925
3 0.40487968921661377 0.2997322678565979 0.014583333333333334 0.025
4 0.28149935603141785 0.4806162416934967 0.016145833333333335 0.025925925925925925
3 0.32103779911994934 0.6467797160148621 0.015104166666666667 0.025925925925925925
4 0.504563570022583 0.7415920495986938 0.014583333333333334 0.025
0 0.44992727041244507 0.5921774506568909 0.015104166666666667 0.024074074074074074
1 0.48464444279670715 0.4977264404296875 0.015625 0.025
3 0.4393482208251953 0.2536647915840149 0.0140625 0.025
3 0.5278159976005554 0.3164460361003876 0.015104166666666667 0.024074074074074074
3 0.7794261574745178 0.5016422867774963 0.015104166666666667 0.023148148148148147
2 0.8516722321510315 0.6301648616790771 0.0067708333333333336 0.011111111111111112
2 0.8495386242866516 0.49839645624160767 0.0067708333333333336 0.011111111111111112
2 0.8481526970863342 0.3647223114967346 0.0067708333333333336 0.011111111111111112
2 0.1374759078025818 0.637945294380188 0.007291666666666667 0.011111111111111112
2 0.13484764099121094 0.5089203715324402 0.007291666666666667 0.011111111111111112
2 0.13320401310920715 0.37802910804748535 0.007291666666666667 0.011111111111111112
2 0.7455208897590637 0.8010863065719604 0.005208333333333333 0.008333333333333333
2 0.6605397462844849 0.8015381693840027 0.005208333333333333 0.008333333333333333
2 0.576501727104187 0.8024364113807678 0.005208333333333333 0.008333333333333333
2 0.4101555645465851 0.8033187389373779 0.0046875 0.007407407407407408
2 0.3275894820690155 0.8037566542625427 0.0046875 0.007407407407407408
2 0.24491818249225616 0.8041951656341553 0.0046875 0.007407407407407408
2 0.7368043065071106 0.19796223938465118 0.0046875 0.007407407407407408
2 0.6523706912994385 0.19945046305656433 0.0046875 0.007407407407407408
2 0.5678403377532959 0.20094309747219086 0.0046875 0.007407407407407408
2 0.40080323815345764 0.2047758549451828 0.005729166666666666 0.009259259259259259
2 0.3187863528728485 0.20710039138793945 0.005729166666666666 0.009259259259259259
2 0.2356615662574768 0.20988969504833221 0.005729166666666666 0.009259259259259259
