4 0.6191555261611938 0.24991008639335632 0.01875 0.03148148148148148
4 0.6573542356491089 0.33679619431495667 0.019791666666666666 0.032407407407407406
3 0.5008035898208618 0.25879690051078796 0.018229166666666668 0.030555555555555555
1 0.3523349165916443 0.3616143465042114 0.019791666666666666 0.03518518518518519
3 0.6637728214263916 0.41490262746810913 0.020833333333333332 0.03425925925925926
0 0.4220403730869293 0.47270122170448303 0.021875 0.03518518518518519
4 0.29051464796066284 0.432476669549942 0.021354166666666667 0.03611111111111111
3 0.7304123044013977 0.4801318049430847 0.022395833333333334 0.037037037037037035
3 0.6923882365226746 0.5065231919288635 0.022395833333333334 0.03518518518518519
4 0.7383779287338257 0.5670953989028931 0.022916666666666665 0.03888888888888889
4 0.5284935235977173 0.6145345568656921 0.0234375 0.03888888888888889
3 0.4660285413265228 0.6313639283180237 0.024479166666666666 0.03888888888888889
3 0.36392250657081604 0.5794665813446045 0.0234375 0.03888888888888889
4 0.3882560431957245 0.7153606414794922 0.025 0.03611111111111111
3 0.30841031670570374 0.6902859210968018 0.025520833333333333 0.040740740740740744
2 0.3581819534301758 0.7531540989875793 0.008333333333333333 0.012962962962962963
2 0.503188967704773 0.7532461881637573 0.008333333333333333 0.012962962962962963
2 0.6462640166282654 0.753791868686676 0.008333333333333333 0.012962962962962963
2 0.8063521981239319 0.6440531611442566 0.007291666666666667 0.012037037037037037
2 0.7924559712409973 0.5684184432029724 0.007291666666666667 0.012037037037037037
2 0.7798490524291992 0.5008230209350586 0.007291666666666667 0.012037037037037037
2 0.19430050253868103 0.6433426141738892 0.0067708333333333336 0.011111111111111112
2 0.20877709984779358 0.5654690861701965 0.0067708333333333336 0.011111111111111112
2 0.22223086655139923 0.49633777141571045 0.0067708333333333336 0.011111111111111112
2 0.737143874168396 0.27687522768974304 0.008333333333333333 0.012962962962962963
2 0.7474156618118286 0.3266129791736603 0.008333333333333333 0.012962962962962963
2 0.7564476728439331 0.37901782989501953 0.008333333333333333 0.012962962962962963
2 0.2455386072397232 0.3746546506881714 0.0067708333333333336 0.011111111111111112
2 0.2561676502227783 0.32070985436439514 0.0067708333333333336 0.011111111111111112
2 0.2649984657764435 0.27043044567108154 0.0067708333333333336 0.011111111111111112
2 0.4041609764099121 0.21374090015888214 0.005729166666666666 0.009259259259259259
2 0.5031551122665405 0.2155909240245819 0.005729166666666666 0.009259259259259259
2 0.6018578410148621 0.21877996623516083 0.005729166666666666 0.009259259259259259
