4 0.6100575923919678 0.2659400403499603 0.01875 0.03148148148148148
4 0.6485524773597717 0.349691241979599 0.019791666666666666 0.032407407407407406
3 0.4909534752368927 0.27626684308052063 0.018229166666666668 0.030555555555555555
1 0.3438403010368347 0.37629419565200806 0.019791666666666666 0.03518518518518519
3 0.6548024415969849 0.42539292573928833 0.020833333333333332 0.03425925925925926
0 0.41220566630363464 0.48182666301727295 0.021875 0.03518518518518519
4 0.28338322043418884 0.4439508318901062 0.021354166666666667 0.03611111111111111
3 0.7226713299751282 0.4885269105434418 0.022395833333333334 0.037037037037037035
3 0.6836387515068054 0.5141862034797668 0.022395833333333334 0.03518518518518519
4 0.7304913401603699 0.5731185078620911 0.022916666666666665 0.03888888888888889
4 0.5176537036895752 0.617804229259491 0.0234375 0.03888888888888889
3 0.4553886353969574 0.6334651112556458 0.024479166666666666 0.03888888888888889
3 0.3548060357570648 0.583405613899231 0.0234375 0.03888888888888889
4 0.37842461466789246 0.7126931548118591 0.025 0.03611111111111111
3 0.30041348934173584 0.6879986524581909 0.025520833333333333 0.040740740740740744
2 0.3488702178001404 0.7481417059898376 0.008333333333333333 0.012962962962962963
2 0.4920206069946289 0.7503669261932373 0.008333333333333333 0.012962962962962963
2 0.6357942223548889 0.7530406713485718 0.008333333333333333 0.012962962962962963
2 0.8002318739891052 0.648505687713623 0.007291666666666667 0.012037037037037037
2 0.7861996293067932 0.5746266841888428 0.007291666666666667 0.012037037037037037
2 0.7734747529029846 0.5086524486541748 0.007291666666666667 0.012037037037037037
2 0.1902051568031311 0.6426740288734436 0.0067708333333333336 0.011111111111111112
2 0.2041839212179184 0.5695350170135498 0.0067708333333333336 0.011111111111111112
2 0.21720518171787262 0.5044431686401367 0.0067708333333333336 0.011111111111111112
2 0.7304221987724304 0.2904512584209442 0.008333333333333333 0.012962962962962963
2 0.7407844662666321 0.338854044675827 0.008333333333333333 0.012962962962962963
2 0.749864935874939 0.3899020254611969 0.008333333333333333 0.012962962962962963
2 0.23984114825725555 0.38948649168014526 0.0067708333333333336 0.011111111111111112
2 0.2501939833164215 0.3383638858795166 0.0067708333333333336 0.011111111111111112
2 0.2588173747062683 0.2906404733657837 0.0067708333333333336 0.011111111111111112
2 0.395099937915802 0.23457224667072296 0.005729166666666666 0.009259259259259259
2 0.4934176802635193 0.234670028090477 0.005729166666666666 0.009259259259259259
2 0.5926460027694702 0.23607032001018524 0.005729166666666666 0.009259259259259259
