4 0.6189594268798828 0.23903274536132812 0.01875 0.03148148148148148
4 0.6572268009185791 0.32525184750556946 0.019791666666666666 0.032407407407407406
3 0.49937427043914795 0.25083237886428833 0.018229166666666668 0.030555555555555555
1 0.34933334589004517 0.35700151324272156 0.019791666666666666 0.03518518518518519
3 0.6633579730987549 0.40363702178001404 0.020833333333333332 0.03425925925925926
0 0.41843363642692566 0.4667099118232727 0.021875 0.03518518518518519
4 0.2867432236671448 0.429117888212204 0.021354166666666667 0.03611111111111111
3 0.7309166789054871 0.46800488233566284 0.022395833333333334 0.037037037037037035
3 0.6920402646064758 0.4953994154930115 0.022395833333333334 0.03518518518518519
4 0.7386968731880188 0.5557490587234497 0.022916666666666665 0.03888888888888889
4 0.5249147415161133 0.6073988080024719 0.0234375 0.03888888888888889
3 0.46157968044281006 0.625427782535553 0.024479166666666666 0.03888888888888889
3 0.3590451776981354 0.5749699473381042 0.0234375 0.03888888888888889
4 0.38237953186035156 0.7113468647003174 0.025 0.03611111111111111
3 0.30221834778785706 0.6873016357421875 0.025520833333333333 0.040740740740740744
2 0.35172924399375916 0.7499051690101624 0.008333333333333333 0.012962962962962963
2 0.4983125627040863 0.7479394674301147 0.008333333333333333 0.012962962962962963
2 0.643811821937561 0.7464497685432434 0.008333333333333333 0.012962962962962963
2 0.807993471622467 0.6325676441192627 0.007291666666666667 0.012037037037037037
2 0.7939966320991516 0.5560991764068604 0.007291666666666667 0.012037037037037037
2 0.7813252806663513 0.4879254400730133 0.007291666666666667 0.012037037037037037
2 0.18832720816135406 0.641963005065918 0.0067708333333333336 0.011111111111111112
2 0.20363909006118774 0.5637022256851196 0.0067708333333333336 0.011111111111111112
2 0.21781612932682037 0.49430564045906067 0.0067708333333333336 0.011111111111111112
2 0.7385941743850708 0.26318109035491943 0.008333333333333333 0.012962962962962963
2 0.7488588094711304 0.31293168663978577 0.008333333333333333 0.012962962962962963
2 0.7578665614128113 0.36548149585723877 0.008333333333333333 0.012962962962962963
2 0.2423563450574875 0.37236517667770386 0.0067708333333333336 0.011111111111111112
2 0.2535146176815033 0.3183821439743042 0.0067708333333333336 0.011111111111111112
2 0.26283159852027893 0.2681378722190857 0.0067708333333333336 0.011111111111111112
2 0.40256792306900024 0.2082875519990921 0.005729166666666666 0.009259259259259259
2 0.5020443201065063 0.2076282650232315 0.005729166666666666 0.009259259259259259
2 0.6016315221786499 0.20831285417079926 0.005729166666666666 0.009259259259259259
