4 0.623554527759552 0.2466529905796051 0.01875 0.03148148148148148
4 0.6618452668190002 0.32953906059265137 0.019791666666666666 0.032407407407407406
3 0.5029615163803101 0.2539041042327881 0.018229166666666668 0.030555555555555555
1 0.35136812925338745 0.34964650869369507 0.019791666666666666 0.03518518518518519
3 0.6677802801132202 0.4038581848144531 0.020833333333333332 0.03425925925925926
0 0.4209921061992645 0.45570775866508484 0.021875 0.03518518518518519
4 0.28810834884643555 0.41595181822776794 0.021354166666666667 0.03611111111111111
3 0.7354782819747925 0.46679040789604187 0.022395833333333334 0.037037037037037035
3 0.6963298320770264 0.491422176361084 0.022395833333333334 0.03518518518518519
4 0.7429832220077515 0.5497924089431763 0.022916666666666665 0.03888888888888889
4 0.5280096530914307 0.5918958783149719 0.0234375 0.03888888888888889
3 0.46424055099487305 0.6069570779800415 0.024479166666666666 0.03888888888888889
3 0.36099880933761597 0.5561681389808655 0.0234375 0.03888888888888889
4 0.38438957929611206 0.6855652332305908 0.025 0.03611111111111111
3 0.3036358058452606 0.6604651212692261 0.025520833333333333 0.040740740740740744
2 0.3534890413284302 0.7209823727607727 0.008333333333333333 0.012962962962962963
2 0.5009885430335999 0.7235186100006104 0.008333333333333333 0.012962962962962963
2 0.647140622138977 0.7264658212661743 0.008333333333333333 0.012962962962962963
2 0.812204122543335 0.6242731213569641 0.007291666666666667 0.012037037037037037
2 0.7984724044799805 0.551833987236023 0.007291666666666667 0.012037037037037037
2 0.7860221862792969 0.4871695041656494 0.007291666666666667 0.012037037037037037
2 0.18871504068374634 0.6141898036003113 0.0067708333333333336 0.011111111111111112
2 0.2041531354188919 0.5406928658485413 0.0067708333333333336 0.011111111111111112
2 0.21846047043800354 0.47548213601112366 0.0067708333333333336 0.011111111111111112
2 0.7439149618148804 0.2734467089176178 0.008333333333333333 0.012962962962962963
2 0.7540594339370728 0.32085224986076355 0.008333333333333333 0.012962962962962963
2 0.762921929359436 0.3708232045173645 0.008333333333333333 0.012962962962962963
2 0.2432539016008377 0.3607555329799652 0.0067708333333333336 0.011111111111111112
2 0.2545390725135803 0.3099226653575897 0.0067708333333333336 0.011111111111111112
2 0.2639681398868561 0.26254627108573914 0.0067708333333333336 0.011111111111111112
2 0.40528449416160583 0.21034516394138336 0.005729166666666666 0.009259259259259259
2 0.5057351589202881 0.21301749348640442 0.005729166666666666 0.009259259259259259
2 0.6061734557151794 0.21696443855762482 0.005729166666666666 0.009259259259259259
