3 0.25819817185401917 0.7216088175773621 0.015104166666666667 0.023148148148148147
3 0.24113954603672028 0.5386165976524353 0.015104166666666667 0.023148148148148147
3 0.23522096872329712 0.3156094551086426 0.015104166666666667 0.025
1 0.332334965467453 0.4147639274597168 0.015625 0.025
0 0.3354378938674927 0.2996079921722412 0.015104166666666667 0.024074074074074074
4 0.4395861327648163 0.7065752148628235 0.015104166666666667 0.025
4 0.46030235290527344 0.29387804865837097 0.015104166666666667 0.025925925925925925
3 0.4651167690753937 0.5269808173179626 0.014583333333333334 0.023148148148148147
4 0.5166931748390198 0.64887535572052 0.015625 0.025925925925925925
4 0.6020603179931641 0.5929303169250488 0.015625 0.025925925925925925
4 0.6817734837532043 0.598665714263916 0.015625 0.025
3 0.6664382219314575 0.3041383922100067 0.015104166666666667 0.025925925925925925
4 0.8152833580970764 0.47273725271224976 0.016145833333333335 0.023148148148148147
3 0.8036866784095764 0.41643255949020386 0.016145833333333335 0.024074074074074074
2 0.8540037274360657 0.635369062423706 0.005729166666666666 0.009259259259259259
2 0.8554747700691223 0.5019545555114746 0.005729166666666666 0.009259259259259259
2 0.8577026724815369 0.3703419864177704 0.005729166666666666 0.009259259259259259
2 0.13743241131305695 0.635880708694458 0.005729166666666666 0.008333333333333333
2 0.1381249725818634 0.5037350058555603 0.005729166666666666 0.008333333333333333
2 0.13907788693904877 0.3711409866809845 0.005729166666666666 0.008333333333333333
2 0.7445375919342041 0.8026643991470337 0.008333333333333333 0.012962962962962963
2 0.6608628630638123 0.8036234378814697 0.008333333333333333 0.012962962962962963
2 0.576988935470581 0.8041318655014038 0.008333333333333333 0.012962962962962963
2 0.41070449352264404 0.8033469319343567 0.005729166666666666 0.009259259259259259
2 0.3264830410480499 0.8034054636955261 0.005729166666666666 0.009259259259259259
2 0.2438555359840393 0.8034629225730896 0.005729166666666666 0.009259259259259259
2 0.7513221502304077 0.19849495589733124 0.0067708333333333336 0.011111111111111112
2 0.6673851013183594 0.2001000940799713 0.0067708333333333336 0.011111111111111112
2 0.5824981927871704 0.1990058869123459 0.0067708333333333336 0.011111111111111112
2 0.41492125391960144 0.1995130479335785 0.005208333333333333 0.008333333333333333
2 0.3312058746814728 0.20066598057746887 0.005208333333333333 0.008333333333333333
2 0.24678319692611694 0.2009211778640747 0.005208333333333333 0.008333333333333333
