3 0.8191565275192261 0.2717275023460388 0.016145833333333335 0.025
3 0.2630636990070343 0.72902911901474 0.015104166666666667 0.023148148148148147
4 0.23120321333408356 0.25694674253463745 0.015625 0.024074074074074074
3 0.2332984358072281 0.32109910249710083 0.015625 0.025
3 0.2763853073120117 0.37371018528938293 0.015104166666666667 0.025
0 0.3319430649280548 0.3045607805252075 0.015104166666666667 0.024074074074074074
4 0.3886280059814453 0.2900928556919098 0.015104166666666667 0.024074074074074074
4 0.385717511177063 0.4800126254558563 0.015625 0.025
4 0.47237369418144226 0.7497102618217468 0.015104166666666667 0.024074074074074074
3 0.46485206484794617 0.5341749787330627 0.014583333333333334 0.024074074074074074
4 0.45587146282196045 0.2982059717178345 0.015625 0.025
4 0.6029044985771179 0.600243866443634 0.015625 0.025925925925925925
1 0.6426618099212646 0.28679317235946655 0.016145833333333335 0.025925925925925925
3 0.6616639494895935 0.3080712556838989 0.015625 0.025
3 0.8020123243331909 0.42086344957351685 0.016145833333333335 0.024074074074074074
4 0.8146898150444031 0.47793710231781006 0.016145833333333335 0.024074074074074074
2 0.24985618889331818 0.8116664290428162 0.005729166666666666 0.009259259259259259
2 0.3326391875743866 0.8123616576194763 0.005729166666666666 0.009259259259259259
2 0.41543692350387573 0.8121521472930908 0.005729166666666666 0.009259259259259259
2 0.5811082124710083 0.8130927681922913 0.00625 0.010185185185185186
2 0.6655101776123047 0.8124302625656128 0.00625 0.010185185185185186
2 0.7491843104362488 0.8140435814857483 0.00625 0.010185185185185186
2 0.8565954566001892 0.6428935527801514 0.00625 0.009259259259259259
2 0.8564826846122742 0.5075123310089111 0.00625 0.009259259259259259
2 0.8550822138786316 0.3734794557094574 0.00625 0.009259259259259259
2 0.14184258878231049 0.6427848935127258 0.00625 0.010185185185185186
2 0.14064674079418182 0.5102447271347046 0.00625 0.010185185185185186
2 0.1394587904214859 0.3785812556743622 0.00625 0.010185185185185186
2 0.7457428574562073 0.20244386792182922 0.00625 0.009259259259259259
2 0.6607454419136047 0.20186764001846313 0.00625 0.009259259259259259
2 0.5763177871704102 0.2040213942527771 0.00625 0.009259259259259259
2 0.40880170464515686 0.20512758195400238 0.007291666666666667 0.012037037037037037
2 0.32571473717689514 0.20499633252620697 0.007291666666666667 0.012037037037037037
2 0.24267253279685974 0.20712798833847046 0.007291666666666667 0.012037037037037037
