3 0.8112531304359436 0.27121567726135254 0.016145833333333335 0.025
3 0.2586500942707062 0.7153518199920654 0.015104166666666667 0.023148148148148147
4 0.2268524169921875 0.25336208939552307 0.015625 0.024074074074074074
3 0.2289593368768692 0.31598901748657227 0.015625 0.025
3 0.2715364992618561 0.36767256259918213 0.015104166666666667 0.025
0 0.3263903856277466 0.3004567325115204 0.015104166666666667 0.024074074074074074
4 0.38247814774513245 0.2866588234901428 0.015104166666666667 0.024074074074074074
4 0.3798466920852661 0.47254323959350586 0.015625 0.025
4 0.4663073718547821 0.7381291389465332 0.015104166666666667 0.024074074074074074
3 0.4584622085094452 0.5263461470603943 0.014583333333333334 0.024074074074074074
4 0.4491526782512665 0.2950080633163452 0.015625 0.025
4 0.5960273742675781 0.5925822854042053 0.015625 0.025925925925925925
1 0.6349201202392578 0.28496265411376953 0.016145833333333335 0.025925925925925925
3 0.6539260745048523 0.3059642016887665 0.015625 0.025
3 0.7945681214332581 0.4178433418273926 0.016145833333333335 0.024074074074074074
4 0.8074596524238586 0.4741573631763458 0.016145833333333335 0.024074074074074074
2 0.24564571678638458 0.7962287664413452 0.005729166666666666 0.009259259259259259
2 0.3276287615299225 0.7979644536972046 0.005729166666666666 0.009259259259259259
2 0.4098033308982849 0.7988147139549255 0.005729166666666666 0.009259259259259259
2 0.5747659206390381 0.8018613457679749 0.00625 0.010185185185185186
2 0.6590803861618042 0.8022924065589905 0.00625 0.010185185185185186
2 0.7428587079048157 0.8049622774124146 0.00625 0.010185185185185186
2 0.8500686883926392 0.6372470259666443 0.00625 0.009259259259259259
2 0.8494815230369568 0.5036729574203491 0.00625 0.009259259259259259
2 0.8476082682609558 0.3715844750404358 0.00625 0.009259259259259259
2 0.13890603184700012 0.6295592784881592 0.00625 0.010185185185185186
2 0.1376989334821701 0.4999988079071045 0.00625 0.010185185185185186
2 0.13650131225585938 0.3714546859264374 0.00625 0.010185185185185186
2 0.7375858426094055 0.20273804664611816 0.00625 0.009259259259259259
2 0.6527356505393982 0.20175054669380188 0.00625 0.009259259259259259
2 0.5686473250389099 0.2034424990415573 0.00625 0.009259259259259259
2 0.40234375 0.20369255542755127 0.007291666666666667 0.012037037037037037
2 0.3201262056827545 0.20315229892730713 0.007291666666666667 0.012037037037037037
2 0.23813241720199585 0.2048206776380539 0.007291666666666667 0.012037037037037037
