3 0.8161917924880981 0.2741807699203491 0.016145833333333335 0.025
3 0.26334649324417114 0.7182830572128296 0.015104166666666667 0.023148148148148147
4 0.23729254305362701 0.25811517238616943 0.015625 0.024074074074074074
3 0.23859195411205292 0.3201509118080139 0.015625 0.025
3 0.28066718578338623 0.37123557925224304 0.015104166666666667 0.025
0 0.336396723985672 0.3044205904006958 0.015104166666666667 0.024074074074074074
4 0.3925432860851288 0.29060280323028564 0.015104166666666667 0.024074074074074074
4 0.38794198632240295 0.4747004210948944 0.015625 0.025
4 0.4717668890953064 0.7384749054908752 0.015104166666666667 0.024074074074074074
3 0.46592262387275696 0.5275362730026245 0.014583333333333334 0.024074074074074074
4 0.45884475111961365 0.29862990975379944 0.015625 0.025
4 0.6022596955299377 0.5920660495758057 0.015625 0.025925925925925925
1 0.6428845524787903 0.28815901279449463 0.016145833333333335 0.025925925925925925
3 0.6614883542060852 0.3087236285209656 0.015625 0.025
3 0.7992428541183472 0.41798970103263855 0.016145833333333335 0.024074074074074074
4 0.8116674423217773 0.47328707575798035 0.016145833333333335 0.024074074074074074
2 0.24917303025722504 0.7997280359268188 0.005729166666666666 0.009259259259259259
2 0.3318997621536255 0.8003079891204834 0.005729166666666666 0.009259259259259259
2 0.41453805565834045 0.7999952435493469 0.005729166666666666 0.009259259259259259
2 0.5795416235923767 0.8007095456123352 0.00625 0.010185185185185186
2 0.6634364724159241 0.7999494671821594 0.00625 0.010185185185185186
2 0.7464857697486877 0.8014286756515503 0.00625 0.010185185185185186
2 0.8529165387153625 0.6337499022483826 0.00625 0.009259259259259259
2 0.8527911901473999 0.5020278692245483 0.00625 0.009259259259259259
2 0.8514028191566467 0.37230822443962097 0.00625 0.009259259259259259
2 0.14343509078025818 0.633575439453125 0.00625 0.010185185185185186
2 0.14410260319709778 0.5038504004478455 0.00625 0.010185185185185186
2 0.1447622925043106 0.3756570816040039 0.00625 0.010185185185185186
2 0.7443310618400574 0.20738257467746735 0.00625 0.009259259259259259
2 0.6609765291213989 0.2065257579088211 0.00625 0.009259259259259259
2 0.5780536532402039 0.2082931399345398 0.00625 0.009259259259259259
2 0.41319096088409424 0.20875950157642365 0.007291666666666667 0.012037037037037037
2 0.3312566876411438 0.20833656191825867 0.007291666666666667 0.012037037037037037
2 0.24922886490821838 0.21009387075901031 0.007291666666666667 0.012037037037037037
