3 0.2383495271205902 0.5664222836494446 0.021354166666666667 0.03425925925925926
0 0.32559069991111755 0.504356324672699 0.019270833333333334 0.03148148148148148
3 0.3916921019554138 0.6303417086601257 0.022395833333333334 0.037037037037037035
3 0.5498087406158447 0.6824349761009216 0.023958333333333335 0.03981481481481482
3 0.5695468783378601 0.4906683564186096 0.01875 0.030555555555555555
3 0.5635659098625183 0.3654327988624573 0.015104166666666667 0.025925925925925925
4 0.6854525804519653 0.49098652601242065 0.01875 0.030555555555555555
4 0.6967361569404602 0.43861129879951477 0.017708333333333333 0.028703703703703703
3 0.6942597031593323 0.33644968271255493 0.014583333333333334 0.024074074074074074
4 0.7305052280426025 0.34077295660972595 0.014583333333333334 0.024074074074074074
4 0.7422056198120117 0.4066847264766693 0.016666666666666666 0.026851851851851852
1 0.7779101133346558 0.4333682954311371 0.017708333333333333 0.028703703703703703
2 0.3525809645652771 0.7459585070610046 0.0078125 0.012962962962962963
2 0.25323060154914856 0.6904997825622559 0.0078125 0.012962962962962963
2 0.164306640625 0.6422361731529236 0.0078125 0.012962962962962963
2 0.18584862351417542 0.5205801129341125 0.00625 0.010185185185185186
2 0.2666880786418915 0.47650864720344543 0.00625 0.010185185185185186
2 0.3386121690273285 0.4378573000431061 0.00625 0.010185185185185186
2 0.6066716313362122 0.7177739143371582 0.008854166666666666 0.014814814814814815
2 0.676887571811676 0.6462078094482422 0.008854166666666666 0.014814814814814815
2 0.7364867329597473 0.5859370827674866 0.008854166666666666 0.014814814814814815
2 0.8304137587547302 0.48836347460746765 0.005208333333333333 0.008333333333333333
2 0.8704092502593994 0.44790342450141907 0.005208333333333333 0.008333333333333333
2 0.9052727222442627 0.4119228720664978 0.005208333333333333 0.008333333333333333
2 0.45821312069892883 0.37134218215942383 0.005208333333333333 0.008333333333333333
2 0.5100577473640442 0.3443744480609894 0.005208333333333333 0.008333333333333333
2 0.5564593076705933 0.3191889524459839 0.005208333333333333 0.008333333333333333
2 0.839861273765564 0.3452345132827759 0.005208333333333333 0.008333333333333333
2 0.7639296054840088 0.32717108726501465 0.005208333333333333 0.008333333333333333
2 0.6930035948753357 0.3095741868019104 0.005208333333333333 0.008333333333333333
