3 0.2454453855752945 0.5735305547714233 0.021354166666666667 0.03425925925925926
0 0.3314376771450043 0.5104721188545227 0.019270833333333334 0.03148148148148148
3 0.3977850675582886 0.6328261494636536 0.022395833333333334 0.037037037037037035
3 0.5531304478645325 0.6798853278160095 0.023958333333333335 0.03981481481481482
3 0.5721666812896729 0.4920509159564972 0.01875 0.030555555555555555
3 0.5661125779151917 0.368552565574646 0.015104166666666667 0.025925925925925925
4 0.6856974363327026 0.49005234241485596 0.01875 0.030555555555555555
4 0.6968620419502258 0.4383966028690338 0.017708333333333333 0.028703703703703703
3 0.6947118043899536 0.3376212418079376 0.014583333333333334 0.024074074074074074
4 0.7302410006523132 0.3412952423095703 0.014583333333333334 0.024074074074074074
4 0.7414273619651794 0.40613794326782227 0.016666666666666666 0.026851851851851852
1 0.7761510610580444 0.43172502517700195 0.017708333333333333 0.028703703703703703
2 0.3601439297199249 0.7464749217033386 0.0078125 0.012962962962962963
2 0.2616223692893982 0.6949195861816406 0.0078125 0.012962962962962963
2 0.17279745638370514 0.6497786045074463 0.0078125 0.012962962962962963
2 0.19258512556552887 0.5294007062911987 0.00625 0.010185185185185186
2 0.2726195156574249 0.4841282069683075 0.00625 0.010185185185185186
2 0.34378287196159363 0.4444311857223511 0.00625 0.010185185185185186
2 0.6086117029190063 0.7127764225006104 0.008854166666666666 0.014814814814814815
2 0.6770018339157104 0.6417078375816345 0.008854166666666666 0.014814814814814815
2 0.7351291179656982 0.5817640423774719 0.008854166666666666 0.014814814814814815
2 0.8268994092941284 0.48461371660232544 0.005208333333333333 0.008333333333333333
2 0.8660264611244202 0.44424939155578613 0.005208333333333333 0.008333333333333333
2 0.9001657366752625 0.40833863615989685 0.005208333333333333 0.008333333333333333
2 0.4620000720024109 0.37625357508659363 0.005208333333333333 0.008333333333333333
2 0.5132142305374146 0.34857431054115295 0.005208333333333333 0.008333333333333333
2 0.5590257048606873 0.3227711021900177 0.005208333333333333 0.008333333333333333
2 0.83709716796875 0.34387463331222534 0.005208333333333333 0.008333333333333333
2 0.763031542301178 0.32728779315948486 0.005208333333333333 0.008333333333333333
2 0.6935498714447021 0.3110087811946869 0.005208333333333333 0.008333333333333333
