3 0.11519356071949005 0.42255574464797974 0.025520833333333333 0.04259259259259259
4 0.12844428420066833 0.31308886408805847 0.026041666666666668 0.04259259259259259
3 0.14619038999080658 0.34305211901664734 0.025 0.04259259259259259
4 0.22159181535243988 0.3714557886123657 0.024479166666666666 0.04259259259259259
1 0.22642739117145538 0.7415286302566528 0.023958333333333335 0.041666666666666664
4 0.5158331990242004 0.46243149042129517 0.0234375 0.04259259259259259
3 0.5795335173606873 0.7030142545700073 0.023958333333333335 0.041666666666666664
0 0.6271409392356873 0.5564480423927307 0.0234375 0.041666666666666664
3 0.73475581407547 0.30578601360321045 0.023958333333333335 0.041666666666666664
4 0.7562809586524963 0.2870609760284424 0.024479166666666666 0.04259259259259259
2 0.9107555150985718 0.6576043963432312 0.007291666666666667 0.012962962962962963
2 0.9110785126686096 0.4808878004550934 0.007291666666666667 0.012962962962962963
2 0.9135350584983826 0.30289849638938904 0.007291666666666667 0.012962962962962963
2 0.7866676449775696 0.09364593774080276 0.007291666666666667 0.012962962962962963
2 0.68254154920578 0.10116998106241226 0.007291666666666667 0.012962962962962963
2 0.5808060765266418 0.10551498085260391 0.007291666666666667 0.012962962962962963
2 0.38039442896842957 0.11536260694265366 0.007291666666666667 0.012962962962962963
2 0.2819622755050659 0.11828892678022385 0.007291666666666667 0.012962962962962963
2 0.1837577223777771 0.12376165390014648 0.007291666666666667 0.012962962962962963
2 0.06154568865895271 0.334939569234848 0.007291666666666667 0.012962962962962963
2 0.059317078441381454 0.5040298104286194 0.007291666666666667 0.012962962962962963
2 0.057107798755168915 0.6711148619651794 0.007291666666666667 0.012962962962962963
2 0.17456983029842377 0.8765477538108826 0.007291666666666667 0.012962962962962963
2 0.27202948927879333 0.8766764402389526 0.007291666666666667 0.012962962962962963
2 0.3702428936958313 0.8751132488250732 0.007291666666666667 0.012962962962962963
2 0.5708869695663452 0.8753587603569031 0.007291666666666667 0.012962962962962963
2 0.6739091277122498 0.8754815459251404 0.007291666666666667 0.012962962962962963
2 0.777999997138977 0.8764762282371521 0.007291666666666667 0.012962962962962963
