3 0.12085552513599396 0.4203510284423828 0.025520833333333333 0.04259259259259259
4 0.13403873145580292 0.3020997941493988 0.026041666666666668 0.04259259259259259
3 0.15326379239559174 0.3352487087249756 0.025 0.04259259259259259
4 0.23348934948444366 0.36871036887168884 0.024479166666666666 0.04259259259259259
1 0.2422814667224884 0.7682986855506897 0.023958333333333335 0.041666666666666664
4 0.538036048412323 0.4748837649822235 0.0234375 0.04259259259259259
3 0.6050384640693665 0.7295787930488586 0.023958333333333335 0.041666666666666664
0 0.6506660580635071 0.5762811303138733 0.0234375 0.041666666666666664
3 0.7533484101295471 0.31837666034698486 0.023958333333333335 0.041666666666666664
4 0.7740739583969116 0.29984474182128906 0.024479166666666666 0.04259259259259259
2 0.9281213283538818 0.6855407953262329 0.007291666666666667 0.012962962962962963
2 0.9258435368537903 0.5042139887809753 0.007291666666666667 0.012962962962962963
2 0.925583004951477 0.3221534490585327 0.007291666666666667 0.012962962962962963
2 0.8009104132652283 0.10191628336906433 0.007291666666666667 0.012962962962962963
2 0.6994951963424683 0.10407927632331848 0.007291666666666667 0.012962962962962963
2 0.5988523960113525 0.10308707505464554 0.007291666666666667 0.012962962962962963
2 0.39609527587890625 0.10245297104120255 0.007291666666666667 0.012962962962962963
2 0.29423123598098755 0.10009533911943436 0.007291666666666667 0.012962962962962963
2 0.1911013275384903 0.10045353323221207 0.007291666666666667 0.012962962962962963
2 0.06234385073184967 0.32312747836112976 0.007291666666666667 0.012962962962962963
2 0.061402130872011185 0.5074795484542847 0.007291666666666667 0.012962962962962963
2 0.060461170971393585 0.6901968121528625 0.007291666666666667 0.012962962962962963
2 0.18858203291893005 0.9149031043052673 0.007291666666666667 0.012962962962962963
2 0.29168975353240967 0.9144826531410217 0.007291666666666667 0.012962962962962963
2 0.39404112100601196 0.912248969078064 0.007291666666666667 0.012962962962962963
2 0.5985267162322998 0.9114218354225159 0.007291666666666667 0.012962962962962963
2 0.7011682987213135 0.9110032320022583 0.007291666666666667 0.012962962962962963
2 0.8033135533332825 0.9114928245544434 0.007291666666666667 0.012962962962962963
