4 0.775879979133606 0.7422344088554382 0.016824404761904763 0.027404761904761904
0 0.7685022354125977 0.6241695880889893 0.016824404761904763 0.027404761904761904
3 0.7058868408203125 0.556282639503479 0.016517857142857143 0.030833333333333334
3 0.6104328036308289 0.6203495264053345 0.015598214285714285 0.028385714285714285
3 0.5510843992233276 0.484408438205719 0.015598214285714285 0.027404761904761904
3 0.6039181351661682 0.3557644486427307 0.01743452380952381 0.027895238095238094
3 0.5086064338684082 0.43513548374176025 0.016517857142857143 0.02593809523809524
4 0.5745801329612732 0.330282986164093 0.016211309523809524 0.02936190476190476
4 0.4857998788356781 0.43509986996650696 0.016211309523809524 0.030833333333333334
4 0.38012760877609253 0.29766154289245605 0.01804761904761905 0.030342857142857144
1 0.5092996954917908 0.2997018098831177 0.01743452380952381 0.027404761904761904
3 0.3394230306148529 0.29811570048332214 0.016211309523809524 0.028385714285714285
3 0.30314454436302185 0.5430201888084412 0.015904761904761904 0.02642857142857143
2 0.8595255613327026 0.35287970304489136 0.004428571428571428 0.007519047619047619
2 0.8597248792648315 0.4885236322879791 0.0045625 0.008161904761904763
2 0.8599935173988342 0.6255052089691162 0.005101190476190476 0.007519047619047619
2 0.7512248158454895 0.7990495562553406 0.004428571428571428 0.006871428571428571
2 0.6658039093017578 0.7979884743690491 0.004294642857142857 0.006657142857142857
2 0.580733060836792 0.7969294786453247 0.0057708333333333335 0.0077333333333333325
2 0.4103841483592987 0.7955584526062012 0.0045625 0.008376190476190476
2 0.3260307013988495 0.7938672304153442 0.004833333333333333 0.00859047619047619
2 0.24076959490776062 0.7925983667373657 0.004967261904761905 0.007519047619047619
2 0.13368763029575348 0.6174095273017883 0.004833333333333333 0.007519047619047619
2 0.13449597358703613 0.4818592965602875 0.004833333333333333 0.0073
2 0.13523660600185394 0.3461565673351288 0.004699404761904761 0.010095238095238095
2 0.24397481977939606 0.1739254742860794 0.004294642857142857 0.007519047619047619
2 0.32790395617485046 0.17456872761249542 0.004833333333333333 0.007085714285714286
2 0.41257593035697937 0.17499598860740662 0.004833333333333333 0.008376190476190476
2 0.5807809829711914 0.17596015334129333 0.0052351190476190475 0.008161904761904763
2 0.6655718684196472 0.1771339327096939 0.004967261904761905 0.007947619047619049
2 0.7503787875175476 0.17767183482646942 0.005369047619047619 0.0073
