4 0.7742343544960022 0.7472113370895386 0.016824404761904763 0.027404761904761904
0 0.7673067450523376 0.6296163201332092 0.016824404761904763 0.027404761904761904
3 0.7046472430229187 0.5617249011993408 0.016517857142857143 0.030833333333333334
3 0.6085192561149597 0.6254322528839111 0.015598214285714285 0.028385714285714285
3 0.5491143465042114 0.4894849359989166 0.015598214285714285 0.027404761904761904
3 0.6025983691215515 0.3607877492904663 0.01743452380952381 0.027895238095238094
3 0.5064187049865723 0.44005006551742554 0.016517857142857143 0.02593809523809524
4 0.573085367679596 0.33513814210891724 0.016211309523809524 0.02936190476190476
4 0.4834430515766144 0.4399501085281372 0.016211309523809524 0.030833333333333334
4 0.37697136402130127 0.30178260803222656 0.01804761904761905 0.030342857142857144
1 0.50730961561203 0.30423852801322937 0.01743452380952381 0.027404761904761904
3 0.3358819782733917 0.3021105229854584 0.016211309523809524 0.028385714285714285
3 0.29941412806510925 0.5474488139152527 0.015904761904761904 0.02642857142857143
2 0.8600321412086487 0.3586653172969818 0.004428571428571428 0.007519047619047619
2 0.8595630526542664 0.49443119764328003 0.0045625 0.008161904761904763
2 0.8591580390930176 0.6311638355255127 0.005101190476190476 0.007519047619047619
2 0.7492863535881042 0.803645670413971 0.004428571428571428 0.006871428571428571
2 0.6636322736740112 0.8024247288703918 0.004294642857142857 0.006657142857142857
2 0.5782930850982666 0.8012060523033142 0.0057708333333333335 0.0077333333333333325
2 0.4072977602481842 0.799509584903717 0.0045625 0.008376190476190476
2 0.3225710093975067 0.7976620197296143 0.004833333333333333 0.00859047619047619
2 0.23689590394496918 0.7962320446968079 0.004967261904761905 0.007519047619047619
2 0.1288338005542755 0.62136310338974 0.004833333333333333 0.007519047619047619
2 0.129329651594162 0.48580631613731384 0.004833333333333333 0.0073
2 0.12975819408893585 0.34972918033599854 0.004699404761904761 0.010095238095238095
2 0.2393442839384079 0.17686350643634796 0.004294642857142857 0.007519047619047619
2 0.3242023289203644 0.17780129611492157 0.004833333333333333 0.007085714285714286
2 0.409775972366333 0.17852379381656647 0.004833333333333333 0.008376190476190476
2 0.5796675086021423 0.1800743043422699 0.0052351190476190475 0.008161904761904763
2 0.6652536988258362 0.18154747784137726 0.004967261904761905 0.007947619047619049
2 0.7508218884468079 0.18238036334514618 0.005369047619047619 0.0073
