4 0.23118335008621216 0.7370059490203857 0.016824404761904763 0.027404761904761904
0 0.23770296573638916 0.6206877827644348 0.016824404761904763 0.027404761904761904
3 0.2996555268764496 0.5544630885124207 0.016517857142857143 0.030833333333333334
3 0.39528700709342957 0.6185413599014282 0.015598214285714285 0.028385714285714285
3 0.45334288477897644 0.4853552579879761 0.015598214285714285 0.027404761904761904
3 0.39972934126853943 0.35828685760498047 0.01743452380952381 0.027895238095238094
3 0.4952351748943329 0.43735256791114807 0.016517857142857143 0.02593809523809524
4 0.42873531579971313 0.3335690498352051 0.016211309523809524 0.02936190476190476
4 0.5179325342178345 0.437563419342041 0.016211309523809524 0.030833333333333334
4 0.6218804717063904 0.3036946654319763 0.01804761904761905 0.030342857142857144
1 0.49344930052757263 0.3042529821395874 0.01743452380952381 0.027404761904761904
3 0.6623392701148987 0.30459579825401306 0.016211309523809524 0.028385714285714285
3 0.7005558013916016 0.5456153750419617 0.015904761904761904 0.02642857142857143
2 0.14502717554569244 0.35262826085090637 0.004428571428571428 0.007519047619047619
2 0.14575012028217316 0.48612144589424133 0.0045625 0.008161904761904763
2 0.14641377329826355 0.6210682988166809 0.005101190476190476 0.007519047619047619
2 0.25619956851005554 0.7932927012443542 0.004428571428571428 0.006871428571428571
2 0.34143179655075073 0.7930741310119629 0.004294642857142857 0.006657142857142857
2 0.42626890540122986 0.792854368686676 0.0057708333333333335 0.0077333333333333325
2 0.5960192084312439 0.7931532859802246 0.0045625 0.008376190476190476
2 0.6800001859664917 0.7923038005828857 0.004833333333333333 0.00859047619047619
2 0.7648428082466125 0.7918795347213745 0.004967261904761905 0.007519047619047619
2 0.8696850538253784 0.6205195188522339 0.004833333333333333 0.007519047619047619
2 0.8675958514213562 0.48727598786354065 0.004833333333333333 0.0073
2 0.8655744194984436 0.3540179431438446 0.004699404761904761 0.010095238095238095
2 0.7560367584228516 0.18383876979351044 0.004294642857142857 0.007519047619047619
2 0.6727045178413391 0.18350009620189667 0.004833333333333333 0.007085714285714286
2 0.5885884165763855 0.1829407662153244 0.004833333333333333 0.008376190476190476
2 0.42135652899742126 0.18194200098514557 0.0052351190476190475 0.008161904761904763
2 0.3369946777820587 0.18211336433887482 0.004967261904761905 0.007947619047619049
2 0.2525671422481537 0.18166017532348633 0.005369047619047619 0.0073
