3 0.5221888422966003 0.2653641998767853 0.018229166666666668 0.02962962962962963
3 0.46197250485420227 0.26680126786231995 0.018229166666666668 0.028703703703703703
3 0.5459628701210022 0.3355955183506012 0.019270833333333334 0.03333333333333333
3 0.3580789268016815 0.36873385310173035 0.0203125 0.03333333333333333
3 0.30119243264198303 0.41532978415489197 0.020833333333333332 0.03333333333333333
3 0.47518447041511536 0.46897247433662415 0.021354166666666667 0.03518518518518519
1 0.6939170360565186 0.5350233316421509 0.022916666666666665 0.037037037037037035
0 0.5540239214897156 0.5954477787017822 0.0234375 0.03888888888888889
2 0.3665879964828491 0.7586240172386169 0.008854166666666666 0.013888888888888888
2 0.5093280673027039 0.759602963924408 0.008854166666666666 0.013888888888888888
2 0.6502355933189392 0.7592244744300842 0.008854166666666666 0.013888888888888888
2 0.8086037039756775 0.652237594127655 0.008333333333333333 0.012962962962962963
2 0.794004499912262 0.576901912689209 0.008333333333333333 0.012962962962962963
2 0.7814158201217651 0.50780189037323 0.008333333333333333 0.012962962962962963
2 0.20390735566616058 0.6465449929237366 0.007291666666666667 0.011111111111111112
2 0.21892423927783966 0.5706051588058472 0.007291666666666667 0.011111111111111112
2 0.23091864585876465 0.5010752081871033 0.007291666666666667 0.011111111111111112
2 0.25372177362442017 0.3780543804168701 0.00625 0.010185185185185186
2 0.2640177309513092 0.3236336410045624 0.00625 0.010185185185185186
2 0.2730727195739746 0.2742250859737396 0.00625 0.010185185185185186
2 0.7588052749633789 0.3860943615436554 0.00625 0.010185185185185186
2 0.7487831115722656 0.3330552279949188 0.00625 0.010185185185185186
2 0.7392733097076416 0.28313738107681274 0.00625 0.010185185185185186
2 0.4095347225666046 0.21810901165008545 0.005729166666666666 0.009259259259259259
2 0.5073400735855103 0.22046729922294617 0.005729166666666666 0.009259259259259259
2 0.6048821806907654 0.22191640734672546 0.005729166666666666 0.009259259259259259
