3 0.45405909419059753 0.2576596140861511 0.018229166666666668 0.02962962962962963
3 0.5138819813728333 0.25906121730804443 0.018229166666666668 0.028703703703703703
3 0.43102410435676575 0.3254590630531311 0.019270833333333334 0.03333333333333333
3 0.619201123714447 0.35895267128944397 0.0203125 0.03333333333333333
3 0.6775960922241211 0.4053252935409546 0.020833333333333332 0.03333333333333333
3 0.5020846724510193 0.45554107427597046 0.021354166666666667 0.03518518518518519
1 0.28773802518844604 0.5155377984046936 0.022916666666666665 0.037037037037037035
0 0.42465272545814514 0.5768906474113464 0.0234375 0.03888888888888889
2 0.6136506199836731 0.7423949241638184 0.008854166666666666 0.013888888888888888
2 0.46999016404151917 0.7380237579345703 0.008854166666666666 0.013888888888888888
2 0.33121994137763977 0.7325025796890259 0.008854166666666666 0.013888888888888888
2 0.17836233973503113 0.6248390078544617 0.008333333333333333 0.012962962962962963
2 0.19196179509162903 0.5534558892250061 0.008333333333333333 0.012962962962962963
2 0.2036811262369156 0.48791560530662537 0.008333333333333333 0.012962962962962963
2 0.7802413702011108 0.6366608142852783 0.007291666666666667 0.011111111111111112
2 0.7638857364654541 0.560584545135498 0.007291666666666667 0.011111111111111112
2 0.7507840394973755 0.49121466279029846 0.007291666666666667 0.011111111111111112
2 0.7260735630989075 0.3690042495727539 0.00625 0.010185185185185186
2 0.7149739861488342 0.315170019865036 0.00625 0.010185185185185186
2 0.7052227258682251 0.2664167284965515 0.00625 0.010185185185185186
2 0.22475884854793549 0.3723806142807007 0.00625 0.010185185185185186
2 0.23411338031291962 0.32198941707611084 0.00625 0.010185185185185186
2 0.24299608170986176 0.2745387852191925 0.00625 0.010185185185185186
2 0.5660597085952759 0.2116214781999588 0.005729166666666666 0.009259259259259259
2 0.4684668481349945 0.21423548460006714 0.005729166666666666 0.009259259259259259
2 0.37256959080696106 0.2159375250339508 0.005729166666666666 0.009259259259259259
