1 0.43211695551872253 0.6355180144309998 0.016145833333333335 0.027777777777777776
3 0.5752279758453369 0.5963338613510132 0.014583333333333334 0.024074074074074074
3 0.644712507724762 0.5404654145240784 0.013020833333333334 0.020370370370370372
3 0.70932936668396 0.5220001935958862 0.011979166666666667 0.019444444444444445
3 0.7422581315040588 0.5302794575691223 0.0125 0.020370370370370372
3 0.721603274345398 0.5799617767333984 0.014583333333333334 0.023148148148148147
3 0.7173946499824524 0.6072348356246948 0.015104166666666667 0.024074074074074074
2 0.3557972013950348 0.7292599081993103 0.0067708333333333336 0.011111111111111112
2 0.2924221158027649 0.6951863169670105 0.0067708333333333336 0.011111111111111112
2 0.23737481236457825 0.66498863697052 0.0067708333333333336 0.011111111111111112
2 0.27499648928642273 0.599240779876709 0.0067708333333333336 0.011111111111111112
2 0.3416280746459961 0.5765594244003296 0.0067708333333333336 0.011111111111111112
2 0.40127429366111755 0.559619128704071 0.0067708333333333336 0.011111111111111112
2 0.5545108914375305 0.7235033512115479 0.008854166666666666 0.013888888888888888
2 0.6215295195579529 0.6850155591964722 0.008854166666666666 0.013888888888888888
2 0.6788950562477112 0.6527799367904663 0.008854166666666666 0.013888888888888888
2 0.7709000110626221 0.5998954772949219 0.007291666666666667 0.011111111111111112
2 0.8106141686439514 0.5787473917007446 0.007291666666666667 0.011111111111111112
2 0.8445644378662109 0.55850750207901 0.007291666666666667 0.011111111111111112
2 0.8027376532554626 0.5196272134780884 0.005729166666666666 0.009259259259259259
2 0.7452728748321533 0.5065449476242065 0.005729166666666666 0.009259259259259259
2 0.6929423809051514 0.49603909254074097 0.005729166666666666 0.009259259259259259
2 0.5021630525588989 0.5258687734603882 0.004166666666666667 0.006481481481481481
2 0.5462834239006042 0.510785698890686 0.004166666666666667 0.006481481481481481
2 0.5863381624221802 0.49832776188850403 0.004166666666666667 0.006481481481481481
