1 0.41143348813056946 0.630230724811554 0.016145833333333335 0.027777777777777776
3 0.5579817295074463 0.5893000364303589 0.014583333333333334 0.024074074074074074
3 0.6305577754974365 0.5312060117721558 0.013020833333333334 0.020370370370370372
3 0.6978267431259155 0.5115046501159668 0.011979166666666667 0.019444444444444445
3 0.7319461703300476 0.5197494029998779 0.0125 0.020370370370370372
3 0.7095239162445068 0.5714133977890015 0.014583333333333334 0.023148148148148147
3 0.704643189907074 0.5997058153152466 0.015104166666666667 0.024074074074074074
2 0.33255094289779663 0.7260921597480774 0.0067708333333333336 0.011111111111111112
2 0.26982662081718445 0.6914162635803223 0.0067708333333333336 0.011111111111111112
2 0.21570390462875366 0.6608788371086121 0.0067708333333333336 0.011111111111111112
2 0.2545337677001953 0.5940898060798645 0.0067708333333333336 0.011111111111111112
2 0.3215698301792145 0.5706295967102051 0.0067708333333333336 0.011111111111111112
2 0.3818627595901489 0.5529334545135498 0.0067708333333333336 0.011111111111111112
2 0.5342541933059692 0.7202840447425842 0.008854166666666666 0.013888888888888888
2 0.6038846373558044 0.6805399656295776 0.008854166666666666 0.013888888888888888
2 0.6638097167015076 0.6470614671707153 0.008854166666666666 0.013888888888888888
2 0.7605985403060913 0.5917699337005615 0.007291666666666667 0.011111111111111112
2 0.8025998473167419 0.5695075988769531 0.007291666666666667 0.011111111111111112
2 0.8386651277542114 0.5481589436531067 0.007291666666666667 0.011111111111111112
2 0.7953786849975586 0.5080822706222534 0.005729166666666666 0.009259259259259259
2 0.7355204224586487 0.49512097239494324 0.005729166666666666 0.009259259259259259
2 0.6812964081764221 0.4848397672176361 0.005729166666666666 0.009259259259259259
2 0.4847241938114166 0.5175540447235107 0.004166666666666667 0.006481481481481481
2 0.5300211310386658 0.5016443729400635 0.004166666666666667 0.006481481481481481
2 0.5712833404541016 0.4884129762649536 0.004166666666666667 0.006481481481481481
