1 0.586639940738678 0.6259154677391052 0.016145833333333335 0.027777777777777776
3 0.43925270438194275 0.5855280756950378 0.014583333333333334 0.024074074074074074
3 0.36634916067123413 0.5272738337516785 0.013020833333333334 0.020370370370370372
3 0.2988136410713196 0.507861852645874 0.011979166666666667 0.019444444444444445
3 0.26463690400123596 0.516488790512085 0.0125 0.020370370370370372
3 0.28723204135894775 0.5685551762580872 0.014583333333333334 0.023148148148148147
3 0.2921854555606842 0.5970839262008667 0.015104166666666667 0.024074074074074074
2 0.6656795144081116 0.7222693562507629 0.0067708333333333336 0.011111111111111112
2 0.7292012572288513 0.6869038939476013 0.0067708333333333336 0.011111111111111112
2 0.7841796278953552 0.655673086643219 0.0067708333333333336 0.011111111111111112
2 0.7453839182853699 0.5881982445716858 0.0067708333333333336 0.011111111111111112
2 0.6776820421218872 0.5648680925369263 0.0067708333333333336 0.011111111111111112
2 0.6168189644813538 0.5473572015762329 0.0067708333333333336 0.011111111111111112
2 0.4629270136356354 0.7175094485282898 0.008854166666666666 0.013888888888888888
2 0.39316827058792114 0.6779050827026367 0.008854166666666666 0.013888888888888888
2 0.333141028881073 0.64455646276474 0.008854166666666666 0.013888888888888888
2 0.23620113730430603 0.5894743204116821 0.007291666666666667 0.011111111111111112
2 0.19414742290973663 0.5673215985298157 0.007291666666666667 0.011111111111111112
2 0.15803053975105286 0.5460487604141235 0.007291666666666667 0.011111111111111112
2 0.2010960876941681 0.5052013397216797 0.005729166666666666 0.009259259259259259
2 0.2609821856021881 0.4915784001350403 0.005729166666666666 0.009259259259259259
2 0.31534549593925476 0.480693519115448 0.005729166666666666 0.009259259259259259
2 0.5131151676177979 0.5122472047805786 0.004166666666666667 0.006481481481481481
2 0.4674874544143677 0.49646449089050293 0.004166666666666667 0.006481481481481481
2 0.4259437620639801 0.4833756685256958 0.004166666666666667 0.006481481481481481
