1 0.5673774480819702 0.6309203505516052 0.016145833333333335 0.027777777777777776
3 0.4227355122566223 0.5895004272460938 0.014583333333333334 0.024074074074074074
3 0.35274872183799744 0.5315366983413696 0.013020833333333334 0.020370370370370372
3 0.2879306375980377 0.5122359991073608 0.011979166666666667 0.019444444444444445
3 0.25503209233283997 0.5206092000007629 0.0125 0.020370370370370372
3 0.2758391797542572 0.5717805027961731 0.014583333333333334 0.023148148148148147
3 0.2801343500614166 0.5998304486274719 0.015104166666666667 0.024074074074074074
2 0.6449213027954102 0.7285313606262207 0.0067708333333333336 0.011111111111111112
2 0.7094733715057373 0.6938247084617615 0.0067708333333333336 0.011111111111111112
2 0.7657385468482971 0.6629489064216614 0.0067708333333333336 0.011111111111111112
2 0.7272961139678955 0.5943788290023804 0.0067708333333333336 0.011111111111111112
2 0.659305989742279 0.5704305768013 0.0067708333333333336 0.011111111111111112
2 0.5986168384552002 0.5525384545326233 0.0067708333333333336 0.011111111111111112
2 0.44384801387786865 0.7206977605819702 0.008854166666666666 0.013888888888888888
2 0.37638723850250244 0.6804943680763245 0.008854166666666666 0.013888888888888888
2 0.3187905251979828 0.646896243095398 0.008854166666666666 0.013888888888888888
2 0.22669018805027008 0.5919588804244995 0.007291666666666667 0.011111111111111112
2 0.1870470494031906 0.5700304508209229 0.007291666666666667 0.011111111111111112
2 0.1531994491815567 0.5490978360176086 0.007291666666666667 0.011111111111111112
2 0.19465865194797516 0.5094074010848999 0.005729166666666666 0.009259259259259259
2 0.25193896889686584 0.49619367718696594 0.005729166666666666 0.009259259259259259
2 0.3042583763599396 0.4855749011039734 0.005729166666666666 0.009259259259259259
2 0.49632981419563293 0.517113983631134 0.004166666666666667 0.006481481481481481
2 0.45174142718315125 0.5013378858566284 0.004166666666666667 0.006481481481481481
2 0.4113399386405945 0.48831769824028015 0.004166666666666667 0.006481481481481481
