3 0.523125946521759 0.2699624001979828 0.018229166666666668 0.030555555555555555
3 0.46226009726524353 0.2715858519077301 0.01875 0.028703703703703703
3 0.3537205755710602 0.3722521662712097 0.0203125 0.03333333333333333
3 0.5460323691368103 0.33793818950653076 0.019791666666666666 0.032407407407407406
1 0.6241052150726318 0.3951569199562073 0.020833333333333332 0.03425925925925926
4 0.7336220145225525 0.4419460594654083 0.021354166666666667 0.03425925925925926
3 0.47109276056289673 0.46813076734542847 0.021875 0.03611111111111111
3 0.2948097586631775 0.4177044928073883 0.020833333333333332 0.03333333333333333
4 0.420391708612442 0.5590205788612366 0.0234375 0.03796296296296296
4 0.7076210379600525 0.5788598656654358 0.0234375 0.03888888888888889
0 0.5487046837806702 0.5895813703536987 0.023958333333333335 0.03888888888888889
4 0.46987995505332947 0.6002130508422852 0.0234375 0.040740740740740744
4 0.5525224804878235 0.637469470500946 0.024479166666666666 0.03981481481481482
2 0.3546217381954193 0.7499226927757263 0.008333333333333333 0.012962962962962963
2 0.49923112988471985 0.7481624484062195 0.008333333333333333 0.012962962962962963
2 0.6423192620277405 0.7477206587791443 0.008333333333333333 0.012962962962962963
2 0.805070698261261 0.6412818431854248 0.008854166666666666 0.014814814814814815
2 0.7931690812110901 0.5657002329826355 0.008854166666666666 0.014814814814814815
2 0.78182452917099 0.4994909167289734 0.008854166666666666 0.014814814814814815
2 0.7617794871330261 0.3840756118297577 0.00625 0.010185185185185186
2 0.7528825402259827 0.3323154151439667 0.00625 0.010185185185185186
2 0.7441556453704834 0.2843990623950958 0.00625 0.010185185185185186
2 0.19171302020549774 0.6437457799911499 0.008333333333333333 0.012962962962962963
2 0.20822618901729584 0.5678818821907043 0.008333333333333333 0.012962962962962963
2 0.2220412790775299 0.5008163452148438 0.008333333333333333 0.012962962962962963
2 0.24741500616073608 0.3820578455924988 0.0078125 0.012962962962962963
2 0.2592300474643707 0.3303792178630829 0.0078125 0.012962962962962963
2 0.2692115604877472 0.28045225143432617 0.0078125 0.012962962962962963
2 0.4093160927295685 0.22522015869617462 0.005729166666666666 0.009259259259259259
2 0.5092533230781555 0.22557517886161804 0.00625 0.010185185185185186
2 0.6090937852859497 0.22636789083480835 0.00625 0.010185185185185186
