3 0.4913251996040344 0.25504815578460693 0.018229166666666668 0.030555555555555555
3 0.5509871244430542 0.25791218876838684 0.01875 0.028703703703703703
3 0.6557365655899048 0.3570834696292877 0.0203125 0.03333333333333333
3 0.4678322374820709 0.32052356004714966 0.019791666666666666 0.032407407407407406
1 0.389469712972641 0.37505704164505005 0.020833333333333332 0.03425925925925926
4 0.27869662642478943 0.41950294375419617 0.021354166666666667 0.03425925925925926
3 0.5400840640068054 0.4485427737236023 0.021875 0.03611111111111111
3 0.7124503254890442 0.40185412764549255 0.020833333333333332 0.03333333333333333
4 0.5889661312103271 0.5379546284675598 0.0234375 0.03796296296296296
4 0.30228927731513977 0.555539608001709 0.0234375 0.03888888888888889
0 0.4616585969924927 0.5671704411506653 0.023958333333333335 0.03888888888888889
4 0.5397458672523499 0.5781062841415405 0.0234375 0.040740740740740744
4 0.45717015862464905 0.6145471930503845 0.024479166666666666 0.03981481481481482
2 0.6518309116363525 0.7260180711746216 0.008333333333333333 0.012962962962962963
2 0.5088154077529907 0.7245572805404663 0.008333333333333333 0.012962962962962963
2 0.36523330211639404 0.7243944406509399 0.008333333333333333 0.012962962962962963
2 0.20178113877773285 0.6174566745758057 0.008854166666666666 0.014814814814814815
2 0.2156405746936798 0.5418229699134827 0.008854166666666666 0.014814814814814815
2 0.22864723205566406 0.47595158219337463 0.008854166666666666 0.014814814814814815
2 0.2514267563819885 0.3619700074195862 0.00625 0.010185185185185186
2 0.26148033142089844 0.31119561195373535 0.00625 0.010185185185185186
2 0.2712436616420746 0.26439040899276733 0.00625 0.010185185185185186
2 0.8108425140380859 0.6219320893287659 0.008333333333333333 0.012962962962962963
2 0.7951995730400085 0.5480987429618835 0.008333333333333333 0.012962962962962963
2 0.782163679599762 0.48302459716796875 0.008333333333333333 0.012962962962962963
2 0.7582946419715881 0.36822184920310974 0.0078125 0.012962962962962963
2 0.7472012639045715 0.31842371821403503 0.0078125 0.012962962962962963
2 0.7378804087638855 0.27043837308883667 0.0078125 0.012962962962962963
2 0.6030526757240295 0.2144901156425476 0.005729166666666666 0.009259259259259259
2 0.5055193305015564 0.2124978005886078 0.00625 0.010185185185185186
2 0.40710213780403137 0.21091189980506897 0.00625 0.010185185185185186
