4 0.3294117748737335 0.2928119897842407 0.0140625 0.023148148148148147
4 0.26449471712112427 0.45322978496551514 0.015104166666666667 0.025925925925925925
0 0.31915462017059326 0.45669636130332947 0.015625 0.024074074074074074
4 0.30778148770332336 0.5358437299728394 0.016145833333333335 0.025
4 0.35559558868408203 0.5884114503860474 0.015104166666666667 0.023148148148148147
3 0.4719142019748688 0.5404927134513855 0.0140625 0.024074074074074074
3 0.5432327389717102 0.7403791546821594 0.014583333333333334 0.024074074074074074
3 0.6116347908973694 0.6816710233688354 0.015104166666666667 0.025
4 0.572776198387146 0.5117077231407166 0.015625 0.024074074074074074
1 0.5671091675758362 0.42792320251464844 0.015625 0.025
4 0.5065925717353821 0.2426595389842987 0.015625 0.024074074074074074
3 0.6681699156761169 0.45641836524009705 0.015104166666666667 0.024074074074074074
3 0.7828372120857239 0.5614738464355469 0.016666666666666666 0.024074074074074074
3 0.7854161858558655 0.48354288935661316 0.015625 0.023148148148148147
4 0.822580099105835 0.24206101894378662 0.016666666666666666 0.025
2 0.7491140961647034 0.800229549407959 0.00625 0.010185185185185186
2 0.6659810543060303 0.8002362251281738 0.00625 0.010185185185185186
2 0.5836952328681946 0.8011289834976196 0.00625 0.010185185185185186
2 0.4185883104801178 0.8002560138702393 0.005208333333333333 0.008333333333333333
2 0.3360348343849182 0.8011475205421448 0.005208333333333333 0.008333333333333333
2 0.25380510091781616 0.8007113933563232 0.005208333333333333 0.008333333333333333
2 0.14314301311969757 0.5048742890357971 0.007291666666666667 0.012037037037037037
2 0.1453016847372055 0.6349517107009888 0.007291666666666667 0.012037037037037037
2 0.14172585308551788 0.3728715479373932 0.007291666666666667 0.012037037037037037
2 0.33026447892189026 0.20172849297523499 0.005208333333333333 0.008333333333333333
2 0.2459171861410141 0.20202937722206116 0.005208333333333333 0.008333333333333333
2 0.4136649966239929 0.20097915828227997 0.005208333333333333 0.008333333333333333
2 0.7506707906723022 0.20113418996334076 0.007291666666666667 0.011111111111111112
2 0.666940450668335 0.20097996294498444 0.007291666666666667 0.011111111111111112
2 0.5820038914680481 0.20083048939704895 0.007291666666666667 0.011111111111111112
2 0.8573431372642517 0.6328691244125366 0.008333333333333333 0.012962962962962963
2 0.8577868938446045 0.5026891827583313 0.008333333333333333 0.012962962962962963
2 0.8579771518707275 0.3705783486366272 0.008333333333333333 0.012962962962962963
