4 0.3381185531616211 0.31216368079185486 0.0140625 0.023148148148148147
4 0.27379339933395386 0.46588191390037537 0.015104166666666667 0.025925925925925925
0 0.32861676812171936 0.46854808926582336 0.015625 0.024074074074074074
4 0.3176094591617584 0.5440425276756287 0.016145833333333335 0.025
4 0.36564967036247253 0.5933219790458679 0.015104166666666667 0.023148148148148147
3 0.48122212290763855 0.5462026000022888 0.0140625 0.024074074074074074
3 0.5524356961250305 0.7339127659797668 0.014583333333333334 0.024074074074074074
3 0.6196813583374023 0.6773812174797058 0.015104166666666667 0.025
4 0.5809615850448608 0.5176202654838562 0.015625 0.024074074074074074
1 0.5751392245292664 0.43843433260917664 0.015625 0.025
4 0.5146469473838806 0.26316484808921814 0.015625 0.024074074074074074
3 0.6747890114784241 0.46423932909965515 0.015104166666666667 0.024074074074074074
3 0.7872224450111389 0.5616776347160339 0.016666666666666666 0.024074074074074074
3 0.7896637320518494 0.488408625125885 0.015625 0.023148148148148147
4 0.8257480263710022 0.2606741189956665 0.016666666666666666 0.025
2 0.7545837163925171 0.786156177520752 0.00625 0.010185185185185186
2 0.6732946038246155 0.7878265976905823 0.00625 0.010185185185185186
2 0.5924808979034424 0.7903208136558533 0.00625 0.010185185185185186
2 0.42924606800079346 0.7928416132926941 0.005208333333333333 0.008333333333333333
2 0.3470908999443054 0.7953676581382751 0.005208333333333333 0.008333333333333333
2 0.2648891508579254 0.7966386675834656 0.005208333333333333 0.008333333333333333
2 0.15185655653476715 0.5167063474655151 0.007291666666666667 0.012037037037037037
2 0.1548428237438202 0.6409253478050232 0.007291666666666667 0.012037037037037037
2 0.149601548910141 0.39035484194755554 0.007291666666666667 0.012037037037037037
2 0.3385477662086487 0.22512950003147125 0.005208333333333333 0.008333333333333333
2 0.2537808120250702 0.22585344314575195 0.005208333333333333 0.008333333333333333
2 0.42198315262794495 0.22398586571216583 0.005208333333333333 0.008333333333333333
2 0.7553605437278748 0.22242583334445953 0.007291666666666667 0.011111111111111112
2 0.673092782497406 0.22270114719867706 0.007291666666666667 0.011111111111111112
2 0.5892622470855713 0.2229883074760437 0.007291666666666667 0.011111111111111112
2 0.8598096966743469 0.6275179386138916 0.008333333333333333 0.012962962962962963
2 0.8601894974708557 0.505501925945282 0.008333333333333333 0.012962962962962963
2 0.8603227138519287 0.38141965866088867 0.008333333333333333 0.012962962962962963
