4 0.6780107617378235 0.2867649495601654 0.0140625 0.023148148148148147
4 0.7420050501823425 0.44622644782066345 0.015104166666666667 0.025925925925925925
0 0.6883293390274048 0.45001739263534546 0.015625 0.024074074074074074
4 0.6996424198150635 0.5290598273277283 0.016145833333333335 0.025
4 0.6526461243629456 0.5820622444152832 0.015104166666666667 0.023148148148148147
3 0.5378949046134949 0.5348725914955139 0.0140625 0.024074074074074074
3 0.4671328663825989 0.7365169525146484 0.014583333333333334 0.024074074074074074
3 0.39937642216682434 0.6779289245605469 0.015104166666666667 0.025
4 0.43823572993278503 0.5067025423049927 0.015625 0.024074074074074074
1 0.44398656487464905 0.4227207601070404 0.015625 0.025
4 0.5039101839065552 0.23756389319896698 0.015625 0.024074074074074074
3 0.3439202606678009 0.4518660604953766 0.015104166666666667 0.024074074074074074
3 0.22966104745864868 0.5582049489021301 0.016666666666666666 0.024074074074074074
3 0.22745946049690247 0.4798307716846466 0.015625 0.023148148148148147
4 0.19174981117248535 0.23810142278671265 0.016666666666666666 0.025
2 0.2621975541114807 0.7990621328353882 0.00625 0.010185185185185186
2 0.34503427147865295 0.7982168793678284 0.00625 0.010185185185185186
2 0.4268651008605957 0.7982779741287231 0.00625 0.010185185185185186
2 0.5905855298042297 0.79571133852005 0.005208333333333333 0.008333333333333333
2 0.6722075343132019 0.7957705855369568 0.005208333333333333 0.008333333333333333
2 0.753350555896759 0.7944959402084351 0.005208333333333333 0.008333333333333333
2 0.8611409068107605 0.49699369072914124 0.007291666666666667 0.012037037037037037
2 0.8595331311225891 0.6270357966423035 0.007291666666666667 0.012037037037037037
2 0.8620104193687439 0.36550331115722656 0.007291666666666667 0.012037037037037037
2 0.677044153213501 0.19631242752075195 0.005208333333333333 0.008333333333333333
2 0.7595947980880737 0.1963503211736679 0.005208333333333333 0.008333333333333333
2 0.5952606201171875 0.19582629203796387 0.005208333333333333 0.008333333333333333
2 0.2631624639034271 0.1970248967409134 0.007291666666666667 0.011111111111111112
2 0.3459189534187317 0.19661100208759308 0.007291666666666667 0.011111111111111112
2 0.4297013580799103 0.19619888067245483 0.007291666666666667 0.011111111111111112
2 0.15506115555763245 0.6307825446128845 0.008333333333333333 0.012962962962962963
2 0.15535633265972137 0.49955952167510986 0.008333333333333333 0.012962962962962963
2 0.15591329336166382 0.36686190962791443 0.008333333333333333 0.012962962962962963
