4 0.6772741079330444 0.29684504866600037 0.0140625 0.023148148148148147
4 0.7402387857437134 0.4536241292953491 0.015104166666666667 0.025925925925925925
0 0.6860120892524719 0.45632675290107727 0.015625 0.024074074074074074
4 0.6966124773025513 0.5335626602172852 0.016145833333333335 0.025
4 0.6486455798149109 0.5843177437782288 0.015104166666666667 0.023148148148148147
3 0.5332930684089661 0.5362510681152344 0.0140625 0.024074074074074074
3 0.45999622344970703 0.7312251925468445 0.014583333333333334 0.024074074074074074
3 0.39215928316116333 0.6730061173439026 0.015104166666666667 0.025
4 0.43292152881622314 0.5069648623466492 0.015625 0.024074074074074074
1 0.43949204683303833 0.425179660320282 0.015625 0.025
4 0.5017739534378052 0.2455112636089325 0.015625 0.024074074074074074
3 0.3381215035915375 0.45175474882125854 0.015104166666666667 0.024074074074074074
3 0.2217940241098404 0.5533202290534973 0.016666666666666666 0.024074074074074074
3 0.22019346058368683 0.47687485814094543 0.015625 0.023148148148148147
4 0.18598219752311707 0.2401614934206009 0.016666666666666666 0.025
2 0.2527073919773102 0.788329541683197 0.00625 0.010185185185185186
2 0.3362847566604614 0.7890012264251709 0.00625 0.010185185185185186
2 0.41882145404815674 0.7905355095863342 0.00625 0.010185185185185186
2 0.5839252471923828 0.7909916043281555 0.005208333333333333 0.008333333333333333
2 0.6661974191665649 0.7925196886062622 0.005208333333333333 0.008333333333333333
2 0.747982919216156 0.792742908000946 0.005208333333333333 0.008333333333333333
2 0.8599128723144531 0.5052982568740845 0.007291666666666667 0.012037037037037037
2 0.8568344712257385 0.6318711638450623 0.007291666666666667 0.012037037037037037
2 0.8622664213180542 0.37713146209716797 0.007291666666666667 0.012037037037037037
2 0.6772288084030151 0.20845501124858856 0.005208333333333333 0.008333333333333333
2 0.7606715559959412 0.21004906296730042 0.005208333333333333 0.008333333333333333
2 0.5945473909378052 0.2064368724822998 0.005208333333333333 0.008333333333333333
2 0.25858360528945923 0.20134016871452332 0.007291666666666667 0.011111111111111112
2 0.3423323929309845 0.20249798893928528 0.007291666666666667 0.011111111111111112
2 0.4271005392074585 0.20367665588855743 0.007291666666666667 0.011111111111111112
2 0.1458684653043747 0.6226565837860107 0.008333333333333333 0.012962962962962963
2 0.14716175198554993 0.49478286504745483 0.008333333333333333 0.012962962962962963
2 0.1487327665090561 0.3653028905391693 0.008333333333333333 0.012962962962962963
