4 0.7056553959846497 0.5286379456520081 0.016145833333333335 0.025
4 0.658206582069397 0.5809094905853271 0.015104166666666667 0.024074074074074074
0 0.6943359375 0.4535350799560547 0.015625 0.023148148148148147
3 0.5429838299751282 0.538406491279602 0.014583333333333334 0.024074074074074074
4 0.7475310564041138 0.44926607608795166 0.015625 0.025
4 0.5107272267341614 0.2552102208137512 0.015104166666666667 0.025
3 0.46951016783714294 0.7351062893867493 0.014583333333333334 0.024074074074074074
4 0.6845512986183167 0.29885584115982056 0.014583333333333334 0.023148148148148147
1 0.44883349537849426 0.4319663643836975 0.015625 0.025
4 0.44252970814704895 0.513619601726532 0.015625 0.025
3 0.40086629986763 0.6797547340393066 0.015104166666666667 0.024074074074074074
3 0.34676459431648254 0.46202191710472107 0.015104166666666667 0.024074074074074074
3 0.22958754003047943 0.5644174218177795 0.015625 0.024074074074074074
3 0.22672422230243683 0.4924223721027374 0.0140625 0.023148148148148147
4 0.19362039864063263 0.2596563696861267 0.016666666666666666 0.025
2 0.8635222315788269 0.6195215582847595 0.009375 0.014814814814814815
2 0.8657538890838623 0.4932464063167572 0.009375 0.014814814814814815
2 0.8659952282905579 0.3701835572719574 0.009375 0.014814814814814815
2 0.5944716930389404 0.790008008480072 0.0067708333333333336 0.011111111111111112
2 0.6771074533462524 0.7857063412666321 0.0067708333333333336 0.011111111111111112
2 0.7590368986129761 0.78187096118927 0.0067708333333333336 0.011111111111111112
2 0.6022245287895203 0.21408367156982422 0.005729166666666666 0.009259259259259259
2 0.6841309070587158 0.2126816213130951 0.005729166666666666 0.009259259259259259
2 0.7655817866325378 0.21296848356723785 0.005729166666666666 0.009259259259259259
2 0.2586468458175659 0.8026613593101501 0.005208333333333333 0.008333333333333333
2 0.3441549241542816 0.7986698150634766 0.005208333333333333 0.008333333333333333
2 0.42865949869155884 0.795160710811615 0.005208333333333333 0.008333333333333333
2 0.14994555711746216 0.6406406760215759 0.007291666666666667 0.012037037037037037
2 0.15254603326320648 0.5114195942878723 0.007291666666666667 0.012037037037037037
2 0.15483404695987701 0.3846089243888855 0.007291666666666667 0.012037037037037037
2 0.26728832721710205 0.2185232788324356 0.005208333333333333 0.008333333333333333
2 0.35178428888320923 0.21708111464977264 0.005208333333333333 0.008333333333333333
2 0.4363265335559845 0.21564210951328278 0.005208333333333333 0.008333333333333333
