4 0.3133135437965393 0.5507348775863647 0.016145833333333335 0.025
4 0.36000365018844604 0.602190375328064 0.015104166666666667 0.024074074074074074
0 0.3260546326637268 0.4721416234970093 0.015625 0.023148148148148147
3 0.4755934178829193 0.5521572232246399 0.014583333333333334 0.024074074074074074
4 0.2723483443260193 0.4703267514705658 0.015625 0.025
4 0.5140307545661926 0.25745829939842224 0.015104166666666667 0.025
3 0.5433929562568665 0.7486090660095215 0.014583333333333334 0.024074074074074074
4 0.3387482464313507 0.31004688143730164 0.014583333333333334 0.023148148148148147
1 0.5710201263427734 0.4379536211490631 0.015625 0.025
4 0.5751925110816956 0.5214842557907104 0.015625 0.025
3 0.6117011904716492 0.688374936580658 0.015104166666666667 0.024074074074074074
3 0.6701000332832336 0.4639190435409546 0.015104166666666667 0.024074074074074074
3 0.7803361415863037 0.5621002912521362 0.015625 0.024074074074074074
3 0.7852672338485718 0.48904186487197876 0.0140625 0.023148148148148147
4 0.8243362307548523 0.2500561475753784 0.016666666666666666 0.025
2 0.151824951171875 0.6539608240127563 0.009375 0.014814814814814815
2 0.15118542313575745 0.5223361253738403 0.009375 0.014814814814814815
2 0.1525464951992035 0.39301031827926636 0.009375 0.014814814814814815
2 0.41930967569351196 0.8123195767402649 0.0067708333333333336 0.011111111111111112
2 0.3373386263847351 0.8134048581123352 0.0067708333333333336 0.011111111111111112
2 0.25536003708839417 0.814930260181427 0.0067708333333333336 0.011111111111111112
2 0.42343202233314514 0.21784064173698425 0.005729166666666666 0.009259259259259259
2 0.34076422452926636 0.21936726570129395 0.005729166666666666 0.009259259259259259
2 0.2578265368938446 0.22267885506153107 0.005729166666666666 0.009259259259259259
2 0.7454501986503601 0.8031812310218811 0.005208333333333333 0.008333333333333333
2 0.6634872555732727 0.8047062754631042 0.005208333333333333 0.008333333333333333
2 0.5817676782608032 0.806665301322937 0.005208333333333333 0.008333333333333333
2 0.853956937789917 0.6345062255859375 0.007291666666666667 0.012037037037037037
2 0.8556411862373352 0.5046083927154541 0.007291666666666667 0.012037037037037037
2 0.8575587868690491 0.37617334723472595 0.007291666666666667 0.012037037037037037
2 0.7543358206748962 0.21039468050003052 0.005208333333333333 0.008333333333333333
2 0.6719343066215515 0.2119150012731552 0.005208333333333333 0.008333333333333333
2 0.5887708067893982 0.21345345675945282 0.005208333333333333 0.008333333333333333
