4 0.700108528137207 0.5341328978538513 0.016145833333333335 0.025
4 0.6521404981613159 0.588752031326294 0.015104166666666667 0.024074074074074074
0 0.6876106262207031 0.45375803112983704 0.015625 0.023148148148148147
3 0.5345114469528198 0.5412408113479614 0.014583333333333334 0.024074074074074074
4 0.7423375248908997 0.4500437378883362 0.015625 0.025
4 0.4977554380893707 0.24005016684532166 0.015104166666666667 0.025
3 0.4635389745235443 0.7464121580123901 0.014583333333333334 0.024074074074074074
4 0.6757194995880127 0.28795504570007324 0.014583333333333334 0.023148148148148147
1 0.4380967319011688 0.4270617663860321 0.015625 0.025
4 0.43307340145111084 0.5131192803382874 0.015625 0.025
3 0.39417746663093567 0.6865474581718445 0.015104166666666667 0.024074074074074074
3 0.33670616149902344 0.45716777443885803 0.015104166666666667 0.024074074074074074
3 0.2229490578174591 0.5621090531349182 0.015625 0.024074074074074074
3 0.21875159442424774 0.4870011508464813 0.0140625 0.023148148148148147
4 0.18167589604854584 0.24292805790901184 0.016666666666666666 0.025
2 0.8642603754997253 0.6348186731338501 0.009375 0.014814814814814815
2 0.8654804229736328 0.49930131435394287 0.009375 0.014814814814814815
2 0.8646526336669922 0.3666093647480011 0.009375 0.014814814814814815
2 0.590034544467926 0.8079342842102051 0.0067708333333333336 0.011111111111111112
2 0.673906683921814 0.8061243295669556 0.0067708333333333336 0.011111111111111112
2 0.7577396035194397 0.8047705292701721 0.0067708333333333336 0.011111111111111112
2 0.5902338027954102 0.1964963972568512 0.005729166666666666 0.009259259259259259
2 0.6742532849311829 0.19528736174106598 0.005729166666666666 0.009259259259259259
2 0.7584931254386902 0.1958930492401123 0.005729166666666666 0.009259259259259259
2 0.2559419870376587 0.8101479411125183 0.005208333333333333 0.008333333333333333
2 0.33997437357902527 0.8087915778160095 0.005208333333333333 0.008333333333333333
2 0.42370957136154175 0.8078943490982056 0.005208333333333333 0.008333333333333333
2 0.1467040479183197 0.6394293308258057 0.007291666666666667 0.012037037037037037
2 0.14659373462200165 0.5054723024368286 0.007291666666666667 0.012037037037037037
2 0.14622721076011658 0.37341585755348206 0.007291666666666667 0.012037037037037037
2 0.2534939646720886 0.1999763548374176 0.005208333333333333 0.008333333333333333
2 0.33741721510887146 0.19876763224601746 0.005208333333333333 0.008333333333333333
2 0.42207208275794983 0.19755256175994873 0.005208333333333333 0.008333333333333333
