4 0.6880061626434326 0.24702869355678558 0.019270833333333334 0.030555555555555555
0 0.7313344478607178 0.5371922254562378 0.0234375 0.03611111111111111
3 0.603742241859436 0.4351431429386139 0.020833333333333332 0.03518518518518519
4 0.40093737840652466 0.6984158158302307 0.025520833333333333 0.04259259259259259
4 0.4117286801338196 0.6255013346672058 0.023958333333333335 0.03888888888888889
1 0.30029425024986267 0.5801658630371094 0.023958333333333335 0.03796296296296296
3 0.2993413209915161 0.4673252999782562 0.021875 0.03425925925925926
2 0.354092538356781 0.7533223628997803 0.0078125 0.012962962962962963
2 0.4995635449886322 0.7510642409324646 0.0078125 0.012962962962962963
2 0.6440355777740479 0.7461793422698975 0.0078125 0.012962962962962963
2 0.807902455329895 0.6370622515678406 0.009375 0.014814814814814815
2 0.7937324047088623 0.5638724565505981 0.009375 0.014814814814814815
2 0.7830257415771484 0.49668431282043457 0.009375 0.014814814814814815
2 0.7616862058639526 0.37883344292640686 0.0067708333333333336 0.010185185185185186
2 0.7523342967033386 0.32640811800956726 0.0067708333333333336 0.010185185185185186
2 0.7431797385215759 0.27921175956726074 0.0067708333333333336 0.010185185185185186
2 0.40667417645454407 0.22307239472866058 0.007291666666666667 0.011111111111111112
2 0.5073153376579285 0.22278891503810883 0.007291666666666667 0.011111111111111112
2 0.6065771579742432 0.22251607477664948 0.007291666666666667 0.011111111111111112
2 0.18930409848690033 0.6495283246040344 0.009895833333333333 0.01574074074074074
2 0.20523697137832642 0.573380172252655 0.009895833333333333 0.01574074074074074
2 0.21952809393405914 0.5031335949897766 0.009895833333333333 0.01574074074074074
2 0.2444663792848587 0.38425424695014954 0.005729166666666666 0.009259259259259259
2 0.25568974018096924 0.3306880295276642 0.005729166666666666 0.009259259259259259
2 0.2655538022518158 0.2820703685283661 0.005729166666666666 0.009259259259259259
