4 0.30955740809440613 0.24605828523635864 0.019270833333333334 0.03148148148148148
0 0.2628597915172577 0.53867107629776 0.0234375 0.037037037037037035
3 0.339156836271286 0.3422386348247528 0.019791666666666666 0.032407407407407406
3 0.37959519028663635 0.38798439502716064 0.020833333333333332 0.03425925925925926
3 0.39031532406806946 0.4332106113433838 0.021354166666666667 0.03518518518518519
3 0.49152666330337524 0.3351435959339142 0.019791666666666666 0.032407407407407406
3 0.6946917772293091 0.45915818214416504 0.021875 0.03425925925925926
1 0.7157331109046936 0.5066468715667725 0.022395833333333334 0.03611111111111111
4 0.7193589806556702 0.5627906918525696 0.0234375 0.03888888888888889
3 0.6894972324371338 0.5893583297729492 0.023958333333333335 0.03888888888888889
4 0.5785936117172241 0.6215994954109192 0.023958333333333335 0.037037037037037035
4 0.483818918466568 0.6548415422439575 0.024479166666666666 0.03981481481481482
4 0.5309065580368042 0.6726663112640381 0.025 0.041666666666666664
3 0.6009895205497742 0.7033948302268982 0.026041666666666668 0.041666666666666664
2 0.63478684425354 0.7505014538764954 0.0078125 0.012037037037037037
2 0.4895683825016022 0.7488332390785217 0.0078125 0.012037037037037037
2 0.346475213766098 0.7471879124641418 0.0078125 0.012037037037037037
2 0.1867062896490097 0.6400437355041504 0.0078125 0.012962962962962963
2 0.20064157247543335 0.5666238069534302 0.0078125 0.012962962962962963
2 0.2133701890707016 0.4982593059539795 0.0078125 0.012962962962962963
2 0.23491637408733368 0.37995341420173645 0.00625 0.010185185185185186
2 0.2454657256603241 0.3256722092628479 0.00625 0.010185185185185186
2 0.25402894616127014 0.2788081467151642 0.00625 0.010185185185185186
2 0.8035976886749268 0.6416929960250854 0.005729166666666666 0.009259259259259259
2 0.7886661887168884 0.5647990107536316 0.005729166666666666 0.009259259259259259
2 0.7755645513534546 0.4943266212940216 0.005729166666666666 0.009259259259259259
2 0.7511221766471863 0.37305551767349243 0.0078125 0.012037037037037037
2 0.7413874864578247 0.3190438747406006 0.0078125 0.012037037037037037
2 0.7313714623451233 0.2687000632286072 0.0078125 0.012037037037037037
2 0.5901558995246887 0.21182453632354736 0.005729166666666666 0.009259259259259259
2 0.48945310711860657 0.2155666947364807 0.005729166666666666 0.009259259259259259
2 0.3902791440486908 0.21836566925048828 0.005729166666666666 0.009259259259259259
