4 0.3308066725730896 0.2450939565896988 0.019270833333333334 0.03148148148148148
0 0.2796463072299957 0.5403966903686523 0.0234375 0.037037037037037035
3 0.35984617471694946 0.34115931391716003 0.019791666666666666 0.032407407407407406
3 0.4002782702445984 0.38678497076034546 0.020833333333333332 0.03425925925925926
3 0.410722553730011 0.4319744110107422 0.021354166666666667 0.03518518518518519
3 0.5120638012886047 0.3340643048286438 0.019791666666666666 0.032407407407407406
3 0.7091208696365356 0.45472386479377747 0.021875 0.03425925925925926
1 0.7293710112571716 0.5009058713912964 0.022395833333333334 0.03611111111111111
4 0.7330579161643982 0.5558969974517822 0.0234375 0.03888888888888889
3 0.7045631408691406 0.5826659798622131 0.023958333333333335 0.03888888888888889
4 0.5969903469085693 0.6172580122947693 0.023958333333333335 0.037037037037037035
4 0.5031582117080688 0.6531680822372437 0.024479166666666666 0.03981481481481482
4 0.5499192476272583 0.6697717905044556 0.025 0.041666666666666664
3 0.618909478187561 0.6984782814979553 0.026041666666666668 0.041666666666666664
2 0.6519715189933777 0.7445692420005798 0.0078125 0.012037037037037037
2 0.5085240006446838 0.7481903433799744 0.0078125 0.012037037037037037
2 0.3635140061378479 0.7518494129180908 0.0078125 0.012037037037037037
2 0.19878597557544708 0.646484375 0.0078125 0.012962962962962963
2 0.2145352065563202 0.5703061819076538 0.0078125 0.012962962962962963
2 0.22882983088493347 0.4999227523803711 0.0078125 0.012962962962962963
2 0.252822607755661 0.37934383749961853 0.00625 0.010185185185185186
2 0.2644128203392029 0.3245271146297455 0.00625 0.010185185185185186
2 0.27380624413490295 0.277456670999527 0.00625 0.010185185185185186
2 0.8134303689002991 0.6314443349838257 0.005729166666666666 0.009259259259259259
2 0.7988311052322388 0.5565309524536133 0.005729166666666666 0.009259259259259259
2 0.7860373854637146 0.4880537688732147 0.005729166666666666 0.009259259259259259
2 0.7623144388198853 0.37065649032592773 0.0078125 0.012037037037037037
2 0.7528675198554993 0.3185354471206665 0.0078125 0.012037037037037037
2 0.7431917786598206 0.27004843950271606 0.0078125 0.012037037037037037
2 0.6084364652633667 0.21404282748699188 0.005729166666666666 0.009259259259259259
2 0.510477602481842 0.21664632856845856 0.005729166666666666 0.009259259259259259
2 0.4122856855392456 0.21838177740573883 0.005729166666666666 0.009259259259259259
