4 0.6745277047157288 0.25872859358787537 0.019270833333333334 0.03148148148148148
0 0.7218908071517944 0.5505450963973999 0.0234375 0.037037037037037035
3 0.6444846987724304 0.3553544282913208 0.019791666666666666 0.032407407407407406
3 0.6036504507064819 0.40180203318595886 0.020833333333333332 0.03425925925925926
3 0.5928022265434265 0.4470086693763733 0.021354166666666667 0.03518518518518519
3 0.49192652106285095 0.3519322872161865 0.019791666666666666 0.032407407407407406
3 0.292281836271286 0.4777759611606598 0.021875 0.03425925925925926
1 0.27170029282569885 0.5244929194450378 0.022395833333333334 0.03611111111111111
4 0.2679404020309448 0.5794166326522827 0.0234375 0.03888888888888889
3 0.2967643439769745 0.6051554083824158 0.023958333333333335 0.03888888888888889
4 0.40506473183631897 0.6360450983047485 0.023958333333333335 0.037037037037037035
4 0.49880629777908325 0.6684390306472778 0.024479166666666666 0.03981481481481482
4 0.4519927203655243 0.6863187551498413 0.025 0.041666666666666664
3 0.3827654719352722 0.7168996334075928 0.026041666666666668 0.041666666666666664
2 0.3494526743888855 0.7633980512619019 0.0078125 0.012037037037037037
2 0.49284982681274414 0.7619025111198425 0.0078125 0.012037037037037037
2 0.6366348266601562 0.7604013085365295 0.0078125 0.012037037037037037
2 0.8001288175582886 0.6520706415176392 0.0078125 0.012962962962962963
2 0.7857303023338318 0.5780033469200134 0.0078125 0.012962962962962963
2 0.772617518901825 0.5092397928237915 0.0078125 0.012962962962962963
2 0.7505068182945251 0.3906981945037842 0.00625 0.010185185185185186
2 0.7397199869155884 0.33651936054229736 0.00625 0.010185185185185186
2 0.7309829592704773 0.2898297607898712 0.00625 0.010185185185185186
2 0.186449334025383 0.6570748686790466 0.005729166666666666 0.009259259259259259
2 0.2011648565530777 0.5820536017417908 0.005729166666666666 0.009259259259259259
2 0.21409636735916138 0.5132820010185242 0.005729166666666666 0.009259259259259259
2 0.23818150162696838 0.39485660195350647 0.0078125 0.012037037037037037
2 0.2478051781654358 0.3421144187450409 0.0078125 0.012037037037037037
2 0.2576846182346344 0.292920857667923 0.0078125 0.012037037037037037
2 0.39507248997688293 0.2333778738975525 0.005729166666666666 0.009259259259259259
2 0.4942770302295685 0.23395824432373047 0.005729166666666666 0.009259259259259259
2 0.5931685566902161 0.2336583286523819 0.005729166666666666 0.009259259259259259
