0 0.3241371214389801 0.48719555139541626 0.019270833333333334 0.03148148148148148
4 0.35655274987220764 0.6602348685264587 0.025 0.041666666666666664
4 0.43124327063560486 0.6073690056800842 0.022916666666666665 0.03796296296296296
3 0.5483271479606628 0.6159217357635498 0.0234375 0.03888888888888889
1 0.4747237265110016 0.4948766529560089 0.019270833333333334 0.032407407407407406
3 0.5003726482391357 0.4525128901004791 0.018229166666666668 0.02962962962962963
3 0.5515828728675842 0.4254441261291504 0.0171875 0.028703703703703703
3 0.5517260432243347 0.3958088159561157 0.016145833333333335 0.026851851851851852
3 0.6916828155517578 0.5312953591346741 0.021354166666666667 0.03425925925925926
3 0.6594724655151367 0.41645348072052 0.0171875 0.027777777777777776
4 0.618269145488739 0.3433460295200348 0.015104166666666667 0.024074074074074074
2 0.3116060197353363 0.7104722261428833 0.00625 0.010185185185185186
2 0.22114938497543335 0.6628429889678955 0.00625 0.010185185185185186
2 0.14423008263111115 0.6239981055259705 0.00625 0.010185185185185186
2 0.1766033172607422 0.5245422720909119 0.005208333333333333 0.008333333333333333
2 0.2564941942691803 0.48805710673332214 0.005208333333333333 0.008333333333333333
2 0.3273155987262726 0.45406898856163025 0.005208333333333333 0.008333333333333333
2 0.4489692747592926 0.39750465750694275 0.004166666666666667 0.006481481481481481
2 0.5019747018814087 0.3724324703216553 0.004166666666666667 0.006481481481481481
2 0.5503516793251038 0.3499659597873688 0.004166666666666667 0.006481481481481481
2 0.6893300414085388 0.3374270498752594 0.004166666666666667 0.006481481481481481
2 0.7603871822357178 0.3493070602416992 0.004166666666666667 0.006481481481481481
2 0.8393620848655701 0.3623408377170563 0.004166666666666667 0.006481481481481481
2 0.9048365950584412 0.416971355676651 0.0046875 0.007407407407407408
2 0.8646215796470642 0.4499930441379547 0.0046875 0.007407407407407408
2 0.8194206357002258 0.4852159917354584 0.0046875 0.007407407407407408
2 0.7117465734481812 0.5721592903137207 0.005208333333333333 0.008333333333333333
2 0.6454408168792725 0.625084638595581 0.0067708333333333336 0.011111111111111112
2 0.5678014159202576 0.6864858269691467 0.0067708333333333336 0.011111111111111112
