4 0.2579762637615204 0.7009961009025574 0.025 0.03981481481481482
0 0.2734757661819458 0.5542607307434082 0.022395833333333334 0.03425925925925926
4 0.31925398111343384 0.27047106623649597 0.019270833333333334 0.030555555555555555
3 0.3496539294719696 0.3631298243999481 0.019791666666666666 0.032407407407407406
3 0.3898490369319916 0.40733304619789124 0.020833333333333332 0.03333333333333333
3 0.40079089999198914 0.4505888521671295 0.021354166666666667 0.03425925925925926
3 0.4991794228553772 0.3569091856479645 0.019791666666666666 0.032407407407407406
4 0.49558350443840027 0.665277898311615 0.024479166666666666 0.040740740740740744
4 0.5416783690452576 0.683612585067749 0.025 0.04259259259259259
3 0.6106289029121399 0.7104888558387756 0.025520833333333333 0.040740740740740744
4 0.587864100933075 0.6318385601043701 0.023958333333333335 0.03888888888888889
3 0.6970196962356567 0.4740552604198456 0.021875 0.03333333333333333
1 0.6520826816558838 0.5684244632720947 0.0234375 0.03796296296296296
3 0.6939442753791809 0.5983812808990479 0.023958333333333335 0.03796296296296296
4 0.7219939827919006 0.573463499546051 0.0234375 0.03796296296296296
2 0.6447516083717346 0.7556629776954651 0.0078125 0.012962962962962963
2 0.5017974376678467 0.7574260830879211 0.0078125 0.012962962962962963
2 0.35889294743537903 0.7591893076896667 0.0078125 0.012962962962962963
2 0.19577248394489288 0.6561461687088013 0.0067708333333333336 0.010185185185185186
2 0.21012458205223083 0.5816569328308105 0.0067708333333333336 0.010185185185185186
2 0.2228783220052719 0.5153258442878723 0.0067708333333333336 0.010185185185185186
2 0.8048787713050842 0.6482015252113342 0.00625 0.010185185185185186
2 0.7880460619926453 0.5742074251174927 0.00625 0.010185185185185186
2 0.7744166254997253 0.507856547832489 0.00625 0.010185185185185186
2 0.7490920424461365 0.3930736482143402 0.0067708333333333336 0.011111111111111112
2 0.7378675937652588 0.34408193826675415 0.0067708333333333336 0.011111111111111112
2 0.7279163599014282 0.2948111891746521 0.0067708333333333336 0.011111111111111112
2 0.593166708946228 0.24273206293582916 0.0046875 0.007407407407407408
2 0.49612805247306824 0.2438117116689682 0.005729166666666666 0.009259259259259259
2 0.39948806166648865 0.24361753463745117 0.005729166666666666 0.009259259259259259
2 0.24518616497516632 0.3994239866733551 0.0067708333333333336 0.011111111111111112
2 0.25526726245880127 0.348012775182724 0.0067708333333333336 0.011111111111111112
2 0.26456114649772644 0.30019184947013855 0.0067708333333333336 0.011111111111111112
