4 0.8356847167015076 0.5343895554542542 0.026041666666666668 0.044444444444444446
4 0.6249974966049194 0.3361285924911499 0.023958333333333335 0.04259259259259259
3 0.5639645457267761 0.5332182049751282 0.024479166666666666 0.041666666666666664
3 0.41951650381088257 0.7668519020080566 0.025 0.04259259259259259
3 0.40110430121421814 0.7269675135612488 0.024479166666666666 0.041666666666666664
4 0.36926621198654175 0.4001190960407257 0.025 0.04351851851851852
0 0.30863094329833984 0.5878769755363464 0.022916666666666665 0.041666666666666664
4 0.321167916059494 0.6581377387046814 0.024479166666666666 0.04259259259259259
4 0.29642364382743835 0.6304166913032532 0.024479166666666666 0.041666666666666664
3 0.1927022486925125 0.8315093517303467 0.023958333333333335 0.041666666666666664
1 0.24949438869953156 0.5698943138122559 0.023958333333333335 0.041666666666666664
3 0.22095917165279388 0.3343043923377991 0.025520833333333333 0.04259259259259259
4 0.12421997636556625 0.2857658565044403 0.025 0.04259259259259259
2 0.06835414469242096 0.6965888738632202 0.007291666666666667 0.012962962962962963
2 0.07220204919576645 0.5192677974700928 0.007291666666666667 0.012962962962962963
2 0.07578189671039581 0.3429691195487976 0.007291666666666667 0.012962962962962963
2 0.19885563850402832 0.1259511411190033 0.007291666666666667 0.012962962962962963
2 0.2972477376461029 0.12257246673107147 0.007291666666666667 0.012962962962962963
2 0.3959832191467285 0.1196211650967598 0.007291666666666667 0.012962962962962963
2 0.5960267186164856 0.11055644601583481 0.007291666666666667 0.012962962962962963
2 0.698107898235321 0.10527189075946808 0.007291666666666667 0.012962962962962963
2 0.8013342022895813 0.10126493126153946 0.007291666666666667 0.012962962962962963
2 0.9329397082328796 0.31677454710006714 0.007291666666666667 0.012962962962962963
2 0.9339506030082703 0.4995516836643219 0.007291666666666667 0.012962962962962963
2 0.9349740743637085 0.6848368048667908 0.007291666666666667 0.012962962962962963
2 0.8042382001876831 0.9127100706100464 0.007291666666666667 0.012962962962962963
2 0.6984894275665283 0.9127281308174133 0.007291666666666667 0.012962962962962963
2 0.5942004323005676 0.9127437472343445 0.007291666666666667 0.012962962962962963
2 0.38988593220710754 0.9141287803649902 0.007291666666666667 0.012962962962962963
2 0.2880474328994751 0.9150427579879761 0.007291666666666667 0.012962962962962963
2 0.18657830357551575 0.9173005223274231 0.007291666666666667 0.012962962962962963
