2 0.48348352313041687 0.6456727385520935 0.003907738095238095 0.004166666666666667
2 0.5577061772346497 0.6215720772743225 0.003720238095238095 0.004019047619047619
2 0.6270864605903625 0.5989779233932495 0.004 0.0035714285714285713
2 0.6528229713439941 0.5277847647666931 0.004092261904761905 0.0035714285714285713
2 0.614486038684845 0.49812743067741394 0.00362797619047619 0.003423809523809524
2 0.5808471441268921 0.47175779938697815 0.002976190476190476 0.002976190476190476
2 0.5238319635391235 0.4274172782897949 0.002883928571428571 0.0028285714285714286
2 0.4995458722114563 0.40840068459510803 0.0026041666666666665 0.0028285714285714286
2 0.47731029987335205 0.3913690745830536 0.0026964285714285714 0.002976190476190476
2 0.39479678869247437 0.3824745714664459 0.0025119047619047616 0.002528571428571428
2 0.34808915853500366 0.3916156589984894 0.0027916666666666667 0.002976190476190476
2 0.2995976507663727 0.4012413024902344 0.0026964285714285714 0.002680952380952381
2 0.24821722507476807 0.43870851397514343 0.0034404761904761904 0.003276190476190476
2 0.2601969242095947 0.4605861306190491 0.0033482142857142855 0.0031238095238095235
2 0.2735826075077057 0.4848073124885559 0.0033482142857142855 0.003276190476190476
2 0.3056335747241974 0.5425446629524231 0.003535714285714286 0.003423809523809524
2 0.32485395669937134 0.5773991942405701 0.003720238095238095 0.003719047619047619
2 0.3472338318824768 0.6174149513244629 0.00418452380952381 0.004019047619047619
4 0.3880656659603119 0.5848674178123474 0.013321428571428571 0.02312857142857143
4 0.4487098753452301 0.5782060027122498 0.01374702380952381 0.02312857142857143
4 0.45409348607063293 0.553821861743927 0.013038690476190476 0.021314285714285713
4 0.34396249055862427 0.5091019868850708 0.011761904761904763 0.0195
4 0.40638595819473267 0.43499746918678284 0.0100625 0.01655238095238095
4 0.313754677772522 0.49239832162857056 0.011479166666666667 0.01881904761904762
4 0.34996291995048523 0.4107721745967865 0.009779761904761904 0.015647619047619046
3 0.3118528723716736 0.4208500385284424 0.009494047619047619 0.01587142857142857
3 0.3218562602996826 0.4491678476333618 0.0100625 0.017461904761904762
3 0.30339109897613525 0.4716583490371704 0.011053571428571428 0.018366666666666667
3 0.4249047338962555 0.4327748119831085 0.009636904761904763 0.015647619047619046
3 0.5500242114067078 0.572426438331604 0.013464285714285715 0.02244761904761905
3 0.616328239440918 0.5529177784919739 0.012895833333333332 0.021314285714285713
1 0.5154557228088379 0.48293882608413696 0.011339285714285715 0.01904761904761905
0 0.4245237708091736 0.5160843729972839 0.01162202380952381 0.01995238095238095
