2 0.4911002516746521 0.6458238959312439 0.003907738095238095 0.004166666666666667
2 0.5644776225090027 0.6219747066497803 0.003720238095238095 0.004019047619047619
2 0.6329232454299927 0.5996647477149963 0.004 0.0035714285714285713
2 0.658033549785614 0.5308859348297119 0.004092261904761905 0.0035714285714285713
2 0.6200675368309021 0.5025207996368408 0.00362797619047619 0.003423809523809524
2 0.5866994261741638 0.47725725173950195 0.002976190476190476 0.002976190476190476
2 0.5300305485725403 0.43469327688217163 0.002883928571428571 0.0028285714285714286
2 0.505847692489624 0.41640475392341614 0.0026041666666666665 0.0028285714285714286
2 0.48368555307388306 0.40001046657562256 0.0026964285714285714 0.002976190476190476
2 0.4015612304210663 0.3917282521724701 0.0025119047619047616 0.002528571428571428
2 0.35505250096321106 0.4007900655269623 0.0027916666666666667 0.002976190476190476
2 0.30669650435447693 0.4103435277938843 0.0026964285714285714 0.002680952380952381
2 0.2555621266365051 0.4469815194606781 0.0034404761904761904 0.003276190476190476
2 0.2676922082901001 0.46817129850387573 0.0033482142857142855 0.0031238095238095235
2 0.28123435378074646 0.4916127920150757 0.0033482142857142855 0.003276190476190476
2 0.31361499428749084 0.547416090965271 0.003535714285714286 0.003423809523809524
2 0.33300527930259705 0.5810534358024597 0.003720238095238095 0.003719047619047619
2 0.35555198788642883 0.6196222305297852 0.00418452380952381 0.004019047619047619
4 0.39601096510887146 0.5878208875656128 0.013321428571428571 0.02312857142857143
4 0.45625177025794983 0.5809375643730164 0.01374702380952381 0.02312857142857143
4 0.46146905422210693 0.5573297142982483 0.013038690476190476 0.021314285714285713
4 0.3516424000263214 0.5147577524185181 0.011761904761904763 0.0195
4 0.4133967459201813 0.44259896874427795 0.0100625 0.01655238095238095
4 0.32140687108039856 0.4987448751926422 0.011479166666666667 0.01881904761904762
4 0.3570363223552704 0.4193728566169739 0.009779761904761904 0.015647619047619046
3 0.31906208395957947 0.4293293058872223 0.009494047619047619 0.01587142857142857
3 0.32922518253326416 0.4567641317844391 0.0100625 0.017461904761904762
3 0.3109305500984192 0.4786847233772278 0.011053571428571428 0.018366666666666667
3 0.4318118393421173 0.44035500288009644 0.009636904761904763 0.015647619047619046
3 0.5566537380218506 0.5746297836303711 0.013464285714285715 0.02244761904761905
3 0.6221141219139099 0.5553531050682068 0.012895833333333332 0.021314285714285713
1 0.5219928622245789 0.48842424154281616 0.011339285714285715 0.01904761904761905
0 0.43188756704330444 0.521022379398346 0.01162202380952381 0.01995238095238095
