2 0.4899362027645111 0.6424776315689087 0.003907738095238095 0.004166666666666667
2 0.56255042552948 0.6194499731063843 0.003720238095238095 0.004019047619047619
2 0.6302794218063354 0.5979083776473999 0.004 0.0035714285714285713
2 0.6556911468505859 0.5295364260673523 0.004092261904761905 0.0035714285714285713
2 0.6184510588645935 0.5007851123809814 0.00362797619047619 0.003423809523809524
2 0.5856868028640747 0.47515326738357544 0.002976190476190476 0.002976190476190476
2 0.5299609303474426 0.431902140378952 0.002883928571428571 0.0028285714285714286
2 0.5061508417129517 0.41329634189605713 0.0026041666666666665 0.0028285714285714286
2 0.48431167006492615 0.3965999186038971 0.0026964285714285714 0.002976190476190476
2 0.4029482305049896 0.3873530924320221 0.0025119047619047616 0.002528571428571428
2 0.35676077008247375 0.3959236443042755 0.0027916666666666667 0.002976190476190476
2 0.3087272047996521 0.40496891736984253 0.0026964285714285714 0.002680952380952381
2 0.25782346725463867 0.44117051362991333 0.0034404761904761904 0.003276190476190476
2 0.2697807252407074 0.4625580906867981 0.0033482142857142855 0.0031238095238095235
2 0.2831204831600189 0.4862014949321747 0.0033482142857142855 0.003276190476190476
2 0.31497469544410706 0.5424103140830994 0.003535714285714286 0.003423809523809524
2 0.33401936292648315 0.5762384533882141 0.003720238095238095 0.003719047619047619
2 0.35613930225372314 0.6149811744689941 0.00418452380952381 0.004019047619047619
4 0.39632976055145264 0.583651065826416 0.013321428571428571 0.02312857142857143
4 0.4559435248374939 0.577401876449585 0.01374702380952381 0.02312857142857143
4 0.461256742477417 0.5538774132728577 0.013038690476190476 0.021314285714285713
4 0.35280078649520874 0.5101397037506104 0.011761904761904763 0.0195
4 0.41438478231430054 0.438528835773468 0.0100625 0.01655238095238095
4 0.32291775941848755 0.49378156661987305 0.011479166666666667 0.01881904761904762
4 0.3586336076259613 0.41460055112838745 0.009779761904761904 0.015647619047619046
3 0.3209127187728882 0.42416614294052124 0.009494047619047619 0.01587142857142857
3 0.33086565136909485 0.451798677444458 0.0100625 0.017461904761904762
3 0.31262320280075073 0.473570853471756 0.011053571428571428 0.018366666666666667
3 0.43264660239219666 0.43648383021354675 0.009636904761904763 0.015647619047619046
3 0.5552027225494385 0.5721474289894104 0.013464285714285715 0.02244761904761905
3 0.6200060844421387 0.5535891056060791 0.012895833333333332 0.021314285714285713
1 0.5216034054756165 0.4856240451335907 0.011339285714285715 0.01904761904761905
0 0.432222843170166 0.5172678232192993 0.01162202380952381 0.01995238095238095
