2 0.5789029598236084 0.18172472715377808 0.004068452380952381 0.00650952380952381
2 0.6622031331062317 0.18132352828979492 0.003967261904761905 0.006347619047619047
2 0.7458257079124451 0.18099766969680786 0.0035714285714285713 0.006033333333333333
2 0.8529553413391113 0.3498168885707855 0.003669642857142857 0.006190476190476191
2 0.8524471521377563 0.4827028810977936 0.0035714285714285713 0.006033333333333333
2 0.8518854975700378 0.6164988279342651 0.0037708333333333335 0.006033333333333333
2 0.7433658242225647 0.7876729369163513 0.0037708333333333335 0.006347619047619047
2 0.6589502692222595 0.7871266007423401 0.0037708333333333335 0.006190476190476191
2 0.5749584436416626 0.7869585156440735 0.004264880952380952 0.00650952380952381
2 0.4072706401348114 0.7866341471672058 0.0037708333333333335 0.00650952380952381
2 0.323818176984787 0.7859334945678711 0.003669642857142857 0.006347619047619047
2 0.24054361879825592 0.7856939435005188 0.003967261904761905 0.00650952380952381
2 0.1363854557275772 0.6164526343345642 0.003669642857142857 0.006190476190476191
2 0.13828378915786743 0.48417383432388306 0.003669642857142857 0.005871428571428572
2 0.1400764137506485 0.35271868109703064 0.003669642857142857 0.005871428571428572
2 0.2480352520942688 0.18399786949157715 0.0034732142857142856 0.006033333333333333
2 0.33044135570526123 0.18337494134902954 0.0037708333333333335 0.006666666666666667
2 0.4132148027420044 0.18274815380573273 0.003869047619047619 0.006347619047619047
4 0.6521020531654358 0.43590232729911804 0.01594345238095238 0.025852380952380953
4 0.7848500609397888 0.5114898681640625 0.015306547619047619 0.02550952380952381
4 0.5395893454551697 0.712287187576294 0.015517857142857142 0.02619047619047619
4 0.4762551486492157 0.6770005226135254 0.015517857142857142 0.025852380952380953
4 0.28902915120124817 0.6874560713768005 0.015517857142857142 0.02449047619047619
4 0.2708951532840729 0.5843169689178467 0.015517857142857142 0.025852380952380953
4 0.3142921030521393 0.5448089241981506 0.015306547619047619 0.02482857142857143
3 0.6463239192962646 0.39210420846939087 0.015092261904761905 0.02550952380952381
3 0.7760385870933533 0.6150783896446228 0.01488095238095238 0.02550952380952381
3 0.6651296019554138 0.638481855392456 0.015517857142857142 0.02517142857142857
3 0.6067094802856445 0.7069218158721924 0.015306547619047619 0.02550952380952381
3 0.2298770695924759 0.4197896718978882 0.01594345238095238 0.025852380952380953
3 0.23097585141658783 0.2824907600879669 0.015517857142857142 0.02550952380952381
1 0.4378432035446167 0.3184807300567627 0.015732142857142858 0.025852380952380953
0 0.4115827679634094 0.5402134656906128 0.01488095238095238 0.023809523809523808
