2 0.4186494052410126 0.1828443855047226 0.004068452380952381 0.00650952380952381
2 0.3334455192089081 0.18368275463581085 0.003967261904761905 0.006347619047619047
2 0.24808678030967712 0.1846017986536026 0.0035714285714285713 0.006033333333333333
2 0.13846255838871002 0.3594939410686493 0.003669642857142857 0.006190476190476191
2 0.13856583833694458 0.49552425742149353 0.0035714285714285713 0.006033333333333333
2 0.13872016966342926 0.6321613192558289 0.0037708333333333335 0.006033333333333333
2 0.2481088787317276 0.8057121634483337 0.0037708333333333335 0.006347619047619047
2 0.33381766080856323 0.8045384287834167 0.0037708333333333335 0.006190476190476191
2 0.4192713797092438 0.8037515878677368 0.004264880952380952 0.00650952380952381
2 0.5904068350791931 0.8021869659423828 0.0037708333333333335 0.00650952380952381
2 0.6758431792259216 0.800853967666626 0.003669642857142857 0.006347619047619047
2 0.7612698078155518 0.7999919652938843 0.003967261904761905 0.00650952380952381
2 0.8700060248374939 0.6253092885017395 0.003669642857142857 0.006190476190476191
2 0.8693327903747559 0.4890337884426117 0.003669642857142857 0.005871428571428572
2 0.8687591552734375 0.35328951478004456 0.003669642857142857 0.005871428571428572
2 0.758804440498352 0.1802012175321579 0.0034732142857142856 0.006033333333333333
2 0.6738263368606567 0.18080279231071472 0.0037708333333333335 0.006666666666666667
2 0.5886428356170654 0.1814046949148178 0.003869047619047619 0.006347619047619047
4 0.342507928609848 0.4452996551990509 0.01594345238095238 0.025852380952380953
4 0.2070794254541397 0.5242239236831665 0.015306547619047619 0.02550952380952381
4 0.45575231313705444 0.7272099852561951 0.015517857142857142 0.02619047619047619
4 0.5206352472305298 0.6905732154846191 0.015517857142857142 0.025852380952380953
4 0.7123230695724487 0.6996591091156006 0.015517857142857142 0.02449047619047619
4 0.7318143844604492 0.593571126461029 0.015517857142857142 0.025852380952380953
4 0.6875450611114502 0.5533960461616516 0.015306547619047619 0.02482857142857143
3 0.3486193120479584 0.4002785086631775 0.015092261904761905 0.02550952380952381
3 0.21563740074634552 0.6299954056739807 0.01488095238095238 0.02550952380952381
3 0.32825082540512085 0.6528682112693787 0.015517857142857142 0.02517142857142857
3 0.38737374544143677 0.7222852110862732 0.015306547619047619 0.02550952380952381
3 0.7754585146903992 0.42368683218955994 0.01594345238095238 0.025852380952380953
3 0.775543749332428 0.2818891704082489 0.015517857142857142 0.02550952380952381
1 0.5623869299888611 0.3218611478805542 0.015732142857142858 0.025852380952380953
0 0.5877558588981628 0.5496936440467834 0.01488095238095238 0.023809523809523808
