2 0.5827349424362183 0.1804122030735016 0.004068452380952381 0.00650952380952381
2 0.6676550507545471 0.1812702715396881 0.003967261904761905 0.006347619047619047
2 0.7527081966400146 0.18220888078212738 0.0035714285714285713 0.006033333333333333
2 0.861118495464325 0.35722026228904724 0.003669642857142857 0.006190476190476191
2 0.8603964447975159 0.49333682656288147 0.0035714285714285713 0.006033333333333333
2 0.8596207499504089 0.6300714612007141 0.0037708333333333335 0.006033333333333333
2 0.7498388290405273 0.8038360476493835 0.0037708333333333335 0.006347619047619047
2 0.664422333240509 0.8027193546295166 0.0037708333333333335 0.006190476190476191
2 0.579237163066864 0.8019894361495972 0.004264880952380952 0.00650952380952381
2 0.4085760712623596 0.8005384802818298 0.0037708333333333335 0.00650952380952381
2 0.3233474791049957 0.7992610931396484 0.003669642857142857 0.006347619047619047
2 0.23810534179210663 0.7984551787376404 0.003967261904761905 0.00650952380952381
2 0.13040125370025635 0.6235204935073853 0.003669642857142857 0.006190476190476191
2 0.13172316551208496 0.48700347542762756 0.003669642857142857 0.005871428571428572
2 0.13294300436973572 0.3510296046733856 0.003669642857142857 0.005871428571428572
2 0.24350076913833618 0.1776893138885498 0.0034732142857142856 0.006033333333333333
2 0.328280508518219 0.17831097543239594 0.0037708333333333335 0.006666666666666667
2 0.4132440984249115 0.17893287539482117 0.003869047619047619 0.006347619047619047
4 0.6574169397354126 0.44311121106147766 0.01594345238095238 0.025852380952380953
4 0.7920105457305908 0.5220746994018555 0.015306547619047619 0.02550952380952381
4 0.5432184934616089 0.7253738641738892 0.015517857142857142 0.02619047619047619
4 0.47868818044662476 0.6887242794036865 0.015517857142857142 0.025852380952380953
4 0.28742510080337524 0.6979234218597412 0.015517857142857142 0.02449047619047619
4 0.2684769332408905 0.5916736125946045 0.015517857142857142 0.025852380952380953
4 0.31283822655677795 0.5514211058616638 0.015306547619047619 0.02482857142857143
3 0.6515334248542786 0.39804887771606445 0.015092261904761905 0.02550952380952381
3 0.7830000519752502 0.6279365420341492 0.01488095238095238 0.02550952380952381
3 0.6706701517105103 0.6508808732032776 0.015517857142857142 0.02517142857142857
3 0.6114151477813721 0.7204045653343201 0.015306547619047619 0.02550952380952381
3 0.2257285714149475 0.4215328097343445 0.01594345238095238 0.025852380952380953
3 0.22631560266017914 0.2795203626155853 0.015517857142857142 0.02550952380952381
1 0.43877196311950684 0.319556325674057 0.015732142857142858 0.025852380952380953
0 0.4124034643173218 0.5476823449134827 0.01488095238095238 0.023809523809523808
