2 0.41963738203048706 0.1835658699274063 0.004068452380952381 0.00650952380952381
2 0.33518362045288086 0.184631809592247 0.003967261904761905 0.006347619047619047
2 0.2506695091724396 0.18577733635902405 0.0035714285714285713 0.006033333333333333
2 0.1429920792579651 0.3597157299518585 0.003669642857142857 0.006190476190476191
2 0.14365924894809723 0.49418485164642334 0.0035714285714285713 0.006033333333333333
2 0.14437651634216309 0.6287373900413513 0.0037708333333333335 0.006033333333333333
2 0.2523275911808014 0.7990264892578125 0.0037708333333333335 0.006347619047619047
2 0.3364505171775818 0.7979772686958313 0.0037708333333333335 0.006190476190476191
2 0.42041581869125366 0.7973056435585022 0.004264880952380952 0.00650952380952381
2 0.5888463258743286 0.7959693670272827 0.0037708333333333335 0.00650952380952381
2 0.673072099685669 0.7947593927383423 0.003669642857142857 0.006347619047619047
2 0.7573795914649963 0.7940106987953186 0.003967261904761905 0.00650952380952381
2 0.8658670783042908 0.6220473051071167 0.003669642857142857 0.006190476190476191
2 0.8660202622413635 0.48720744252204895 0.003669642857142857 0.005871428571428572
2 0.8662698864936829 0.35237735509872437 0.003669642857142857 0.005871428571428572
2 0.757722020149231 0.18000201880931854 0.0034732142857142856 0.006033333333333333
2 0.6731225848197937 0.18083512783050537 0.0037708333333333335 0.006666666666666667
2 0.5884114503860474 0.181668221950531 0.003869047619047619 0.006347619047619047
4 0.34451067447662354 0.4443816542625427 0.01594345238095238 0.025852380952380953
4 0.21119140088558197 0.5224509239196777 0.015306547619047619 0.02550952380952381
4 0.45630794763565063 0.7222505211830139 0.015517857142857142 0.02619047619047619
4 0.520261287689209 0.6862779855728149 0.015517857142857142 0.025852380952380953
4 0.7094460129737854 0.6953136324882507 0.015517857142857142 0.02449047619047619
4 0.7291425466537476 0.590708315372467 0.015517857142857142 0.025852380952380953
4 0.6854718923568726 0.5510262846946716 0.015306547619047619 0.02482857142857143
3 0.3504875898361206 0.39980584383010864 0.015092261904761905 0.02550952380952381
3 0.2199413776397705 0.6266154646873474 0.01488095238095238 0.02550952380952381
3 0.3307541012763977 0.649127185344696 0.015517857142857142 0.02517142857142857
3 0.38900601863861084 0.7173680663108826 0.015306547619047619 0.02550952380952381
3 0.7731582522392273 0.4224770665168762 0.01594345238095238 0.025852380952380953
3 0.773914098739624 0.2814444899559021 0.015517857142857142 0.02550952380952381
1 0.562075138092041 0.32164910435676575 0.015732142857142858 0.025852380952380953
0 0.5867586135864258 0.5474071502685547 0.01488095238095238 0.023809523809523808
