3 0.7794716954231262 0.47177910804748535 0.016145833333333335 0.024074074074074074
0 0.7442153692245483 0.5353798866271973 0.015104166666666667 0.023148148148148147
3 0.7035055160522461 0.44955798983573914 0.015104166666666667 0.023148148148148147
4 0.692771315574646 0.432299941778183 0.015104166666666667 0.024074074074074074
3 0.6436102390289307 0.3351501226425171 0.015625 0.024074074074074074
4 0.6095170974731445 0.28347811102867126 0.015625 0.025
3 0.5205689668655396 0.6800985932350159 0.014583333333333334 0.024074074074074074
1 0.43021827936172485 0.3639216125011444 0.016145833333333335 0.025925925925925925
3 0.30737537145614624 0.35617730021476746 0.015104166666666667 0.024074074074074074
3 0.2918663024902344 0.4636620879173279 0.016145833333333335 0.025
3 0.21747027337551117 0.5914160013198853 0.015625 0.023148148148148147
2 0.5772332549095154 0.7897041440010071 0.005729166666666666 0.009259259259259259
2 0.657935380935669 0.7888681292533875 0.005729166666666666 0.009259259259259259
2 0.7377979159355164 0.7889166474342346 0.005729166666666666 0.009259259259259259
2 0.8414605855941772 0.6235296726226807 0.0067708333333333336 0.011111111111111112
2 0.8416764736175537 0.4947543144226074 0.0067708333333333336 0.011111111111111112
2 0.8433619737625122 0.3646753430366516 0.0067708333333333336 0.011111111111111112
2 0.7417923212051392 0.19856418669223785 0.0046875 0.007407407407407408
2 0.6615769863128662 0.19816021621227264 0.0046875 0.007407407407407408
2 0.580781102180481 0.19687533378601074 0.0046875 0.007407407407407408
2 0.41729623079299927 0.787384033203125 0.005208333333333333 0.008333333333333333
2 0.33631670475006104 0.7868845462799072 0.005208333333333333 0.008333333333333333
2 0.2557460069656372 0.7854964137077332 0.005208333333333333 0.008333333333333333
2 0.15374845266342163 0.6197822093963623 0.007291666666666667 0.012037037037037037
2 0.15440919995307922 0.48947280645370483 0.007291666666666667 0.012037037037037037
2 0.15506769716739655 0.3596101999282837 0.007291666666666667 0.012037037037037037
2 0.2595790922641754 0.1943836361169815 0.0067708333333333336 0.011111111111111112
2 0.3402728736400604 0.1943526417016983 0.0067708333333333336 0.011111111111111112
2 0.42110592126846313 0.19563867151737213 0.0067708333333333336 0.011111111111111112
