3 0.7819993495941162 0.4779212176799774 0.016145833333333335 0.024074074074074074
0 0.746526300907135 0.5443063378334045 0.015104166666666667 0.023148148148148147
3 0.7020301818847656 0.4574909806251526 0.015104166666666667 0.023148148148148147
4 0.6904776096343994 0.4401947855949402 0.015104166666666667 0.024074074074074074
3 0.6374276280403137 0.34297415614128113 0.015625 0.024074074074074074
4 0.6012647747993469 0.29196229577064514 0.015625 0.025
3 0.5195797681808472 0.696153461933136 0.014583333333333334 0.024074074074074074
1 0.4219784140586853 0.3802736699581146 0.016145833333333335 0.025925925925925925
3 0.3005390167236328 0.3771044909954071 0.015104166666666667 0.024074074074074074
3 0.2875581979751587 0.48421111702919006 0.016145833333333335 0.025
3 0.21781142055988312 0.6124581098556519 0.015625 0.023148148148148147
2 0.5796773433685303 0.8068370223045349 0.005729166666666666 0.009259259259259259
2 0.6626749634742737 0.8055779337882996 0.005729166666666666 0.009259259259259259
2 0.7458497881889343 0.8052186965942383 0.005729166666666666 0.009259259259259259
2 0.8512687087059021 0.6331190466880798 0.0067708333333333336 0.011111111111111112
2 0.8483210802078247 0.4997793138027191 0.0067708333333333336 0.011111111111111112
2 0.8469060659408569 0.36524853110313416 0.0067708333333333336 0.011111111111111112
2 0.7359874844551086 0.1991485208272934 0.0046875 0.007407407407407408
2 0.6527824401855469 0.20287418365478516 0.0046875 0.007407407407407408
2 0.5699840784072876 0.20569376647472382 0.0046875 0.007407407407407408
2 0.4180934727191925 0.8052893280982971 0.005208333333333333 0.008333333333333333
2 0.33777540922164917 0.805194616317749 0.005208333333333333 0.008333333333333333
2 0.2588087022304535 0.8042163848876953 0.005208333333333333 0.008333333333333333
2 0.15703600645065308 0.6415751576423645 0.007291666666666667 0.012037037037037037
2 0.15516214072704315 0.513492226600647 0.007291666666666667 0.012037037037037037
2 0.15329746901988983 0.3860359489917755 0.007291666666666667 0.012037037037037037
2 0.25072649121284485 0.21914753317832947 0.0067708333333333336 0.011111111111111112
2 0.32947415113449097 0.21517667174339294 0.0067708333333333336 0.011111111111111112
2 0.4093446731567383 0.21246524155139923 0.0067708333333333336 0.011111111111111112
