3 0.7927922010421753 0.4730933606624603 0.016145833333333335 0.024074074074074074
0 0.7582783102989197 0.5380022525787354 0.015104166666666667 0.023148148148148147
3 0.7149608731269836 0.45223137736320496 0.015104166666666667 0.023148148148148147
4 0.7036265730857849 0.4349912405014038 0.015104166666666667 0.024074074074074074
3 0.6511644124984741 0.3374265134334564 0.015625 0.024074074074074074
4 0.6149943470954895 0.28546959161758423 0.015625 0.025
3 0.5330983996391296 0.689453661441803 0.014583333333333334 0.024074074074074074
1 0.4320836365222931 0.3706369996070862 0.016145833333333335 0.025925925925925925
3 0.30435121059417725 0.36503058671951294 0.015104166666666667 0.024074074074074074
3 0.29118087887763977 0.47520288825035095 0.016145833333333335 0.025
3 0.21731260418891907 0.6072155833244324 0.015625 0.023148148148148147
2 0.5937240123748779 0.7982960343360901 0.005729166666666666 0.009259259259259259
2 0.6759976148605347 0.7951356172561646 0.005729166666666666 0.009259259259259259
2 0.7571256160736084 0.7928970456123352 0.005729166666666666 0.009259259259259259
2 0.8587083220481873 0.6243590116500854 0.0067708333333333336 0.011111111111111112
2 0.8563755750656128 0.49492329359054565 0.0067708333333333336 0.011111111111111112
2 0.855500340461731 0.3637010455131531 0.0067708333333333336 0.011111111111111112
2 0.7486346364021301 0.19699053466320038 0.0046875 0.007407407407407408
2 0.6664866209030151 0.19774965941905975 0.0046875 0.007407407407407408
2 0.5834026336669922 0.1976207047700882 0.0046875 0.007407407407407408
2 0.4296383261680603 0.8005826473236084 0.005208333333333333 0.008333333333333333
2 0.3460933566093445 0.8024297952651978 0.005208333333333333 0.008333333333333333
2 0.2626219093799591 0.8033721446990967 0.005208333333333333 0.008333333333333333
2 0.15163442492485046 0.637723445892334 0.007291666666666667 0.012037037037037037
2 0.14845676720142365 0.5045754313468933 0.007291666666666667 0.012037037037037037
2 0.1452789455652237 0.37142103910446167 0.007291666666666667 0.012037037037037037
2 0.24993985891342163 0.19979549944400787 0.0067708333333333336 0.011111111111111112
2 0.3341842591762543 0.19857120513916016 0.0067708333333333336 0.011111111111111112
2 0.41828015446662903 0.19869966804981232 0.0067708333333333336 0.011111111111111112
