4 0.27578094601631165 0.5132458209991455 0.023958333333333335 0.03888888888888889
4 0.21190853416919708 0.5702701210975647 0.0265625 0.04259259259259259
3 0.29123979806900024 0.6572774052619934 0.0296875 0.049074074074074076
3 0.29121512174606323 0.5388984084129333 0.025 0.03888888888888889
4 0.33883610367774963 0.5592332482337952 0.026041666666666668 0.030555555555555555
4 0.33863481879234314 0.5839287638664246 0.025 0.03888888888888889
3 0.34592634439468384 0.5953869819641113 0.027604166666666666 0.04259259259259259
0 0.3996213972568512 0.6415337324142456 0.0296875 0.04722222222222222
4 0.5987346768379211 0.6567363739013672 0.030208333333333334 0.04814814814814815
4 0.6775231957435608 0.5536698698997498 0.025520833333333333 0.04259259259259259
3 0.7009983062744141 0.5219014286994934 0.024479166666666666 0.03796296296296296
3 0.5341016054153442 0.4016086757183075 0.01875 0.02962962962962963
4 0.5660333037376404 0.3886708915233612 0.017708333333333333 0.02962962962962963
3 0.6188338994979858 0.4060424566268921 0.01875 0.030555555555555555
1 0.7149012684822083 0.3939772844314575 0.01875 0.030555555555555555
3 0.7414056062698364 0.39370810985565186 0.01875 0.02962962962962963
2 0.40810635685920715 0.7373889088630676 0.011979166666666667 0.018518518518518517
2 0.24362964928150177 0.7056491374969482 0.011979166666666667 0.018518518518518517
2 0.09358958899974823 0.6756960153579712 0.011979166666666667 0.018518518518518517
2 0.06184418871998787 0.5658310055732727 0.00625 0.010185185185185186
2 0.15299732983112335 0.5183366537094116 0.00625 0.010185185185185186
2 0.2292168289422989 0.4790627956390381 0.00625 0.010185185185185186
2 0.7086378931999207 0.6777057647705078 0.007291666666666667 0.011111111111111112
2 0.750651478767395 0.6123678088188171 0.007291666666666667 0.011111111111111112
2 0.786535918712616 0.5593662858009338 0.007291666666666667 0.011111111111111112
2 0.8403159976005554 0.47751155495643616 0.0067708333333333336 0.011111111111111112
2 0.8622693419456482 0.4433852732181549 0.0067708333333333336 0.011111111111111112
2 0.8809557557106018 0.41578182578086853 0.0067708333333333336 0.011111111111111112
2 0.7798939943313599 0.3713688552379608 0.005729166666666666 0.009259259259259259
2 0.6890414953231812 0.36201196908950806 0.005729166666666666 0.009259259259259259
2 0.6016671657562256 0.35306185483932495 0.005729166666666666 0.009259259259259259
2 0.44569700956344604 0.368562787771225 0.004166666666666667 0.007407407407407408
2 0.40188923478126526 0.391140341758728 0.004166666666666667 0.007407407407407408
2 0.3519917130470276 0.417282372713089 0.004166666666666667 0.007407407407407408
