4 0.2665562331676483 0.5296658277511597 0.023958333333333335 0.03888888888888889
4 0.20461171865463257 0.5875682234764099 0.0265625 0.04259259259259259
3 0.2823832333087921 0.6761857867240906 0.0296875 0.049074074074074076
3 0.281784325838089 0.5558028817176819 0.025 0.03888888888888889
4 0.3285815417766571 0.5765953063964844 0.026041666666666668 0.030555555555555555
4 0.3284872770309448 0.6017804741859436 0.025 0.03888888888888889
3 0.3356989622116089 0.6134845018386841 0.027604166666666666 0.04259259259259259
0 0.38874804973602295 0.6607912182807922 0.0296875 0.04722222222222222
4 0.5869817137718201 0.677541196346283 0.030208333333333334 0.04814814814814815
4 0.6664553284645081 0.5714396834373474 0.025520833333333333 0.04259259259259259
3 0.6902914047241211 0.538519024848938 0.024479166666666666 0.03796296296296296
3 0.5219167470932007 0.41435763239860535 0.01875 0.02962962962962963
4 0.5539511442184448 0.4007856845855713 0.017708333333333333 0.02962962962962963
3 0.6071539521217346 0.4184952974319458 0.01875 0.030555555555555555
1 0.7045881748199463 0.40540939569473267 0.01875 0.030555555555555555
3 0.7316187620162964 0.4049719572067261 0.01875 0.02962962962962963
2 0.39742952585220337 0.7585564851760864 0.011979166666666667 0.018518518518518517
2 0.2362222671508789 0.7248631715774536 0.011979166666666667 0.018518518518518517
2 0.09104258567094803 0.6935161352157593 0.011979166666666667 0.018518518518518517
2 0.05972302705049515 0.582761824131012 0.00625 0.010185185185185186
2 0.14716720581054688 0.5348610877990723 0.00625 0.010185185185185186
2 0.22091859579086304 0.49490979313850403 0.00625 0.010185185185185186
2 0.6978590488433838 0.6999128460884094 0.007291666666666667 0.011111111111111112
2 0.7406526803970337 0.6325026154518127 0.007291666666666667 0.011111111111111112
2 0.7773905396461487 0.5775397419929504 0.007291666666666667 0.011111111111111112
2 0.8327898383140564 0.49213775992393494 0.0067708333333333336 0.011111111111111112
2 0.8555232882499695 0.4563497006893158 0.0067708333333333336 0.011111111111111112
2 0.8749220371246338 0.4273185729980469 0.0067708333333333336 0.011111111111111112
2 0.7710380554199219 0.3813779056072235 0.005729166666666666 0.009259259259259259
2 0.6783075928688049 0.37225979566574097 0.005729166666666666 0.009259259259259259
2 0.5898142457008362 0.36360877752304077 0.005729166666666666 0.009259259259259259
2 0.43358147144317627 0.38078993558883667 0.004166666666666667 0.007407407407407408
2 0.3901616930961609 0.4043128490447998 0.004166666666666667 0.007407407407407408
2 0.3409477770328522 0.4314122498035431 0.004166666666666667 0.007407407407407408
