4 0.3037276566028595 0.528283953666687 0.022916666666666665 0.03796296296296296
4 0.31983497738838196 0.611694872379303 0.024479166666666666 0.040740740740740744
3 0.3501453399658203 0.55906742811203 0.0234375 0.03888888888888889
4 0.41900360584259033 0.5798745155334473 0.0234375 0.03796296296296296
4 0.4416189193725586 0.6060503125190735 0.022916666666666665 0.040740740740740744
3 0.45859870314598083 0.6162043213844299 0.024479166666666666 0.03888888888888889
3 0.4791657626628876 0.6919403076171875 0.025520833333333333 0.040740740740740744
0 0.5452884435653687 0.6581807732582092 0.025 0.040740740740740744
4 0.703917920589447 0.6415137052536011 0.024479166666666666 0.03981481481481482
4 0.6795017123222351 0.5125111937522888 0.022395833333333334 0.03796296296296296
3 0.670828104019165 0.4682683050632477 0.021875 0.03611111111111111
3 0.3961315155029297 0.3166794180870056 0.019270833333333334 0.03333333333333333
4 0.4095771014690399 0.2877019941806793 0.019270833333333334 0.03148148148148148
3 0.48163872957229614 0.30903440713882446 0.019270833333333334 0.03148148148148148
1 0.5560426115989685 0.2730824649333954 0.01875 0.030555555555555555
3 0.5807269811630249 0.26959338784217834 0.018229166666666668 0.030555555555555555
2 0.644864022731781 0.7518323063850403 0.008854166666666666 0.013888888888888888
2 0.5021975636482239 0.7484685182571411 0.008854166666666666 0.013888888888888888
2 0.3602454364299774 0.7460139393806458 0.008854166666666666 0.013888888888888888
2 0.19914309680461884 0.6351792216300964 0.00625 0.010185185185185186
2 0.21374867856502533 0.5602228045463562 0.00625 0.010185185185185186
2 0.22788645327091217 0.4944745600223541 0.00625 0.010185185185185186
2 0.25151342153549194 0.37603726983070374 0.005208333333333333 0.008333333333333333
2 0.26252415776252747 0.3241457939147949 0.005208333333333333 0.008333333333333333
2 0.2721715271472931 0.27761346101760864 0.005208333333333333 0.008333333333333333
2 0.40691471099853516 0.22510674595832825 0.00625 0.010185185185185186
2 0.5031728148460388 0.227058544754982 0.00625 0.010185185185185186
2 0.5990616083145142 0.2302883118391037 0.00625 0.010185185185185186
2 0.732193112373352 0.28915777802467346 0.005729166666666666 0.009259259259259259
2 0.741631805896759 0.3371592164039612 0.005729166666666666 0.009259259259259259
2 0.7523375749588013 0.388794481754303 0.005729166666666666 0.009259259259259259
2 0.8033954501152039 0.6475878953933716 0.00625 0.010185185185185186
2 0.7879819869995117 0.5727106928825378 0.00625 0.010185185185185186
2 0.774639368057251 0.5060580372810364 0.00625 0.010185185185185186
