4 0.30395838618278503 0.5372781753540039 0.022916666666666665 0.03796296296296296
4 0.3219877779483795 0.6228864789009094 0.024479166666666666 0.040740740740740744
3 0.35226503014564514 0.5681707262992859 0.0234375 0.03888888888888889
4 0.42328694462776184 0.5882529020309448 0.0234375 0.03796296296296296
4 0.44677695631980896 0.6146880388259888 0.022916666666666665 0.040740740740740744
3 0.46427181363105774 0.6247593760490417 0.024479166666666666 0.03888888888888889
3 0.4860129952430725 0.7016381025314331 0.025520833333333333 0.040740740740740744
0 0.5531867146492004 0.6659262180328369 0.025 0.040740740740740744
4 0.7147925496101379 0.6457544565200806 0.024479166666666666 0.03981481481481482
4 0.6900177001953125 0.513824462890625 0.022395833333333334 0.03796296296296296
3 0.6811392903327942 0.46819090843200684 0.021875 0.03611111111111111
3 0.39625993371009827 0.3145376741886139 0.019270833333333334 0.03333333333333333
4 0.4098609983921051 0.28369107842445374 0.019270833333333334 0.03148148148148148
3 0.4850251078605652 0.30499008297920227 0.019270833333333334 0.03148148148148148
1 0.5620454549789429 0.2657274603843689 0.01875 0.030555555555555555
3 0.5876718759536743 0.2616170644760132 0.018229166666666668 0.030555555555555555
2 0.6547593474388123 0.7589066624641418 0.008854166666666666 0.013888888888888888
2 0.5099393725395203 0.7584786415100098 0.008854166666666666 0.013888888888888888
2 0.3654562532901764 0.758955180644989 0.008854166666666666 0.013888888888888888
2 0.19853509962558746 0.6493697166442871 0.00625 0.010185185185185186
2 0.21186009049415588 0.5720109939575195 0.00625 0.010185185185185186
2 0.2249964326620102 0.5036835670471191 0.00625 0.010185185185185186
2 0.24695129692554474 0.37957051396369934 0.005208333333333333 0.008333333333333333
2 0.25733426213264465 0.3247442841529846 0.005208333333333333 0.008333333333333333
2 0.266451895236969 0.27535608410835266 0.005208333333333333 0.008333333333333333
2 0.40626290440559387 0.21730965375900269 0.00625 0.010185185185185186
2 0.5067065358161926 0.21779054403305054 0.00625 0.010185185185185186
2 0.606579601764679 0.21963432431221008 0.00625 0.010185185185185186
2 0.7447273135185242 0.279719740152359 0.005729166666666666 0.009259259259259259
2 0.7543121576309204 0.33008071780204773 0.005729166666666666 0.009259259259259259
2 0.7651399374008179 0.38397297263145447 0.005729166666666666 0.009259259259259259
2 0.8159306645393372 0.6499624252319336 0.00625 0.010185185185185186
2 0.8007163405418396 0.5737205147743225 0.00625 0.010185185185185186
2 0.7874640226364136 0.5053651928901672 0.00625 0.010185185185185186
