4 0.29217174649238586 0.5310052037239075 0.022916666666666665 0.03796296296296296
4 0.30832621455192566 0.6157400012016296 0.024479166666666666 0.040740740740740744
3 0.33812254667282104 0.5612611770629883 0.0234375 0.03888888888888889
4 0.406573623418808 0.5808458924293518 0.0234375 0.03796296296296296
4 0.42915382981300354 0.6071653962135315 0.022916666666666665 0.040740740740740744
3 0.44612833857536316 0.6171965003013611 0.024479166666666666 0.03888888888888889
3 0.466661274433136 0.6944212317466736 0.025520833333333333 0.040740740740740744
0 0.5331776142120361 0.6584705114364624 0.025 0.040740740740740744
4 0.6948019862174988 0.6378576159477234 0.024479166666666666 0.03981481481481482
4 0.6705489754676819 0.5040172934532166 0.022395833333333334 0.03796296296296296
3 0.661900520324707 0.45800185203552246 0.021875 0.03611111111111111
3 0.383476197719574 0.3098035454750061 0.019270833333333334 0.03333333333333333
4 0.39692503213882446 0.27911311388015747 0.019270833333333334 0.03148148148148148
3 0.46951788663864136 0.29838505387306213 0.019270833333333334 0.03148148148148148
1 0.5451744198799133 0.2575901448726654 0.01875 0.030555555555555555
3 0.5704148411750793 0.25284722447395325 0.018229166666666668 0.030555555555555555
2 0.633733332157135 0.7531253099441528 0.008854166666666666 0.013888888888888888
2 0.48965826630592346 0.7518618702888489 0.008854166666666666 0.013888888888888888
2 0.34852224588394165 0.7515293955802917 0.008854166666666666 0.013888888888888888
2 0.19031061232089996 0.642218291759491 0.00625 0.010185185185185186
2 0.20408757030963898 0.5659233927726746 0.00625 0.010185185185185186
2 0.21753151714801788 0.4986220896244049 0.00625 0.010185185185185186
2 0.24010461568832397 0.37661758065223694 0.005208333333333333 0.008333333333333333
2 0.2507064938545227 0.3228040039539337 0.005208333333333333 0.008333333333333333
2 0.26002463698387146 0.2743799090385437 0.005208333333333333 0.008333333333333333
2 0.394194096326828 0.21394634246826172 0.00625 0.010185185185185186
2 0.49144798517227173 0.21159757673740387 0.00625 0.010185185185185186
2 0.589363157749176 0.2105899602174759 0.00625 0.010185185185185186
2 0.7266249060630798 0.26694029569625854 0.005729166666666666 0.009259259259259259
2 0.7360665798187256 0.3174091577529907 0.005729166666666666 0.009259259259259259
2 0.7467824220657349 0.371596097946167 0.005729166666666666 0.009259259259259259
2 0.797547459602356 0.6420134902000427 0.00625 0.010185185185185186
2 0.7822341918945312 0.5640068054199219 0.00625 0.010185185185185186
2 0.7689676284790039 0.49441346526145935 0.00625 0.010185185185185186
