3 0.8234903216362 0.4333049952983856 0.015104166666666667 0.023148148148148147
3 0.761940598487854 0.5586727857589722 0.015625 0.025
3 0.7719999551773071 0.48760947585105896 0.015104166666666667 0.024074074074074074
4 0.7237882614135742 0.4203810691833496 0.015625 0.025
0 0.6870735883712769 0.3983176350593567 0.015625 0.024074074074074074
3 0.6375734210014343 0.7013211846351624 0.014583333333333334 0.023148148148148147
1 0.6516437530517578 0.6012634038925171 0.015625 0.025
3 0.6295337677001953 0.4231940805912018 0.015104166666666667 0.024074074074074074
3 0.585951566696167 0.6519677042961121 0.015104166666666667 0.024074074074074074
3 0.4023779630661011 0.43661507964134216 0.015104166666666667 0.025925925925925925
4 0.2819848954677582 0.3388822674751282 0.015625 0.024074074074074074
2 0.5907289981842041 0.7970613241195679 0.0067708333333333336 0.011111111111111112
2 0.6734007000923157 0.7936437726020813 0.0067708333333333336 0.011111111111111112
2 0.7555080652236938 0.7906787991523743 0.0067708333333333336 0.011111111111111112
2 0.8598560094833374 0.627470850944519 0.0067708333333333336 0.011111111111111112
2 0.8615981936454773 0.5013185143470764 0.0046875 0.007407407407407408
2 0.8623416423797607 0.3760480582714081 0.0046875 0.007407407407407408
2 0.7600276470184326 0.21569310128688812 0.005729166666666666 0.009259259259259259
2 0.6769234538078308 0.2171381413936615 0.005729166666666666 0.009259259259259259
2 0.5940094590187073 0.2177191525697708 0.005729166666666666 0.009259259259259259
2 0.42671632766723633 0.21932543814182281 0.007291666666666667 0.011111111111111112
2 0.34258511662483215 0.22122430801391602 0.007291666666666667 0.011111111111111112
2 0.256565123796463 0.22271397709846497 0.007291666666666667 0.011111111111111112
2 0.1461677998304367 0.6476099491119385 0.0078125 0.012962962962962963
2 0.14586901664733887 0.5190687775611877 0.0078125 0.012962962962962963
2 0.1461031287908554 0.3891831040382385 0.0078125 0.012962962962962963
2 0.2558787763118744 0.8082825541496277 0.0046875 0.007407407407407408
2 0.3405822813510895 0.8065354228019714 0.0046875 0.007407407407407408
2 0.42419567704200745 0.8026427030563354 0.0046875 0.007407407407407408
