3 0.17957432568073273 0.4350314140319824 0.015104166666666667 0.023148148148148147
3 0.2399817854166031 0.5630066990852356 0.015625 0.025
3 0.23099002242088318 0.4898363947868347 0.015104166666666667 0.024074074074074074
4 0.28100883960723877 0.4192650020122528 0.015625 0.025
0 0.31847846508026123 0.3956829905509949 0.015625 0.024074074074074074
3 0.36351069808006287 0.7065555453300476 0.014583333333333334 0.023148148148148147
1 0.3509250581264496 0.6037532687187195 0.015625 0.025
3 0.37605223059654236 0.41989219188690186 0.015104166666666667 0.024074074074074074
3 0.41628018021583557 0.6539915204048157 0.015104166666666667 0.024074074074074074
3 0.6027230620384216 0.42816293239593506 0.015104166666666667 0.025925925925925925
4 0.7229016423225403 0.3260427415370941 0.015625 0.024074074074074074
2 0.4092118442058563 0.8037964105606079 0.0067708333333333336 0.011111111111111112
2 0.3258049786090851 0.8032622933387756 0.0067708333333333336 0.011111111111111112
2 0.24252980947494507 0.8031746745109558 0.0067708333333333336 0.011111111111111112
2 0.13897399604320526 0.6372343897819519 0.0067708333333333336 0.011111111111111112
2 0.13948389887809753 0.506410539150238 0.0046875 0.007407407407407408
2 0.1409958451986313 0.3767572045326233 0.0046875 0.007407407407407408
2 0.24779866635799408 0.20940469205379486 0.005729166666666666 0.009259259259259259
2 0.33167463541030884 0.20944370329380035 0.005729166666666666 0.009259259259259259
2 0.41493555903434753 0.20860250294208527 0.005729166666666666 0.009259259259259259
2 0.5816056728363037 0.2073598951101303 0.007291666666666667 0.011111111111111112
2 0.6647510528564453 0.2078465223312378 0.007291666666666667 0.011111111111111112
2 0.7493199110031128 0.20788438618183136 0.007291666666666667 0.011111111111111112
2 0.8523480892181396 0.6359235644340515 0.0078125 0.012962962962962963
2 0.8541164398193359 0.5055169463157654 0.0078125 0.012962962962962963
2 0.8553764224052429 0.37405917048454285 0.0078125 0.012962962962962963
2 0.7426968216896057 0.8032529354095459 0.0046875 0.007407407407407408
2 0.6589820981025696 0.8045077323913574 0.0046875 0.007407407407407408
2 0.5759388208389282 0.8035253882408142 0.0046875 0.007407407407407408
