3 0.2951698899269104 0.5491200089454651 0.022916666666666665 0.037037037037037035
3 0.3492588400840759 0.5067009925842285 0.021875 0.037037037037037035
1 0.40847504138946533 0.5711073279380798 0.022916666666666665 0.03981481481481482
3 0.43032655119895935 0.6633853912353516 0.024479166666666666 0.040740740740740744
3 0.5066145062446594 0.6729395389556885 0.025 0.03888888888888889
3 0.568161129951477 0.7223455309867859 0.025 0.030555555555555555
4 0.5790836215019226 0.6251197457313538 0.023958333333333335 0.03981481481481482
0 0.5999079346656799 0.5912731885910034 0.0234375 0.03888888888888889
3 0.5723187327384949 0.5406154990196228 0.022916666666666665 0.03611111111111111
3 0.554492712020874 0.37167662382125854 0.0203125 0.032407407407407406
4 0.6333510279655457 0.29610204696655273 0.019270833333333334 0.02962962962962963
2 0.34477391839027405 0.7569187879562378 0.00625 0.010185185185185186
2 0.48880037665367126 0.7578120231628418 0.00625 0.010185185185185186
2 0.6350803971290588 0.7577926516532898 0.00625 0.010185185185185186
2 0.8012017607688904 0.6464672088623047 0.0078125 0.012962962962962963
2 0.7854865789413452 0.5691904425621033 0.0078125 0.012962962962962963
2 0.7720071077346802 0.49902060627937317 0.0078125 0.012962962962962963
2 0.1827380359172821 0.647752583026886 0.00625 0.010185185185185186
2 0.19667434692382812 0.5725052356719971 0.00625 0.010185185185185186
2 0.20958708226680756 0.5019066333770752 0.00625 0.010185185185185186
2 0.7475122809410095 0.3784014880657196 0.00625 0.010185185185185186
2 0.7364320158958435 0.32422375679016113 0.00625 0.010185185185185186
2 0.726209282875061 0.2742392420768738 0.00625 0.010185185185185186
2 0.23288758099079132 0.3812454342842102 0.00625 0.010185185185185186
2 0.24302580952644348 0.3284406065940857 0.00625 0.010185185185185186
2 0.25165870785713196 0.28063294291496277 0.00625 0.010185185185185186
2 0.3886539041996002 0.22067974507808685 0.0046875 0.007407407407407408
2 0.4874449074268341 0.21880678832530975 0.0046875 0.007407407407407408
2 0.586551308631897 0.21692785620689392 0.0046875 0.007407407407407408
