0 0.36603647470474243 0.6111493706703186 0.0203125 0.03333333333333333
3 0.6578255295753479 0.6483302712440491 0.020833333333333332 0.03333333333333333
3 0.6324891448020935 0.6079297065734863 0.019791666666666666 0.032407407407407406
1 0.5439158082008362 0.5876222848892212 0.019270833333333334 0.032407407407407406
3 0.62992262840271 0.4742521047592163 0.016145833333333335 0.026851851851851852
2 0.3986574113368988 0.786389946937561 0.009375 0.014814814814814815
2 0.30424875020980835 0.733151912689209 0.009375 0.014814814814814815
2 0.22089405357837677 0.6858385801315308 0.009375 0.014814814814814815
2 0.24264711141586304 0.5746128559112549 0.0046875 0.007407407407407408
2 0.31990960240364075 0.5354152917861938 0.004166666666666667 0.005555555555555556
2 0.3878014385700226 0.500276505947113 0.0046875 0.007407407407407408
2 0.6414413452148438 0.7621177434921265 0.008333333333333333 0.012962962962962963
2 0.7078893780708313 0.6968774199485779 0.008333333333333333 0.012962962962962963
2 0.7642004489898682 0.6405966281890869 0.008333333333333333 0.012962962962962963
2 0.8539430499076843 0.5509804487228394 0.00625 0.010185185185185186
2 0.8920032382011414 0.5132241249084473 0.00625 0.010185185185185186
2 0.9252579808235168 0.48024308681488037 0.00625 0.010185185185185186
2 0.862782895565033 0.4193003475666046 0.0046875 0.007407407407407408
2 0.7912590503692627 0.40189284086227417 0.0046875 0.007407407407407408
2 0.7240114808082581 0.3853101432323456 0.0046875 0.007407407407407408
2 0.5947607159614563 0.3925195038318634 0.004166666666666667 0.006481481481481481
2 0.5508931279182434 0.4152907431125641 0.004166666666666667 0.006481481481481481
2 0.5018157362937927 0.44110608100891113 0.004166666666666667 0.006481481481481481
