0 0.6557968258857727 0.6064987778663635 0.0203125 0.03333333333333333
3 0.36107832193374634 0.6553640365600586 0.020833333333333332 0.03333333333333333
3 0.3874070346355438 0.6117572784423828 0.019791666666666666 0.032407407407407406
1 0.47775697708129883 0.5875276923179626 0.019270833333333334 0.032407407407407406
3 0.3911413848400116 0.4706054627895355 0.016145833333333335 0.026851851851851852
2 0.6223253011703491 0.7903623580932617 0.009375 0.014814814814814815
2 0.7161566019058228 0.731018602848053 0.009375 0.014814814814814815
2 0.798043966293335 0.6789110898971558 0.009375 0.014814814814814815
2 0.7773477435112 0.564895510673523 0.0046875 0.007407407407407408
2 0.7017952799797058 0.5265688896179199 0.004166666666666667 0.005555555555555556
2 0.6348670721054077 0.4918927848339081 0.0046875 0.007407407407407408
2 0.37693873047828674 0.775294303894043 0.008333333333333333 0.012962962962962963
2 0.30903783440589905 0.7087511420249939 0.008333333333333333 0.012962962962962963
2 0.2511269450187683 0.6509300470352173 0.008333333333333333 0.012962962962962963
2 0.15811125934123993 0.5581430792808533 0.00625 0.010185185185185186
2 0.11838935315608978 0.5187897682189941 0.00625 0.010185185185185186
2 0.0835491195321083 0.4842819273471832 0.00625 0.010185185185185186
2 0.15019719302654266 0.4175558388233185 0.0046875 0.007407407407407408
2 0.22525925934314728 0.3975410759449005 0.0046875 0.007407407407407408
2 0.29520750045776367 0.3786618411540985 0.0046875 0.007407407407407408
2 0.427658349275589 0.38386017084121704 0.004166666666666667 0.006481481481481481
2 0.4719858169555664 0.40689852833747864 0.004166666666666667 0.006481481481481481
2 0.5213145017623901 0.4328923225402832 0.004166666666666667 0.006481481481481481
