0 0.35196158289909363 0.615043044090271 0.0203125 0.03333333333333333
3 0.6412883996963501 0.6556456685066223 0.020833333333333332 0.03333333333333333
3 0.6163327097892761 0.6152003407478333 0.019791666666666666 0.032407407407407406
1 0.5287309288978577 0.5938614010810852 0.019270833333333334 0.032407407407407406
3 0.6139452457427979 0.48212137818336487 0.016145833333333335 0.026851851851851852
2 0.38463547825813293 0.7900785803794861 0.009375 0.014814814814814815
2 0.290530264377594 0.7360952496528625 0.009375 0.014814814814814815
2 0.2071053832769394 0.6879305243492126 0.009375 0.014814814814814815
2 0.22860635817050934 0.5768977999687195 0.0046875 0.007407407407407408
2 0.30581289529800415 0.5387117266654968 0.004166666666666667 0.005555555555555556
2 0.3735271394252777 0.5045246481895447 0.0046875 0.007407407407407408
2 0.6249867677688599 0.7683389782905579 0.008333333333333333 0.012962962962962963
2 0.69053715467453 0.704375684261322 0.008333333333333333 0.012962962962962963
2 0.7460317611694336 0.6492425203323364 0.008333333333333333 0.012962962962962963
2 0.8343647718429565 0.5615621209144592 0.00625 0.010185185185185186
2 0.8717861771583557 0.5246643424034119 0.00625 0.010185185185185186
2 0.9044631719589233 0.4924527704715729 0.00625 0.010185185185185186
2 0.8434504270553589 0.4310266971588135 0.0046875 0.007407407407407408
2 0.7732193470001221 0.4125785231590271 0.0046875 0.007407407407407408
2 0.707006573677063 0.3949705958366394 0.0046875 0.007407407407407408
2 0.5792176723480225 0.4000372290611267 0.004166666666666667 0.006481481481481481
2 0.5357102155685425 0.422069251537323 0.004166666666666667 0.006481481481481481
2 0.4869775176048279 0.4470866918563843 0.004166666666666667 0.006481481481481481
