0 0.3528619110584259 0.6160217523574829 0.0203125 0.03333333333333333
3 0.6473855376243591 0.6576398015022278 0.020833333333333332 0.03333333333333333
3 0.6211836338043213 0.615213930606842 0.019791666666666666 0.032407407407407406
1 0.53127121925354 0.5932111144065857 0.019270833333333334 0.032407407407407406
3 0.6169242858886719 0.47536417841911316 0.016145833333333335 0.026851851851851852
2 0.3882462680339813 0.7976809740066528 0.009375 0.014814814814814815
2 0.2932397127151489 0.7414714694023132 0.009375 0.014814814814814815
2 0.20962613821029663 0.6916876435279846 0.009375 0.014814814814814815
2 0.2292228639125824 0.5770824551582336 0.0046875 0.007407407407407408
2 0.3055213391780853 0.5370901226997375 0.004166666666666667 0.005555555555555556
2 0.37288588285446167 0.5010513663291931 0.0046875 0.007407407407407408
2 0.6321437954902649 0.7759566307067871 0.008333333333333333 0.012962962962962963
2 0.6988232731819153 0.7088680863380432 0.008333333333333333 0.012962962962962963
2 0.7556058764457703 0.6506872177124023 0.008333333333333333 0.012962962962962963
2 0.8466498851776123 0.5574842095375061 0.00625 0.010185185185185186
2 0.8854694962501526 0.5180099606513977 0.00625 0.010185185185185186
2 0.9194885492324829 0.4834260642528534 0.00625 0.010185185185185186
2 0.8545476198196411 0.41873061656951904 0.0046875 0.007407407407407408
2 0.7808567881584167 0.4000646471977234 0.0046875 0.007407407407407408
2 0.7117944359779358 0.3823442757129669 0.0046875 0.007407407407407408
2 0.5801697969436646 0.38948142528533936 0.004166666666666667 0.006481481481481481
2 0.5359861850738525 0.41319018602371216 0.004166666666666667 0.006481481481481481
2 0.4867175817489624 0.4399852156639099 0.004166666666666667 0.006481481481481481
