0 0.658268928527832 0.6276147961616516 0.0203125 0.03333333333333333
3 0.3717551529407501 0.6676778793334961 0.020833333333333332 0.03333333333333333
3 0.39654821157455444 0.6273738741874695 0.019791666666666666 0.032407407407407406
1 0.48439836502075195 0.6063897013664246 0.019270833333333334 0.032407407407407406
3 0.39729735255241394 0.4942326843738556 0.016145833333333335 0.026851851851851852
2 0.6274803876876831 0.7976069450378418 0.009375 0.014814814814814815
2 0.7176896929740906 0.744554340839386 0.009375 0.014814814814814815
2 0.7967073917388916 0.697788417339325 0.009375 0.014814814814814815
2 0.7763481140136719 0.5909891128540039 0.0046875 0.007407407407407408
2 0.7025231122970581 0.5534597635269165 0.004166666666666667 0.005555555555555556
2 0.6368197202682495 0.5193774104118347 0.0046875 0.007407407407407408
2 0.38973385095596313 0.7793540954589844 0.008333333333333333 0.012962962962962963
2 0.3222287893295288 0.7164573669433594 0.008333333333333333 0.012962962962962963
2 0.26423606276512146 0.6614513993263245 0.008333333333333333 0.012962962962962963
2 0.17031702399253845 0.5724465250968933 0.00625 0.010185185185185186
2 0.12992462515830994 0.5344159603118896 0.00625 0.010185185185185186
2 0.09435141831636429 0.5009310841560364 0.00625 0.010185185185185186
2 0.15805299580097198 0.438644140958786 0.0046875 0.007407407407407408
2 0.23177377879619598 0.42106693983078003 0.0046875 0.007407407407407408
2 0.3005083203315735 0.40445849299430847 0.0046875 0.007407407407407408
2 0.43156182765960693 0.41226330399513245 0.004166666666666667 0.006481481481481481
2 0.47570595145225525 0.43523114919662476 0.004166666666666667 0.006481481481481481
2 0.5246850848197937 0.4610511362552643 0.004166666666666667 0.006481481481481481
