0 0.3614596724510193 0.6320714950561523 0.0203125 0.03333333333333333
3 0.6529975533485413 0.6711767911911011 0.020833333333333332 0.03333333333333333
3 0.6276929974555969 0.6288972496986389 0.019791666666666666 0.032407407407407406
1 0.5391494631767273 0.6075531840324402 0.019270833333333334 0.032407407407407406
3 0.625045657157898 0.48844242095947266 0.016145833333333335 0.026851851851851852
2 0.39518922567367554 0.8148195743560791 0.009375 0.014814814814814815
2 0.3007684648036957 0.7594249844551086 0.009375 0.014814814814814815
2 0.21716931462287903 0.7100589275360107 0.009375 0.014814814814814815
2 0.23772607743740082 0.5936717391014099 0.0046875 0.007407407407407408
2 0.3147110641002655 0.5525601506233215 0.004166666666666667 0.005555555555555556
2 0.3824668228626251 0.5156423449516296 0.0046875 0.007407407407407408
2 0.6366865038871765 0.7897337675094604 0.008333333333333333 0.012962962962962963
2 0.7028838992118835 0.721876323223114 0.008333333333333333 0.012962962962962963
2 0.7591463327407837 0.6631677746772766 0.008333333333333333 0.012962962962962963
2 0.8491231203079224 0.5693605542182922 0.00625 0.010185185185185186
2 0.8873974680900574 0.5297184586524963 0.00625 0.010185185185185186
2 0.9208958148956299 0.4950316250324249 0.00625 0.010185185185185186
2 0.8586540222167969 0.43066686391830444 0.0046875 0.007407407407407408
2 0.7869660258293152 0.4121873676776886 0.0046875 0.007407407407407408
2 0.7194939851760864 0.3945659101009369 0.0046875 0.007407407407407408
2 0.5896772146224976 0.40206149220466614 0.004166666666666667 0.006481481481481481
2 0.5456716418266296 0.42610958218574524 0.004166666666666667 0.006481481481481481
2 0.49649491906166077 0.45334306359291077 0.004166666666666667 0.006481481481481481
