0 0.6481470465660095 0.6213223338127136 0.0203125 0.03333333333333333
3 0.3540304899215698 0.6638941168785095 0.020833333333333332 0.03333333333333333
3 0.37994301319122314 0.6209376454353333 0.019791666666666666 0.032407407407407406
1 0.4698609709739685 0.5985580086708069 0.019270833333333334 0.032407407407407406
3 0.3829953372478485 0.47926849126815796 0.016145833333333335 0.026851851851851852
2 0.6140483021736145 0.8042221069335938 0.009375 0.014814814814814815
2 0.7081543207168579 0.7474022507667542 0.009375 0.014814814814814815
2 0.7908608913421631 0.6971482634544373 0.009375 0.014814814814814815
2 0.7708836793899536 0.5819287896156311 0.0046875 0.007407407407407408
2 0.6948243379592896 0.5416811108589172 0.004166666666666667 0.005555555555555556
2 0.6274836659431458 0.5053126811981201 0.0046875 0.007407407407407408
2 0.37036970257759094 0.7833203673362732 0.008333333333333333 0.012962962962962963
2 0.30286550521850586 0.7158122658729553 0.008333333333333333 0.012962962962962963
2 0.24520047008991241 0.6570913195610046 0.008333333333333333 0.012962962962962963
2 0.152412548661232 0.5626875758171082 0.00625 0.010185185185185186
2 0.11272834241390228 0.5225797295570374 0.00625 0.010185185185185186
2 0.07789067178964615 0.4873790740966797 0.00625 0.010185185185185186
2 0.14288070797920227 0.4215196967124939 0.0046875 0.007407407407407408
2 0.2171628475189209 0.40259990096092224 0.0046875 0.007407407407407408
2 0.28666630387306213 0.384665846824646 0.0046875 0.007407407407407408
2 0.4191792607307434 0.3921295404434204 0.004166666666666667 0.006481481481481481
2 0.46371838450431824 0.4162563979625702 0.004166666666666667 0.006481481481481481
2 0.5132974982261658 0.4434743821620941 0.004166666666666667 0.006481481481481481
