3 0.7634121775627136 0.5652892589569092 0.015625 0.024074074074074074
4 0.8094910383224487 0.334243506193161 0.016145833333333335 0.025
3 0.8236194252967834 0.43392443656921387 0.015104166666666667 0.024074074074074074
3 0.7728310227394104 0.49084970355033875 0.014583333333333334 0.023148148148148147
4 0.7696098685264587 0.44547221064567566 0.015104166666666667 0.024074074074074074
4 0.722491979598999 0.4184971749782562 0.015104166666666667 0.025
0 0.6860036253929138 0.3942689895629883 0.015625 0.024074074074074074
3 0.6397449970245361 0.7122107148170471 0.015104166666666667 0.023148148148148147
3 0.5872934460639954 0.658808708190918 0.015104166666666667 0.024074074074074074
1 0.6408481001853943 0.4871974289417267 0.015625 0.025925925925925925
4 0.6248238682746887 0.45757970213890076 0.015625 0.024074074074074074
3 0.6280490756034851 0.4185043275356293 0.015104166666666667 0.024074074074074074
3 0.4019883871078491 0.427013635635376 0.015625 0.025
4 0.28198471665382385 0.3209732174873352 0.015625 0.024074074074074074
2 0.677554190158844 0.8125932216644287 0.00625 0.010185185185185186
2 0.7596750259399414 0.8119961619377136 0.00625 0.010185185185185186
2 0.5941826701164246 0.812279224395752 0.00625 0.010185185185185186
2 0.8641303181648254 0.6413173675537109 0.007291666666666667 0.012037037037037037
2 0.8640283942222595 0.5083940625190735 0.007291666666666667 0.012037037037037037
2 0.8626562356948853 0.37481632828712463 0.007291666666666667 0.012037037037037037
2 0.7561616897583008 0.20316150784492493 0.005729166666666666 0.009259259259259259
2 0.673128068447113 0.20292773842811584 0.005729166666666666 0.009259259259259259
2 0.5896059274673462 0.2017846703529358 0.005729166666666666 0.009259259259259259
2 0.4241832196712494 0.20041720569133759 0.005208333333333333 0.008333333333333333
2 0.33947914838790894 0.20108230412006378 0.005208333333333333 0.008333333333333333
2 0.255553662776947 0.19947893917560577 0.005208333333333333 0.008333333333333333
2 0.4285603165626526 0.8125624060630798 0.005729166666666666 0.009259259259259259
2 0.34451162815093994 0.8127061128616333 0.005729166666666666 0.009259259259259259
2 0.261006623506546 0.8128489255905151 0.005729166666666666 0.009259259259259259
2 0.15152901411056519 0.6410009264945984 0.007291666666666667 0.012037037037037037
2 0.15031252801418304 0.5060597062110901 0.007291666666666667 0.012037037037037037
2 0.14884018898010254 0.3713741898536682 0.007291666666666667 0.012037037037037037
