3 0.25250065326690674 0.5499757528305054 0.015625 0.024074074074074074
4 0.1980496048927307 0.32677939534187317 0.016145833333333335 0.025
3 0.18677501380443573 0.4232572913169861 0.015104166666666667 0.024074074074074074
3 0.24060726165771484 0.47854185104370117 0.014583333333333334 0.023148148148148147
4 0.24249185621738434 0.4348861575126648 0.015104166666666667 0.024074074074074074
4 0.289768785238266 0.4093230664730072 0.015104166666666667 0.025
0 0.32621079683303833 0.3863510191440582 0.015625 0.024074074074074074
3 0.3816148042678833 0.6896364688873291 0.015104166666666667 0.023148148148148147
3 0.4327734112739563 0.6391900181770325 0.015104166666666667 0.024074074074074074
1 0.37452977895736694 0.4759441316127777 0.015625 0.025925925925925925
4 0.3899246156215668 0.4477270245552063 0.015625 0.024074074074074074
3 0.38563570380210876 0.4102447032928467 0.015104166666666667 0.024074074074074074
3 0.6122178435325623 0.4204923212528229 0.015625 0.025
4 0.7289934754371643 0.32100921869277954 0.015625 0.024074074074074074
2 0.34639987349510193 0.7842537760734558 0.00625 0.010185185185185186
2 0.26375648379325867 0.7841821312904358 0.00625 0.010185185185185186
2 0.4297022521495819 0.7834650278091431 0.00625 0.010185185185185186
2 0.15211772918701172 0.62245774269104 0.007291666666666667 0.012037037037037037
2 0.14772605895996094 0.494840145111084 0.007291666666666667 0.012037037037037037
2 0.144587904214859 0.3655548691749573 0.007291666666666667 0.012037037037037037
2 0.24877478182315826 0.19982978701591492 0.005729166666666666 0.009259259259259259
2 0.33391666412353516 0.20114782452583313 0.005729166666666666 0.009259259259259259
2 0.41893717646598816 0.2015828639268875 0.005729166666666666 0.009259259259259259
2 0.5856106877326965 0.20329999923706055 0.005208333333333333 0.008333333333333333
2 0.6700955629348755 0.2054818719625473 0.005208333333333333 0.008333333333333333
2 0.7531805038452148 0.20546261966228485 0.005208333333333333 0.008333333333333333
2 0.5935184955596924 0.782757043838501 0.005729166666666666 0.009259259259259259
2 0.675800621509552 0.7824015021324158 0.005729166666666666 0.009259259259259259
2 0.7569915056228638 0.7820505499839783 0.005729166666666666 0.009259259259259259
2 0.8606075048446655 0.6226911544799805 0.007291666666666667 0.012037037037037037
2 0.860209047794342 0.4969155788421631 0.007291666666666667 0.012037037037037037
2 0.860059380531311 0.37037914991378784 0.007291666666666667 0.012037037037037037
