3 0.23785680532455444 0.5585899949073792 0.015625 0.024074074074074074
4 0.19043515622615814 0.33123695850372314 0.016145833333333335 0.025
3 0.1765909194946289 0.4287015497684479 0.015104166666666667 0.024074074074074074
3 0.22801825404167175 0.4852728247642517 0.014583333333333334 0.023148148148148147
4 0.23105520009994507 0.44077131152153015 0.015104166666666667 0.024074074074074074
4 0.2783190906047821 0.4149790406227112 0.015104166666666667 0.025
0 0.3148305118083954 0.3917776644229889 0.015625 0.024074074074074074
3 0.3633057773113251 0.7047449946403503 0.015104166666666667 0.023148148148148147
3 0.41569098830223083 0.6526345610618591 0.015104166666666667 0.024074074074074074
1 0.36072394251823425 0.48339956998825073 0.015625 0.025925925925925925
4 0.37660324573516846 0.45459070801734924 0.015625 0.024074074074074074
3 0.3731074035167694 0.41630280017852783 0.015104166666666667 0.024074074074074074
3 0.5990267395973206 0.4277377128601074 0.015625 0.025
4 0.7170794010162354 0.32630154490470886 0.015625 0.024074074074074074
2 0.3258155882358551 0.80364990234375 0.00625 0.010185185185185186
2 0.24280312657356262 0.8023713827133179 0.00625 0.010185185185185186
2 0.4098833203315735 0.804034411907196 0.00625 0.010185185185185186
2 0.1363828033208847 0.6324235200881958 0.007291666666666667 0.012037037037037037
2 0.13606198132038116 0.5013505816459656 0.007291666666666667 0.012037037037037037
2 0.13702157139778137 0.3701745271682739 0.007291666666666667 0.012037037037037037
2 0.24343541264533997 0.20416013896465302 0.005729166666666666 0.009259259259259259
2 0.3266015946865082 0.20534123480319977 0.005729166666666666 0.009259259259259259
2 0.4100482165813446 0.20564447343349457 0.005729166666666666 0.009259259259259259
2 0.5747275948524475 0.20711161196231842 0.005208333333333333 0.008333333333333333
2 0.6587589979171753 0.20918156206607819 0.005208333333333333 0.008333333333333333
2 0.7417900562286377 0.20904046297073364 0.005208333333333333 0.008333333333333333
2 0.5762892365455627 0.8056907653808594 0.005729166666666666 0.009259259259259259
2 0.6604291796684265 0.8065282702445984 0.005729166666666666 0.009259259259259259
2 0.7438215613365173 0.8073583245277405 0.005729166666666666 0.009259259259259259
2 0.850476086139679 0.639769971370697 0.007291666666666667 0.012037037037037037
2 0.8498298525810242 0.5080811977386475 0.007291666666666667 0.012037037037037037
2 0.8494424819946289 0.37717312574386597 0.007291666666666667 0.012037037037037037
