3 0.25163963437080383 0.5744152069091797 0.015625 0.024074074074074074
4 0.2007923126220703 0.3427891433238983 0.016145833333333335 0.025
3 0.18876546621322632 0.4426424503326416 0.015104166666666667 0.024074074074074074
3 0.24082475900650024 0.5005887746810913 0.014583333333333334 0.023148148148148147
4 0.24315744638442993 0.4555031359195709 0.015104166666666667 0.024074074074074074
4 0.2897535264492035 0.4297467768192291 0.015104166666666667 0.025
0 0.325767457485199 0.40647491812705994 0.015625 0.024074074074074074
3 0.37585410475730896 0.7198994159698486 0.015104166666666667 0.023148148148148147
3 0.42651844024658203 0.6690142154693604 0.015104166666666667 0.024074074074074074
1 0.3719179928302765 0.4999473989009857 0.015625 0.025925925925925925
4 0.3874024748802185 0.4710019528865814 0.015625 0.024074074074074074
3 0.3837317228317261 0.43212226033210754 0.015104166666666667 0.024074074074074074
3 0.6061508059501648 0.4461207985877991 0.015625 0.025
4 0.723254919052124 0.3443688154220581 0.015625 0.024074074074074074
2 0.3402694761753082 0.8160008192062378 0.00625 0.010185185185185186
2 0.25992196798324585 0.8145070672035217 0.00625 0.010185185185185186
2 0.42135748267173767 0.8166294693946838 0.00625 0.010185185185185186
2 0.15301507711410522 0.6472917795181274 0.007291666666666667 0.012037037037037037
2 0.14991480112075806 0.5159854888916016 0.007291666666666667 0.012037037037037037
2 0.1480402648448944 0.38226279616355896 0.007291666666666667 0.012037037037037037
2 0.2519921064376831 0.21123045682907104 0.005729166666666666 0.009259259259259259
2 0.3357751965522766 0.21375279128551483 0.005729166666666666 0.009259259259259259
2 0.4195409119129181 0.2153526395559311 0.005729166666666666 0.009259259259259259
2 0.5840058922767639 0.21939896047115326 0.005208333333333333 0.008333333333333333
2 0.667477548122406 0.22282689809799194 0.005208333333333333 0.008333333333333333
2 0.7496969699859619 0.22393284738063812 0.005208333333333333 0.008333333333333333
2 0.5810675024986267 0.8187291622161865 0.005729166666666666 0.009259259259259259
2 0.6614173054695129 0.8197855353355408 0.005729166666666666 0.009259259259259259
2 0.7407869100570679 0.820828914642334 0.005729166666666666 0.009259259259259259
2 0.8460118770599365 0.6590203046798706 0.007291666666666667 0.012037037037037037
2 0.8486528396606445 0.529106616973877 0.007291666666666667 0.012037037037037037
2 0.8515722751617432 0.39770644903182983 0.007291666666666667 0.012037037037037037
