3 0.6532633900642395 0.6313197016716003 0.023958333333333335 0.03796296296296296
3 0.6591499447822571 0.5712696313858032 0.0234375 0.03796296296296296
3 0.6577466726303101 0.5168578028678894 0.022395833333333334 0.03611111111111111
3 0.3140251040458679 0.6393594145774841 0.024479166666666666 0.03888888888888889
3 0.4293782114982605 0.5894045829772949 0.0234375 0.03888888888888889
3 0.34560883045196533 0.5126628875732422 0.022395833333333334 0.03611111111111111
1 0.3651057183742523 0.39513567090034485 0.026041666666666668 0.03611111111111111
3 0.5564210414886475 0.28886786103248596 0.018229166666666668 0.03148148148148148
0 0.44254350662231445 0.39262500405311584 0.020833333333333332 0.032407407407407406
2 0.3639207184314728 0.7509564757347107 0.009375 0.014814814814814815
2 0.5082551836967468 0.7555511593818665 0.009375 0.014814814814814815
2 0.6501356959342957 0.7592127919197083 0.009375 0.014814814814814815
2 0.8120065331459045 0.6565203070640564 0.008854166666666666 0.013888888888888888
2 0.7980044484138489 0.5805721879005432 0.008854166666666666 0.013888888888888888
2 0.7848296761512756 0.5122109651565552 0.008854166666666666 0.013888888888888888
2 0.7611611485481262 0.3924545347690582 0.005729166666666666 0.009259259259259259
2 0.7504047751426697 0.34015214443206787 0.005729166666666666 0.009259259259259259
2 0.7411924600601196 0.2909935414791107 0.005729166666666666 0.009259259259259259
2 0.20295971632003784 0.6403058171272278 0.00625 0.010185185185185186
2 0.21721115708351135 0.5663174390792847 0.00625 0.010185185185185186
2 0.22972072660923004 0.49852392077445984 0.00625 0.010185185185185186
2 0.25254714488983154 0.38109779357910156 0.005729166666666666 0.009259259259259259
2 0.26235058903694153 0.3292326331138611 0.005729166666666666 0.009259259259259259
2 0.27216672897338867 0.2804756760597229 0.005729166666666666 0.009259259259259259
2 0.40796858072280884 0.22570404410362244 0.005208333333333333 0.008333333333333333
2 0.5065711140632629 0.22753334045410156 0.005208333333333333 0.008333333333333333
2 0.6044661998748779 0.2311130166053772 0.005208333333333333 0.008333333333333333
