3 0.3548189103603363 0.6176032423973083 0.023958333333333335 0.03796296296296296
3 0.34808018803596497 0.5553339719772339 0.0234375 0.03796296296296296
3 0.3488956391811371 0.49900609254837036 0.022395833333333334 0.03611111111111111
3 0.7022840976715088 0.6302517652511597 0.024479166666666666 0.03888888888888889
3 0.5838345289230347 0.5771604776382446 0.0234375 0.03888888888888889
3 0.6685447692871094 0.49903395771980286 0.022395833333333334 0.03611111111111111
1 0.6472483277320862 0.3774193227291107 0.026041666666666668 0.03611111111111111
3 0.4502424895763397 0.2646231949329376 0.018229166666666668 0.03148148148148148
0 0.5680636167526245 0.3736525774002075 0.020833333333333332 0.032407407407407406
2 0.6526489853858948 0.7448916435241699 0.009375 0.014814814814814815
2 0.5050284266471863 0.7479679584503174 0.009375 0.014814814814814815
2 0.3595052659511566 0.750114917755127 0.009375 0.014814814814814815
2 0.19177423417568207 0.6416991949081421 0.008854166666666666 0.013888888888888888
2 0.2053370177745819 0.5631090998649597 0.008854166666666666 0.013888888888888888
2 0.21812871098518372 0.49240627884864807 0.008854166666666666 0.013888888888888888
2 0.2411310225725174 0.36862340569496155 0.005729166666666666 0.009259259259259259
2 0.2516036331653595 0.3145962357521057 0.005729166666666666 0.009259259259259259
2 0.26052048802375793 0.2638172209262848 0.005729166666666666 0.009259259259259259
2 0.8155314326286316 0.6326364278793335 0.00625 0.010185185185185186
2 0.8001338243484497 0.5561516284942627 0.00625 0.010185185185185186
2 0.7865827083587646 0.486069917678833 0.00625 0.010185185185185186
2 0.761926531791687 0.3646450936794281 0.005729166666666666 0.009259259259259259
2 0.7513187527656555 0.3110102415084839 0.005729166666666666 0.009259259259259259
2 0.7407338619232178 0.26057571172714233 0.005729166666666666 0.009259259259259259
2 0.6014619469642639 0.20181651413440704 0.005208333333333333 0.008333333333333333
2 0.5006049275398254 0.20204582810401917 0.005208333333333333 0.008333333333333333
2 0.4003017544746399 0.20409801602363586 0.005208333333333333 0.008333333333333333
