1 0.8218230605125427 0.7135499119758606 0.016145833333333335 0.025
3 0.7451372146606445 0.6958035826683044 0.014583333333333334 0.023148148148148147
3 0.5983346104621887 0.6788741946220398 0.015104166666666667 0.024074074074074074
4 0.6189755797386169 0.6168883442878723 0.015104166666666667 0.025
3 0.6867772936820984 0.5848956108093262 0.015104166666666667 0.023148148148148147
4 0.7526777982711792 0.3602682650089264 0.016145833333333335 0.024074074074074074
3 0.7272297739982605 0.3609982132911682 0.015104166666666667 0.024074074074074074
3 0.657494843006134 0.3471236824989319 0.015104166666666667 0.024074074074074074
3 0.591730535030365 0.34175410866737366 0.014583333333333334 0.024074074074074074
4 0.5018280148506165 0.2481411099433899 0.015104166666666667 0.025925925925925925
4 0.5337588787078857 0.44627952575683594 0.014583333333333334 0.025
0 0.42746755480766296 0.5807772874832153 0.015625 0.024074074074074074
4 0.2379598170518875 0.6028562188148499 0.015625 0.024074074074074074
3 0.24878142774105072 0.440873384475708 0.016145833333333335 0.025
2 0.7614583969116211 0.8041567802429199 0.0078125 0.012037037037037037
2 0.6781634092330933 0.8034521341323853 0.0078125 0.012037037037037037
2 0.5958881974220276 0.8045230507850647 0.0078125 0.012037037037037037
2 0.8660585284233093 0.6385529637336731 0.008333333333333333 0.013888888888888888
2 0.8658998012542725 0.5065878033638 0.008333333333333333 0.013888888888888888
2 0.8654966950416565 0.37570151686668396 0.008333333333333333 0.013888888888888888
2 0.7581122517585754 0.20782804489135742 0.005729166666666666 0.009259259259259259
2 0.6752045750617981 0.20570272207260132 0.005729166666666666 0.009259259259259259
2 0.5910096764564514 0.204459086060524 0.005729166666666666 0.009259259259259259
2 0.43027305603027344 0.804889440536499 0.005208333333333333 0.008333333333333333
2 0.3459009826183319 0.8046287894248962 0.005208333333333333 0.008333333333333333
2 0.26228606700897217 0.8043649792671204 0.005208333333333333 0.008333333333333333
2 0.15167059004306793 0.6346752047538757 0.008333333333333333 0.012962962962962963
2 0.15032488107681274 0.5040151476860046 0.008333333333333333 0.012962962962962963
2 0.1468820571899414 0.3721846044063568 0.008333333333333333 0.012962962962962963
2 0.423340380191803 0.2024247795343399 0.004166666666666667 0.006481481481481481
2 0.3391023874282837 0.2020796686410904 0.005208333333333333 0.008333333333333333
2 0.254085898399353 0.2030848115682602 0.005208333333333333 0.008333333333333333
