4 0.7715108394622803 0.8840057849884033 0.021875 0.041666666666666664
1 0.7203275561332703 0.8286064863204956 0.019791666666666666 0.03518518518518519
4 0.6202503442764282 0.7444452047348022 0.016666666666666666 0.03148148148148148
4 0.5096346139907837 0.6704273223876953 0.0140625 0.025925925925925925
4 0.4641139805316925 0.6421261429786682 0.0140625 0.025
4 0.45267969369888306 0.8410874009132385 0.0203125 0.03796296296296296
4 0.374734491109848 0.8404110074043274 0.020833333333333332 0.037037037037037035
4 0.29934218525886536 0.6621060371398926 0.014583333333333334 0.025925925925925925
2 0.40065738558769226 0.9886592030525208 0.011458333333333333 0.012037037037037037
2 0.3419942557811737 0.917996883392334 0.011458333333333333 0.012962962962962963
2 0.2926277816295624 0.8602699637413025 0.011458333333333333 0.012962962962962963
2 0.21655002236366272 0.7692707180976868 0.011458333333333333 0.012962962962962963
2 0.18596282601356506 0.7327457070350647 0.011458333333333333 0.012962962962962963
2 0.15921756625175476 0.7017232775688171 0.011458333333333333 0.012962962962962963
2 0.23031370341777802 0.6491876840591431 0.011458333333333333 0.012962962962962963
2 0.30222851037979126 0.6362178325653076 0.011458333333333333 0.012962962962962963
2 0.37028196454048157 0.6241493821144104 0.011458333333333333 0.012962962962962963
2 0.497109979391098 0.6358606815338135 0.011458333333333333 0.012962962962962963
2 0.5388001203536987 0.6591475605964661 0.011458333333333333 0.012962962962962963
2 0.5856334567070007 0.684281051158905 0.011458333333333333 0.012962962962962963
2 0.6970775127410889 0.7451176047325134 0.011458333333333333 0.012962962962962963
2 0.7653068900108337 0.7822139859199524 0.011458333333333333 0.012962962962962963
2 0.8441368341445923 0.8266742825508118 0.011458333333333333 0.012962962962962963
2 0.8607642650604248 0.9414185881614685 0.011458333333333333 0.012962962962962963
2 0.7659070491790771 0.983273983001709 0.011458333333333333 0.012962962962962963
