4 0.2377643585205078 0.8672295212745667 0.021875 0.041666666666666664
1 0.28753796219825745 0.8135796189308167 0.019791666666666666 0.03518518518518519
4 0.3853691816329956 0.7318181395530701 0.016666666666666666 0.03148148148148148
4 0.49424535036087036 0.6595214009284973 0.0140625 0.025925925925925925
4 0.5392715334892273 0.6317489743232727 0.0140625 0.025
4 0.550585150718689 0.8276083469390869 0.0203125 0.03796296296296296
4 0.6279404163360596 0.8274849057197571 0.020833333333333332 0.037037037037037035
4 0.7032359838485718 0.6517488956451416 0.014583333333333334 0.025925925925925925
2 0.6021267175674438 0.9732013940811157 0.011458333333333333 0.012037037037037037
2 0.6604877710342407 0.9042221307754517 0.011458333333333333 0.012962962962962963
2 0.7097809910774231 0.8476744890213013 0.011458333333333333 0.012962962962962963
2 0.786075234413147 0.7581366300582886 0.011458333333333333 0.012962962962962963
2 0.816862165927887 0.722066342830658 0.011458333333333333 0.012962962962962963
2 0.8438339233398438 0.6913727521896362 0.011458333333333333 0.012962962962962963
2 0.7724011540412903 0.6390774846076965 0.011458333333333333 0.012962962962962963
2 0.700371503829956 0.6261283159255981 0.011458333333333333 0.012962962962962963
2 0.6324729323387146 0.6141244769096375 0.011458333333333333 0.012962962962962963
2 0.5066176056861877 0.6255375742912292 0.011458333333333333 0.012962962962962963
2 0.46545448899269104 0.6483739018440247 0.011458333333333333 0.012962962962962963
2 0.4193395674228668 0.6729502081871033 0.011458333333333333 0.012962962962962963
2 0.31014129519462585 0.7321524024009705 0.011458333333333333 0.012962962962962963
2 0.24365641176700592 0.7680514454841614 0.011458333333333333 0.012962962962962963
2 0.16719163954257965 0.8108974695205688 0.011458333333333333 0.012962962962962963
2 0.1513027846813202 0.9222912192344666 0.011458333333333333 0.012962962962962963
2 0.24335193634033203 0.9639474153518677 0.011458333333333333 0.012962962962962963
