4 0.763796865940094 0.8793035745620728 0.021875 0.041666666666666664
1 0.7126426100730896 0.8243390917778015 0.019791666666666666 0.03518518518518519
4 0.6123304963111877 0.7403457164764404 0.016666666666666666 0.03148148148148148
4 0.5011909008026123 0.665987491607666 0.0140625 0.025925925925925925
4 0.45540323853492737 0.6374760270118713 0.0140625 0.025
4 0.44332271814346313 0.8320633769035339 0.0203125 0.03796296296296296
4 0.3649689555168152 0.8301016688346863 0.020833333333333332 0.037037037037037035
4 0.28935834765434265 0.6543813943862915 0.014583333333333334 0.025925925925925925
2 0.3907097578048706 0.9750263094902039 0.011458333333333333 0.012037037037037037
2 0.33195504546165466 0.9052336812019348 0.011458333333333333 0.012962962962962963
2 0.28244102001190186 0.8481143712997437 0.011458333333333333 0.012962962962962963
2 0.20601564645767212 0.7579584717750549 0.011458333333333333 0.012962962962962963
2 0.17524658143520355 0.7217215299606323 0.011458333333333333 0.012962962962962963
2 0.14832332730293274 0.6909087896347046 0.011458333333333333 0.012962962962962963
2 0.2198541909456253 0.6405831575393677 0.011458333333333333 0.012962962962962963
2 0.29228851199150085 0.6290337443351746 0.011458333333333333 0.012962962962962963
2 0.3608742654323578 0.6182993054389954 0.011458333333333333 0.012962962962962963
2 0.48868507146835327 0.6318655610084534 0.011458333333333333 0.012962962962962963
2 0.53062903881073 0.6554005146026611 0.011458333333333333 0.012962962962962963
2 0.5777314901351929 0.6808211803436279 0.011458333333333333 0.012962962962962963
2 0.6897273659706116 0.7422748804092407 0.011458333333333333 0.012962962962962963
2 0.758236825466156 0.77972012758255 0.011458333333333333 0.012962962962962963
2 0.8373228311538696 0.8245174884796143 0.011458333333333333 0.012962962962962963
2 0.8531652092933655 0.9368099570274353 0.011458333333333333 0.012962962962962963
2 0.7574941515922546 0.975980281829834 0.011458333333333333 0.012962962962962963
