2 0.49983400106430054 0.7036888003349304 0.004261904761904762 0.0045047619047619055
2 0.4516133964061737 0.6667927503585815 0.003860119047619048 0.004119047619047619
2 0.4087771475315094 0.633837103843689 0.0037797619047619047 0.003990476190476191
2 0.3349088132381439 0.5767612457275391 0.00394047619047619 0.003604761904761905
2 0.30295872688293457 0.5522266030311584 0.0033779761904761904 0.0032190476190476188
2 0.2738400399684906 0.5298752784729004 0.0032976190476190475 0.003476190476190476
2 0.3069828450679779 0.4817908704280853 0.002976190476190476 0.0027047619047619047
2 0.35566458106040955 0.46557676792144775 0.003056547619047619 0.0030904761904761904
2 0.40219616889953613 0.4504588842391968 0.002574404761904762 0.0025761904761904763
2 0.4974955916404724 0.4513914883136749 0.0026547619047619046 0.0028333333333333335
2 0.5311712622642517 0.4677342474460602 0.002976190476190476 0.0032190476190476188
2 0.5678068399429321 0.48550593852996826 0.0031369047619047618 0.0032190476190476188
2 0.6505905985832214 0.5254974365234375 0.003217261904761905 0.002961904761904762
2 0.6973382234573364 0.5480139851570129 0.0032976190476190475 0.0033476190476190476
2 0.7488350868225098 0.5726849436759949 0.00394047619047619 0.003604761904761905
2 0.7613884806632996 0.6443951725959778 0.004261904761904762 0.004119047619047619
2 0.708975076675415 0.6756068468093872 0.004020833333333333 0.004119047619047619
2 0.6515322923660278 0.7095016241073608 0.003860119047619048 0.004119047619047619
3 0.5157410502433777 0.6708255410194397 0.01375595238095238 0.023423809523809524
3 0.7583058476448059 0.621673583984375 0.01375595238095238 0.02084761904761905
3 0.5452038645744324 0.5187484622001648 0.011101190476190475 0.018404761904761903
3 0.5077382922172546 0.5279085636138916 0.011020833333333334 0.018404761904761903
3 0.43279245495796204 0.5104787945747375 0.010375 0.01711904761904762
3 0.3029915988445282 0.522598147392273 0.010860119047619049 0.017633333333333334
0 0.6225590109825134 0.6290321946144104 0.013675595238095238 0.02290952380952381
1 0.475018173456192 0.504212498664856 0.010779761904761905 0.018147619047619048
4 0.4979255795478821 0.47143763303756714 0.010458333333333333 0.0166
4 0.4139532148838043 0.4893784821033478 0.010458333333333333 0.01711904761904762
4 0.3128572702407837 0.5311263799667358 0.011583333333333334 0.01879047619047619
4 0.46953222155570984 0.6292195916175842 0.013270833333333334 0.022266666666666667
4 0.5728877782821655 0.5492929816246033 0.012145833333333335 0.019819047619047618
