2 0.5086864829063416 0.6990503072738647 0.004261904761904762 0.0045047619047619055
2 0.5563960671424866 0.6630974411964417 0.003860119047619048 0.004119047619047619
2 0.5987259149551392 0.631018340587616 0.0037797619047619047 0.003990476190476191
2 0.6716062426567078 0.5755401849746704 0.00394047619047619 0.003604761904761905
2 0.7030867338180542 0.5517292022705078 0.0033779761904761904 0.0032190476190476188
2 0.7317546010017395 0.5300546884536743 0.0032976190476190475 0.003476190476190476
2 0.698283314704895 0.481651246547699 0.002976190476190476 0.0027047619047619047
2 0.6497503519058228 0.4646153450012207 0.003056547619047619 0.0030904761904761904
2 0.6033557653427124 0.44870615005493164 0.002574404761904762 0.0025761904761904763
2 0.5086115002632141 0.4477914273738861 0.0026547619047619046 0.0028333333333333335
2 0.47525525093078613 0.4633830189704895 0.002976190476190476 0.0032190476190476188
2 0.4389408230781555 0.48034974932670593 0.0031369047619047618 0.0032190476190476188
2 0.3567805588245392 0.5185702443122864 0.003217261904761905 0.002961904761904762
2 0.310322642326355 0.5401157140731812 0.0032976190476190475 0.0033476190476190476
2 0.25909242033958435 0.5637413263320923 0.00394047619047619 0.003604761904761905
2 0.24704952538013458 0.6350762844085693 0.004261904761904762 0.004119047619047619
2 0.29965776205062866 0.6672136783599854 0.004020833333333333 0.004119047619047619
2 0.35731521248817444 0.7021252512931824 0.003860119047619048 0.004119047619047619
3 0.4925122559070587 0.6659548282623291 0.01375595238095238 0.023423809523809524
3 0.24997304379940033 0.6124448180198669 0.01375595238095238 0.02084761904761905
3 0.46174901723861694 0.5138521194458008 0.011101190476190475 0.018404761904761903
3 0.49914252758026123 0.5236778259277344 0.011020833333333334 0.018404761904761903
3 0.5735556483268738 0.5077612996101379 0.010375 0.01711904761904762
3 0.7027143239974976 0.5222708582878113 0.010860119047619049 0.017633333333333334
0 0.38558733463287354 0.6222946643829346 0.013675595238095238 0.02290952380952381
1 0.5314838290214539 0.5007265210151672 0.010779761904761905 0.018147619047619048
4 0.5083744525909424 0.46770358085632324 0.010458333333333333 0.0166
4 0.5920742154121399 0.48714423179626465 0.010458333333333333 0.01711904761904762
4 0.693010151386261 0.5305619835853577 0.011583333333333334 0.01879047619047619
4 0.538169801235199 0.6252989768981934 0.013270833333333334 0.022266666666666667
4 0.43444058299064636 0.5437356233596802 0.012145833333333335 0.019819047619047618
