2 0.42116883397102356 0.8013144731521606 0.004508928571428572 0.007071428571428571
2 0.3351387679576874 0.8022266030311584 0.004419642857142857 0.006347619047619047
2 0.24952532351016998 0.803425133228302 0.004148809523809523 0.006495238095238096
2 0.14076218008995056 0.6303197145462036 0.003967261904761905 0.006780952380952381
2 0.14148230850696564 0.4938317835330963 0.0038779761904761904 0.006495238095238096
2 0.14219450950622559 0.35834285616874695 0.0037886904761904763 0.006061904761904762
2 0.25245675444602966 0.18417368829250336 0.004148809523809523 0.006495238095238096
2 0.3376321792602539 0.183114156126976 0.003967261904761905 0.006347619047619047
2 0.42259156703948975 0.18212130665779114 0.003967261904761905 0.006347619047619047
2 0.5920053124427795 0.18042868375778198 0.0038779761904761904 0.006347619047619047
2 0.6767255663871765 0.17986373603343964 0.0037886904761904763 0.006638095238095238
2 0.7613672018051147 0.17901816964149475 0.0034285714285714284 0.006061904761904762
2 0.8707683086395264 0.3503740727901459 0.0037886904761904763 0.006347619047619047
2 0.8715194463729858 0.48547104001045227 0.00405952380952381 0.006495238095238096
2 0.872135579586029 0.6212772727012634 0.0036964285714285714 0.006204761904761905
2 0.7634835839271545 0.7965350151062012 0.004148809523809523 0.006495238095238096
2 0.6781387329101562 0.7977259159088135 0.004238095238095238 0.006638095238095238
2 0.5922184586524963 0.7991369366645813 0.003967261904761905 0.006347619047619047
3 0.7211930751800537 0.709676206111908 0.01488095238095238 0.024761904761904763
4 0.6217963695526123 0.6959896087646484 0.01488095238095238 0.02666666666666667
0 0.7390799522399902 0.4847780764102936 0.014485119047619049 0.023809523809523808
3 0.8320153951644897 0.28694334626197815 0.015276785714285713 0.02317619047619048
4 0.5613702535629272 0.3595592677593231 0.014681547619047618 0.02508095238095238
3 0.4708707630634308 0.315918505191803 0.015476190476190477 0.026033333333333335
3 0.45612457394599915 0.4008233845233917 0.01488095238095238 0.024761904761904763
3 0.3419654965400696 0.4769681394100189 0.015080357142857144 0.023809523809523808
3 0.24723464250564575 0.7278845310211182 0.015276785714285713 0.025395238095238096
4 0.2799363136291504 0.7310370206832886 0.015476190476190477 0.02508095238095238
4 0.26501792669296265 0.448738694190979 0.01607142857142857 0.02444285714285714
4 0.30382040143013 0.24501095712184906 0.015872023809523808 0.026347619047619047
1 0.36734825372695923 0.3878485858440399 0.015476190476190477 0.02508095238095238
