4 0.25955307483673096 0.679286777973175 0.021875 0.03425925925925926
3 0.2847428023815155 0.6652603149414062 0.020833333333333332 0.03333333333333333
3 0.34119275212287903 0.6267704963684082 0.019270833333333334 0.03148148148148148
3 0.3925073742866516 0.596741795539856 0.017708333333333333 0.02962962962962963
3 0.49860429763793945 0.7742582559585571 0.0234375 0.03981481481481482
3 0.46828919649124146 0.6998423933982849 0.021354166666666667 0.03518518518518519
4 0.5770705938339233 0.7240757942199707 0.022395833333333334 0.037037037037037035
3 0.6069647669792175 0.6735835671424866 0.020833333333333332 0.03425925925925926
1 0.5425098538398743 0.6660540103912354 0.0203125 0.03333333333333333
0 0.6485880017280579 0.5717291831970215 0.0171875 0.028703703703703703
4 0.49650442600250244 0.5907353162765503 0.017708333333333333 0.02962962962962963
3 0.6595363020896912 0.4901842474937439 0.014583333333333334 0.024074074074074074
2 0.3219655454158783 0.8381949067115784 0.0078125 0.012962962962962963
2 0.227346733212471 0.7884255051612854 0.0078125 0.012962962962962963
2 0.1441282331943512 0.7439300417900085 0.0078125 0.012962962962962963
2 0.16988970339298248 0.6372645497322083 0.0067708333333333336 0.011111111111111112
2 0.24872957170009613 0.5981658697128296 0.0067708333333333336 0.011111111111111112
2 0.3187488615512848 0.5643842816352844 0.0067708333333333336 0.011111111111111112
2 0.5773643255233765 0.8172913193702698 0.009895833333333333 0.016666666666666666
2 0.6480031609535217 0.7507261037826538 0.009895833333333333 0.016666666666666666
2 0.7082639336585999 0.6955527663230896 0.005208333333333333 0.008333333333333333
2 0.8052957057952881 0.6081126928329468 0.0067708333333333336 0.011111111111111112
2 0.8461344242095947 0.5711774826049805 0.0067708333333333336 0.011111111111111112
2 0.881790041923523 0.5380921363830566 0.0067708333333333336 0.011111111111111112
2 0.8157689571380615 0.4809655547142029 0.005208333333333333 0.008333333333333333
2 0.7392964959144592 0.4646884500980377 0.005208333333333333 0.008333333333333333
2 0.6695367097854614 0.4502663016319275 0.005208333333333333 0.008333333333333333
2 0.43708106875419617 0.5070449113845825 0.004166666666666667 0.007407407407407408
2 0.48798903822898865 0.4818556606769562 0.004166666666666667 0.007407407407407408
2 0.5342171788215637 0.46004995703697205 0.004166666666666667 0.007407407407407408
