4 0.7318878769874573 0.6800392866134644 0.021875 0.03425925925925926
3 0.7066497802734375 0.6652001142501831 0.020833333333333332 0.03333333333333333
3 0.6503980159759521 0.6247026324272156 0.019270833333333334 0.03148148148148148
3 0.5993824601173401 0.5931941270828247 0.017708333333333333 0.02962962962962963
3 0.48994970321655273 0.7765254378318787 0.0234375 0.03981481481481482
3 0.5216013789176941 0.6996839046478271 0.021354166666666667 0.03518518518518519
4 0.4129665791988373 0.7237761616706848 0.022395833333333334 0.037037037037037035
3 0.3843703269958496 0.6713927984237671 0.020833333333333332 0.03425925925925926
1 0.4483630061149597 0.6641016602516174 0.0203125 0.03333333333333333
0 0.34529444575309753 0.5661997199058533 0.0171875 0.028703703703703703
4 0.4955521821975708 0.5864679217338562 0.017708333333333333 0.02962962962962963
3 0.3361172676086426 0.48228973150253296 0.014583333333333334 0.024074074074074074
2 0.6658576726913452 0.8452579379081726 0.0078125 0.012962962962962963
2 0.762569010257721 0.7944785356521606 0.0078125 0.012962962962962963
2 0.8481507897377014 0.7487912178039551 0.0078125 0.012962962962962963
2 0.8237696290016174 0.6367378234863281 0.0067708333333333336 0.011111111111111112
2 0.7443365454673767 0.5953919291496277 0.0067708333333333336 0.011111111111111112
2 0.6741698384284973 0.5598599910736084 0.0067708333333333336 0.011111111111111112
2 0.4108651578426361 0.8201145529747009 0.009895833333333333 0.016666666666666666
2 0.3423539102077484 0.7505707740783691 0.009895833333333333 0.016666666666666666
2 0.2841755747795105 0.6932057738304138 0.005208333333333333 0.008333333333333333
2 0.19104155898094177 0.6028349995613098 0.0067708333333333336 0.011111111111111112
2 0.15205542743206024 0.5648665428161621 0.0067708333333333336 0.011111111111111112
2 0.11813528835773468 0.5309600234031677 0.0067708333333333336 0.011111111111111112
2 0.18340755999088287 0.47271478176116943 0.005208333333333333 0.008333333333333333
2 0.25835883617401123 0.4560766816139221 0.005208333333333333 0.008333333333333333
2 0.32706597447395325 0.4412606358528137 0.005208333333333333 0.008333333333333333
2 0.5564320087432861 0.49997830390930176 0.004166666666666667 0.007407407407407408
2 0.5061110854148865 0.4738408327102661 0.004166666666666667 0.007407407407407408
2 0.46056175231933594 0.4512951374053955 0.004166666666666667 0.007407407407407408
