4 0.2716289460659027 0.6822746396064758 0.021875 0.03425925925925926
3 0.2973293960094452 0.6665565967559814 0.020833333333333332 0.03333333333333333
3 0.35437431931495667 0.6243849396705627 0.019270833333333334 0.03148148148148148
3 0.4058453142642975 0.5914430618286133 0.017708333333333333 0.02962962962962963
3 0.5158621072769165 0.765508770942688 0.0234375 0.03981481481481482
3 0.4841025471687317 0.6921068429946899 0.021354166666666667 0.03518518518518519
4 0.5922817587852478 0.7106374502182007 0.022395833333333334 0.037037037037037035
3 0.6204529404640198 0.6586002707481384 0.020833333333333332 0.03425925925925926
1 0.5570498108863831 0.6542733311653137 0.0203125 0.03333333333333333
0 0.658737063407898 0.5552644729614258 0.0171875 0.028703703703703703
4 0.5099225640296936 0.5807434916496277 0.017708333333333333 0.02962962962962963
3 0.667569100856781 0.47390300035476685 0.014583333333333334 0.024074074074074074
2 0.339006245136261 0.8415514230728149 0.0078125 0.012962962962962963
2 0.2403998076915741 0.7965101003646851 0.0078125 0.012962962962962963
2 0.15241272747516632 0.7555753588676453 0.0078125 0.012962962962962963
2 0.1774436980485916 0.6435965895652771 0.0067708333333333336 0.011111111111111112
2 0.25882866978645325 0.5994750261306763 0.0067708333333333336 0.011111111111111112
2 0.3301989734172821 0.561755359172821 0.0067708333333333336 0.011111111111111112
2 0.5945633053779602 0.8040158152580261 0.009895833333333333 0.016666666666666666
2 0.6620491147041321 0.733351469039917 0.009895833333333333 0.016666666666666666
2 0.7190039157867432 0.6753478646278381 0.005208333333333333 0.008333333333333333
2 0.8095094561576843 0.584581732749939 0.0067708333333333336 0.011111111111111112
2 0.8471511006355286 0.5466982126235962 0.0067708333333333336 0.011111111111111112
2 0.8797828555107117 0.513020932674408 0.0067708333333333336 0.011111111111111112
2 0.8165578246116638 0.45952853560447693 0.005208333333333333 0.008333333333333333
2 0.7436420917510986 0.4460385739803314 0.005208333333333333 0.008333333333333333
2 0.6763648986816406 0.4340120553970337 0.005208333333333333 0.008333333333333333
2 0.4488712251186371 0.49878257513046265 0.004166666666666667 0.007407407407407408
2 0.49918049573898315 0.47155627608299255 0.004166666666666667 0.007407407407407408
2 0.5445117950439453 0.4481058120727539 0.004166666666666667 0.007407407407407408
