4 0.26035353541374207 0.6743912696838379 0.021875 0.03425925925925926
3 0.28575998544692993 0.6600146293640137 0.020833333333333332 0.03333333333333333
3 0.3424634337425232 0.6208103895187378 0.019270833333333334 0.03148148148148148
3 0.39379456639289856 0.5903149247169495 0.017708333333333333 0.02962962962962963
3 0.5007485747337341 0.7673643827438354 0.0234375 0.03981481481481482
3 0.4700952470302582 0.6931092739105225 0.021354166666666667 0.03518518518518519
4 0.5782387256622314 0.7162527441978455 0.022395833333333334 0.037037037037037035
3 0.6073951125144958 0.6655935049057007 0.020833333333333332 0.03425925925925926
1 0.5436299443244934 0.6586296558380127 0.0203125 0.03333333333333333
0 0.6475992798805237 0.5639699697494507 0.0171875 0.028703703703703703
4 0.4974900186061859 0.5837023258209229 0.017708333333333333 0.02962962962962963
3 0.6577187776565552 0.4830075204372406 0.014583333333333334 0.024074074074074074
2 0.3241449296474457 0.8341367840766907 0.0078125 0.012962962962962963
2 0.2281574308872223 0.7851298451423645 0.0078125 0.012962962962962963
2 0.14323730766773224 0.7410408854484558 0.0078125 0.012962962962962963
2 0.16915327310562134 0.6326480507850647 0.0067708333333333336 0.011111111111111112
2 0.24905376136302948 0.5926027297973633 0.0067708333333333336 0.011111111111111112
2 0.3195776641368866 0.5582069158554077 0.0067708333333333336 0.011111111111111112
2 0.5791881680488586 0.809413731098175 0.009895833333333333 0.016666666666666666
2 0.6483942866325378 0.7420580387115479 0.009895833333333333 0.016666666666666666
2 0.7070966362953186 0.6865394711494446 0.005208333333333333 0.008333333333333333
2 0.8009660243988037 0.5991564989089966 0.0067708333333333336 0.011111111111111112
2 0.8402299284934998 0.5624731183052063 0.0067708333333333336 0.011111111111111112
2 0.8743857145309448 0.5297298431396484 0.0067708333333333336 0.011111111111111112
2 0.8099878430366516 0.4736308157444 0.005208333333333333 0.008333333333333333
2 0.7355030179023743 0.4576602280139923 0.005208333333333333 0.008333333333333333
2 0.6672117710113525 0.44343894720077515 0.005208333333333333 0.008333333333333333
2 0.43782952427864075 0.5002840161323547 0.004166666666666667 0.007407407407407408
2 0.48834291100502014 0.4750196039676666 0.004166666666666667 0.007407407407407408
2 0.534035325050354 0.45323336124420166 0.004166666666666667 0.007407407407407408
