4 0.5993406772613525 0.7102562189102173 0.021354166666666667 0.03518518518518519
4 0.6684629321098328 0.661844789981842 0.020833333333333332 0.03333333333333333
3 0.6931871771812439 0.6540737152099609 0.019791666666666666 0.032407407407407406
3 0.759391725063324 0.5703972578048706 0.017708333333333333 0.02962962962962963
0 0.6551185250282288 0.5909531712532043 0.017708333333333333 0.02962962962962963
3 0.6850067973136902 0.5531272888183594 0.0171875 0.02962962962962963
4 0.6326951384544373 0.4707867205142975 0.015104166666666667 0.024074074074074074
4 0.5529205203056335 0.46108850836753845 0.015625 0.025
3 0.5237464308738708 0.42834538221359253 0.013541666666666667 0.023148148148148147
3 0.4647214710712433 0.4580991864204407 0.014583333333333334 0.024074074074074074
3 0.4435786008834839 0.4711194932460785 0.015104166666666667 0.025
4 0.4145239591598511 0.44807592034339905 0.0140625 0.025
1 0.452109158039093 0.3599397540092468 0.013020833333333334 0.020370370370370372
4 0.26389163732528687 0.456802099943161 0.015104166666666667 0.025
2 0.6676990389823914 0.7262871265411377 0.00625 0.010185185185185186
2 0.7486132979393005 0.6781839728355408 0.00625 0.010185185185185186
2 0.8198139667510986 0.6354822516441345 0.00625 0.010185185185185186
2 0.79878169298172 0.5306999683380127 0.005208333333333333 0.008333333333333333
2 0.7296565175056458 0.4917639195919037 0.005208333333333333 0.008333333333333333
2 0.6681268215179443 0.4580462574958801 0.005208333333333333 0.008333333333333333
2 0.5655118227005005 0.4005468189716339 0.004166666666666667 0.006481481481481481
2 0.5209029316902161 0.3759186267852783 0.004166666666666667 0.006481481481481481
2 0.4805928170681 0.3543317914009094 0.004166666666666667 0.006481481481481481
2 0.4554192125797272 0.702549934387207 0.005208333333333333 0.008333333333333333
2 0.3941132426261902 0.6410102844238281 0.005208333333333333 0.007407407407407408
2 0.3427043557167053 0.5895262956619263 0.005208333333333333 0.008333333333333333
2 0.2581476867198944 0.504474401473999 0.005729166666666666 0.009259259259259259
2 0.2229607254266739 0.4682759940624237 0.005729166666666666 0.009259259259259259
2 0.19157694280147552 0.43600887060165405 0.005729166666666666 0.009259259259259259
2 0.24302250146865845 0.3785857856273651 0.005208333333333333 0.008333333333333333
2 0.3059212565422058 0.3620178699493408 0.0036458333333333334 0.005555555555555556
2 0.36507976055145264 0.3463720679283142 0.0036458333333333334 0.005555555555555556
