4 0.5977525115013123 0.7430543899536133 0.021354166666666667 0.03518518518518519
4 0.6688085794448853 0.6945855021476746 0.020833333333333332 0.03333333333333333
3 0.6940847635269165 0.687025785446167 0.019791666666666666 0.032407407407407406
3 0.7621813416481018 0.6027873754501343 0.017708333333333333 0.02962962962962963
0 0.6558764576911926 0.6220396161079407 0.017708333333333333 0.02962962962962963
3 0.6866776943206787 0.5839835405349731 0.0171875 0.02962962962962963
4 0.6341943144798279 0.49928808212280273 0.015104166666666667 0.024074074074074074
4 0.5529594421386719 0.48799756169319153 0.015625 0.025
3 0.5235361456871033 0.45414337515830994 0.013541666666666667 0.023148148148148147
3 0.4628664553165436 0.4833686053752899 0.014583333333333334 0.024074074074074074
3 0.4410712420940399 0.49626272916793823 0.015104166666666667 0.025
4 0.41159921884536743 0.47224363684654236 0.0140625 0.025
1 0.4511389136314392 0.38320568203926086 0.013020833333333334 0.020370370370370372
4 0.2568441331386566 0.47841712832450867 0.015104166666666667 0.025
2 0.6674210429191589 0.7604312300682068 0.00625 0.010185185185185186
2 0.7503171563148499 0.7124618291854858 0.00625 0.010185185185185186
2 0.8230333924293518 0.6700047850608826 0.00625 0.010185185185185186
2 0.8024953603744507 0.563069760799408 0.005208333333333333 0.008333333333333333
2 0.7326347231864929 0.5223188400268555 0.005208333333333333 0.008333333333333333
2 0.6703829169273376 0.4869667887687683 0.005208333333333333 0.008333333333333333
2 0.566451370716095 0.4266495406627655 0.004166666666666667 0.006481481481481481
2 0.5212178826332092 0.40077438950538635 0.004166666666666667 0.006481481481481481
2 0.48030999302864075 0.3780571520328522 0.004166666666666667 0.006481481481481481
2 0.4504120945930481 0.7330744862556458 0.005208333333333333 0.008333333333333333
2 0.388223797082901 0.6690855622291565 0.005208333333333333 0.007407407407407408
2 0.3360615372657776 0.6155382394790649 0.005208333333333333 0.008333333333333333
2 0.250247061252594 0.5270594954490662 0.005729166666666666 0.009259259259259259
2 0.21454009413719177 0.4894079267978668 0.005729166666666666 0.009259259259259259
2 0.18268854916095734 0.4558412730693817 0.005729166666666666 0.009259259259259259
2 0.23650819063186646 0.3981626331806183 0.005208333333333333 0.008333333333333333
2 0.3013669550418854 0.3824850618839264 0.0036458333333333334 0.005555555555555556
2 0.3622431755065918 0.3677060604095459 0.0036458333333333334 0.005555555555555556
