0 0.19117672741413116 0.6191339492797852 0.017708333333333333 0.02962962962962963
3 0.29345715045928955 0.6145792603492737 0.01875 0.02962962962962963
3 0.37972718477249146 0.5480961203575134 0.015625 0.025925925925925925
4 0.38914719223976135 0.5245475769042969 0.015104166666666667 0.024074074074074074
4 0.40384966135025024 0.5108116269111633 0.014583333333333334 0.024074074074074074
4 0.5276756882667542 0.68101567029953 0.020833333333333332 0.03425925925925926
4 0.48695269227027893 0.4848513603210449 0.013020833333333334 0.023148148148148147
4 0.6715337038040161 0.5638729929924011 0.016666666666666666 0.025
4 0.6092846393585205 0.5533642172813416 0.016666666666666666 0.025925925925925925
3 0.5922089219093323 0.5230255722999573 0.015104166666666667 0.025925925925925925
3 0.662024736404419 0.5180850028991699 0.015104166666666667 0.025
1 0.5468809604644775 0.42895370721817017 0.013020833333333334 0.020370370370370372
3 0.6321662664413452 0.43677660822868347 0.011458333333333333 0.019444444444444445
3 0.652971625328064 0.46756067872047424 0.013020833333333334 0.021296296296296296
4 0.7878734469413757 0.4636476933956146 0.0140625 0.019444444444444445
2 0.34196242690086365 0.7343730926513672 0.00625 0.009259259259259259
2 0.2580023407936096 0.6957533955574036 0.00625 0.009259259259259259
2 0.18349520862102509 0.6626701354980469 0.00625 0.009259259259259259
2 0.20306676626205444 0.5768395662307739 0.00625 0.009259259259259259
2 0.2705608308315277 0.5437402129173279 0.0046875 0.007407407407407408
2 0.3295307159423828 0.5153366923332214 0.0046875 0.007407407407407408
2 0.42818698287010193 0.46793583035469055 0.0046875 0.007407407407407408
2 0.46980297565460205 0.4468052089214325 0.0046875 0.007407407407407408
2 0.5558359622955322 0.7082854509353638 0.00625 0.009259259259259259
2 0.6125527620315552 0.6551613211631775 0.00625 0.009259259259259259
2 0.6599951386451721 0.6109833121299744 0.00625 0.009259259259259259
2 0.7345687747001648 0.5405513048171997 0.005729166666666666 0.009259259259259259
2 0.7658698558807373 0.512170135974884 0.005729166666666666 0.009259259259259259
2 0.7922452092170715 0.4863598942756653 0.005729166666666666 0.009259259259259259
2 0.5070207715034485 0.4291042983531952 0.0046875 0.007407407407407408
2 0.617669939994812 0.42096972465515137 0.0046875 0.007407407407407408
2 0.6752558350563049 0.4306127429008484 0.003125 0.004629629629629629
2 0.7373507022857666 0.4423882067203522 0.003125 0.004629629629629629
