0 0.8169814348220825 0.6171314716339111 0.017708333333333333 0.02962962962962963
3 0.7096296548843384 0.613027036190033 0.01875 0.02962962962962963
3 0.6182359457015991 0.5440861582756042 0.015625 0.025925925925925925
4 0.6079511642456055 0.5195955038070679 0.015104166666666667 0.024074074074074074
4 0.5924131870269775 0.5054171681404114 0.014583333333333334 0.024074074074074074
4 0.467658668756485 0.6839613914489746 0.020833333333333332 0.03425925925925926
4 0.5059871673583984 0.4792572557926178 0.013020833333333334 0.023148148148148147
4 0.3178962171077728 0.5629458427429199 0.016666666666666666 0.025
4 0.38144320249557495 0.5515344738960266 0.016666666666666666 0.025925925925925925
3 0.3984437584877014 0.519912600517273 0.015104166666666667 0.025925925925925925
3 0.3269062340259552 0.5154500603675842 0.015104166666666667 0.025
1 0.4433090090751648 0.42200616002082825 0.013020833333333334 0.020370370370370372
3 0.35612279176712036 0.4311095178127289 0.011458333333333333 0.019444444444444445
3 0.3353649377822876 0.463129460811615 0.013020833333333334 0.021296296296296296
4 0.19812239706516266 0.46057048439979553 0.0140625 0.019444444444444445
2 0.6616925597190857 0.7392358779907227 0.00625 0.009259259259259259
2 0.7487068176269531 0.698226273059845 0.00625 0.009259259259259259
2 0.8261935114860535 0.6629751920700073 0.00625 0.009259259259259259
2 0.803402304649353 0.57272869348526 0.00625 0.009259259259259259
2 0.7318797707557678 0.5385717749595642 0.0046875 0.007407407407407408
2 0.6697083711624146 0.5094134211540222 0.0046875 0.007407407407407408
2 0.5663289427757263 0.4610503017902374 0.0046875 0.007407407407407408
2 0.5229331851005554 0.43958115577697754 0.0046875 0.007407407407407408
2 0.4390854239463806 0.7125968933105469 0.00625 0.009259259259259259
2 0.37978097796440125 0.6574047803878784 0.00625 0.009259259259259259
2 0.33042386174201965 0.6117356419563293 0.00625 0.009259259259259259
2 0.25327423214912415 0.5393407344818115 0.005729166666666666 0.009259259259259259
2 0.22107036411762238 0.5103254914283752 0.005729166666666666 0.009259259259259259
2 0.19398315250873566 0.48399069905281067 0.005729166666666666 0.009259259259259259
2 0.48426494002342224 0.4216787815093994 0.0046875 0.007407407407407408
2 0.37067756056785583 0.41462188959121704 0.0046875 0.007407407407407408
2 0.312069833278656 0.42526501417160034 0.003125 0.004629629629629629
2 0.2490813285112381 0.4381248950958252 0.003125 0.004629629629629629
