3 0.5096800327301025 0.6664222478866577 0.018229166666666668 0.02962962962962963
3 0.4807860553264618 0.6187267303466797 0.016145833333333335 0.027777777777777776
4 0.48456957936286926 0.5859129428863525 0.015625 0.026851851851851852
0 0.46521300077438354 0.5989056825637817 0.016145833333333335 0.025925925925925925
3 0.44618257880210876 0.5673662424087524 0.014583333333333334 0.024074074074074074
3 0.4404403567314148 0.5839980244636536 0.015625 0.025
4 0.34241658449172974 0.6315225958824158 0.0171875 0.028703703703703703
3 0.33139100670814514 0.61031174659729 0.016666666666666666 0.025925925925925925
4 0.33707454800605774 0.5850775837898254 0.016145833333333335 0.026851851851851852
3 0.38017788529396057 0.5698745250701904 0.015104166666666667 0.025
4 0.442648321390152 0.4670220911502838 0.013020833333333334 0.020370370370370372
4 0.49846476316452026 0.4331319332122803 0.011979166666666667 0.019444444444444445
4 0.5687494874000549 0.5071274638175964 0.0140625 0.023148148148148147
4 0.6217029690742493 0.5203474760055542 0.013541666666666667 0.024074074074074074
3 0.6870260834693909 0.508056104183197 0.0140625 0.023148148148148147
1 0.7126786708831787 0.4795084595680237 0.013541666666666667 0.022222222222222223
2 0.3910083770751953 0.73294997215271 0.005729166666666666 0.009259259259259259
2 0.310520738363266 0.6919094920158386 0.005729166666666666 0.009259259259259259
2 0.2386423796415329 0.6561808586120605 0.005729166666666666 0.009259259259259259
2 0.24677562713623047 0.560908317565918 0.0046875 0.007407407407407408
2 0.30761635303497314 0.5241077542304993 0.0046875 0.007407407407407408
2 0.3593634366989136 0.4927579462528229 0.0046875 0.007407407407407408
2 0.44699832797050476 0.43915095925331116 0.0036458333333333334 0.006481481481481481
2 0.4844750165939331 0.4168722331523895 0.0036458333333333334 0.006481481481481481
2 0.5178222060203552 0.396396666765213 0.0036458333333333334 0.006481481481481481
2 0.5828924775123596 0.7019612193107605 0.0046875 0.007407407407407408
2 0.6295377016067505 0.6450326442718506 0.0046875 0.007407407407407408
2 0.6693165898323059 0.5971483588218689 0.0046875 0.007407407407407408
2 0.7331398129463196 0.5203261971473694 0.0036458333333333334 0.005555555555555556
2 0.7594788670539856 0.48866894841194153 0.0036458333333333334 0.005555555555555556
2 0.7822784185409546 0.46060246229171753 0.0036458333333333334 0.005555555555555556
2 0.7297998666763306 0.41156309843063354 0.0036458333333333334 0.005555555555555556
2 0.6729881763458252 0.39823949337005615 0.0036458333333333334 0.005555555555555556
2 0.6196488738059998 0.3871527910232544 0.0036458333333333334 0.005555555555555556
