3 0.4940112829208374 0.6720172166824341 0.018229166666666668 0.02962962962962963
3 0.5227488875389099 0.6237097978591919 0.016145833333333335 0.027777777777777776
4 0.5190223455429077 0.5908709764480591 0.015625 0.026851851851851852
0 0.5382024645805359 0.603623628616333 0.016145833333333335 0.025925925925925925
3 0.5570619702339172 0.5717902183532715 0.014583333333333334 0.024074074074074074
3 0.5627430081367493 0.5883572101593018 0.015625 0.025
4 0.6596482992172241 0.6345486044883728 0.0171875 0.028703703703703703
3 0.6704905033111572 0.6131814122200012 0.016666666666666666 0.025925925925925925
4 0.6648476719856262 0.5880451798439026 0.016145833333333335 0.026851851851851852
3 0.6223087310791016 0.573430061340332 0.015104166666666667 0.025
4 0.5605749487876892 0.4715195298194885 0.013020833333333334 0.020370370370370372
4 0.5053989291191101 0.4383261203765869 0.011979166666666667 0.019444444444444445
4 0.43557828664779663 0.513045608997345 0.0140625 0.023148148148148147
4 0.3828624188899994 0.526931643486023 0.013541666666666667 0.024074074074074074
3 0.31776320934295654 0.515398383140564 0.0140625 0.023148148148148147
1 0.29226553440093994 0.48705971240997314 0.013541666666666667 0.022222222222222223
2 0.6117241978645325 0.7369887232780457 0.005729166666666666 0.009259259259259259
2 0.6912180185317993 0.6945244669914246 0.005729166666666666 0.009259259259259259
2 0.7619068026542664 0.6576864123344421 0.005729166666666666 0.009259259259259259
2 0.7536288499832153 0.5627450942993164 0.0046875 0.007407407407407408
2 0.6937477588653564 0.5268451571464539 0.0046875 0.007407407407407408
2 0.6427581906318665 0.49622634053230286 0.0046875 0.007407407407407408
2 0.556282639503479 0.4437851011753082 0.0036458333333333334 0.006481481481481481
2 0.5192543268203735 0.4219740629196167 0.0036458333333333334 0.006481481481481481
2 0.48628249764442444 0.40190261602401733 0.0036458333333333334 0.006481481481481481
2 0.421051949262619 0.7089217305183411 0.0046875 0.007407407407407408
2 0.3746638000011444 0.6523016095161438 0.0046875 0.007407407407407408
2 0.335100382566452 0.6046828031539917 0.0046875 0.007407407407407408
2 0.2716188430786133 0.5282816886901855 0.0036458333333333334 0.005555555555555556
2 0.24541905522346497 0.4967966675758362 0.0036458333333333334 0.005555555555555556
2 0.22274303436279297 0.4688757061958313 0.0036458333333333334 0.005555555555555556
2 0.2754792869091034 0.41915440559387207 0.0036458333333333334 0.005555555555555556
2 0.3321978747844696 0.40525877475738525 0.0036458333333333334 0.005555555555555556
2 0.3853057622909546 0.39366665482521057 0.0036458333333333334 0.005555555555555556
