4 0.641253650188446 0.7157660722732544 0.021875 0.03518518518518519
4 0.6220358610153198 0.6731147170066833 0.020833333333333332 0.03425925925925926
3 0.6035533547401428 0.6587871313095093 0.0203125 0.032407407407407406
3 0.5758800506591797 0.7096853852272034 0.021354166666666667 0.03518518518518519
3 0.44592493772506714 0.6675567626953125 0.020833333333333332 0.03333333333333333
0 0.6006784439086914 0.6180642247200012 0.01875 0.030555555555555555
4 0.6586037874221802 0.6046913862228394 0.01875 0.030555555555555555
4 0.6198834180831909 0.5758786797523499 0.018229166666666668 0.028703703703703703
3 0.5374552011489868 0.49806174635887146 0.015625 0.025925925925925925
1 0.41332340240478516 0.5711534023284912 0.017708333333333333 0.02962962962962963
3 0.2870756685733795 0.4263492822647095 0.0140625 0.022222222222222223
3 0.19142526388168335 0.47002601623535156 0.015625 0.023148148148148147
2 0.6777790188789368 0.7576990723609924 0.007291666666666667 0.011111111111111112
2 0.759229838848114 0.7101343274116516 0.007291666666666667 0.011111111111111112
2 0.8311187028884888 0.6666745543479919 0.007291666666666667 0.011111111111111112
2 0.8052470684051514 0.5666292309761047 0.0046875 0.007407407407407408
2 0.7326459288597107 0.5295822620391846 0.0046875 0.007407407407407408
2 0.6678454875946045 0.49757853150367737 0.0046875 0.007407407407407408
2 0.5579683184623718 0.4414786696434021 0.0046875 0.007407407407407408
2 0.5100057721138 0.4174610376358032 0.0046875 0.007407407407407408
2 0.46644166111946106 0.395581990480423 0.0046875 0.007407407407407408
2 0.3416661024093628 0.3880747854709625 0.005208333333333333 0.008333333333333333
2 0.2784639894962311 0.40264126658439636 0.005208333333333333 0.008333333333333333
2 0.21033789217472076 0.41948509216308594 0.005208333333333333 0.008333333333333333
2 0.23095151782035828 0.544499933719635 0.0067708333333333336 0.010185185185185186
2 0.19139941036701202 0.5088914632797241 0.0067708333333333336 0.010185185185185186
2 0.15584176778793335 0.4776146113872528 0.0067708333333333336 0.010185185185185186
2 0.45239946246147156 0.7386115789413452 0.007291666666666667 0.011111111111111112
2 0.38481539487838745 0.679352879524231 0.007291666666666667 0.011111111111111112
2 0.32673799991607666 0.6275976896286011 0.007291666666666667 0.011111111111111112
