3 0.6832911968231201 0.7916008234024048 0.023958333333333335 0.03888888888888889
4 0.7548317313194275 0.7994754910469055 0.023958333333333335 0.03888888888888889
4 0.732540488243103 0.7538362741470337 0.022916666666666665 0.037037037037037035
3 0.7118757367134094 0.7391359806060791 0.022916666666666665 0.03611111111111111
0 0.7073438167572021 0.6950923204421997 0.021875 0.03425925925925926
4 0.7701741456985474 0.6826213598251343 0.020833333333333332 0.03425925925925926
4 0.7264983654022217 0.64991295337677 0.019791666666666666 0.03148148148148148
3 0.5403085350990295 0.7449283599853516 0.022395833333333334 0.037037037037037035
3 0.6343091726303101 0.5659077763557434 0.0171875 0.028703703703703703
4 0.5400930047035217 0.5212164521217346 0.015625 0.025
1 0.5172203779220581 0.46263861656188965 0.014583333333333334 0.023148148148148147
4 0.3975965082645416 0.5043556094169617 0.015625 0.025925925925925925
3 0.3590545058250427 0.48374471068382263 0.015104166666666667 0.024074074074074074
3 0.25592926144599915 0.5282946825027466 0.016666666666666666 0.025925925925925925
2 0.7963894009590149 0.8461780548095703 0.008333333333333333 0.012962962962962963
2 0.8831872940063477 0.7971101999282837 0.008333333333333333 0.012962962962962963
2 0.9601089358329773 0.7531852722167969 0.008333333333333333 0.012962962962962963
2 0.928106963634491 0.644212007522583 0.008333333333333333 0.012962962962962963
2 0.8480692505836487 0.60492342710495 0.007291666666666667 0.011111111111111112
2 0.7767444252967834 0.5668302178382874 0.007291666666666667 0.011111111111111112
2 0.6545618176460266 0.5054962038993835 0.007291666666666667 0.011111111111111112
2 0.6014326214790344 0.4790147542953491 0.007291666666666667 0.011111111111111112
2 0.5531503558158875 0.45410266518592834 0.007291666666666667 0.011111111111111112
2 0.5511446595191956 0.8214789628982544 0.009375 0.01574074074074074
2 0.47372323274612427 0.7569642663002014 0.009375 0.01574074074074074
2 0.4090014100074768 0.6997119784355164 0.009375 0.01574074074074074
2 0.3016975522041321 0.6087713837623596 0.009375 0.01574074074074074
2 0.25696954131126404 0.5697510242462158 0.009375 0.01574074074074074
2 0.217693030834198 0.5348959565162659 0.00625 0.010185185185185186
2 0.27410635352134705 0.4738631248474121 0.0036458333333333334 0.006481481481481481
2 0.3484698534011841 0.45785632729530334 0.0036458333333333334 0.006481481481481481
2 0.4167671203613281 0.4432724416255951 0.0036458333333333334 0.006481481481481481
