3 0.6725561022758484 0.7815048694610596 0.023958333333333335 0.03888888888888889
4 0.7460002303123474 0.7917590737342834 0.023958333333333335 0.03888888888888889
4 0.7223904132843018 0.7433751821517944 0.022916666666666665 0.037037037037037035
3 0.7010185122489929 0.7275312542915344 0.022916666666666665 0.03611111111111111
0 0.6957729458808899 0.6815938949584961 0.021875 0.03425925925925926
4 0.7599632143974304 0.6698664426803589 0.020833333333333332 0.03425925925925926
4 0.7146840691566467 0.635032057762146 0.019791666666666666 0.03148148148148148
3 0.5278695821762085 0.7294638156890869 0.022395833333333334 0.037037037037037035
3 0.6201612949371338 0.5470882654190063 0.0171875 0.028703703703703703
4 0.5256862044334412 0.5006316304206848 0.015625 0.025
1 0.5025954842567444 0.44114241003990173 0.014583333333333334 0.023148148148148147
4 0.3858884871006012 0.48268046975135803 0.015625 0.025925925925925925
3 0.3485269844532013 0.46181660890579224 0.015104166666666667 0.024074074074074074
3 0.24983622133731842 0.5057092308998108 0.016666666666666666 0.025925925925925925
2 0.7897462248802185 0.8421791791915894 0.008333333333333333 0.012962962962962963
2 0.8794852495193481 0.7929613590240479 0.008333333333333333 0.012962962962962963
2 0.9597494602203369 0.7484669089317322 0.008333333333333333 0.012962962962962963
2 0.9235885143280029 0.632506787776947 0.008333333333333333 0.012962962962962963
2 0.8391587734222412 0.5900677442550659 0.007291666666666667 0.011111111111111112
2 0.7648679614067078 0.5495551228523254 0.007291666666666667 0.011111111111111112
2 0.6398168802261353 0.48534947633743286 0.007291666666666667 0.011111111111111112
2 0.5862674713134766 0.45804640650749207 0.007291666666666667 0.011111111111111112
2 0.5380204916000366 0.43259310722351074 0.007291666666666667 0.011111111111111112
2 0.5393887758255005 0.808776319026947 0.009375 0.01574074074074074
2 0.4618709683418274 0.7402342557907104 0.009375 0.01574074074074074
2 0.39793211221694946 0.6803362369537354 0.009375 0.01574074074074074
2 0.2936854362487793 0.586665689945221 0.009375 0.01574074074074074
2 0.25085580348968506 0.5470702052116394 0.009375 0.01574074074074074
2 0.21354645490646362 0.5119909048080444 0.00625 0.010185185185185186
2 0.2670910954475403 0.4516289532184601 0.0036458333333333334 0.006481481481481481
2 0.33824455738067627 0.4358965754508972 0.0036458333333333334 0.006481481481481481
2 0.4041970372200012 0.4214317500591278 0.0036458333333333334 0.006481481481481481
