3 0.5707885026931763 0.7131548523902893 0.019791666666666666 0.03148148148148148
4 0.6125795841217041 0.6799383759498596 0.019270833333333334 0.03148148148148148
4 0.6333233118057251 0.7183659076690674 0.0203125 0.032407407407407406
3 0.5946384072303772 0.6677534580230713 0.01875 0.02962962962962963
0 0.5892495512962341 0.6296919584274292 0.017708333333333333 0.028703703703703703
4 0.642533540725708 0.616917610168457 0.0171875 0.027777777777777776
4 0.6041164398193359 0.5902374386787415 0.015625 0.025925925925925925
3 0.4286949932575226 0.6795539259910583 0.01875 0.027777777777777776
3 0.5232241153717041 0.5203928351402283 0.0140625 0.023148148148148147
4 0.44204947352409363 0.48441553115844727 0.013541666666666667 0.021296296296296296
1 0.4208565354347229 0.4356868863105774 0.011979166666666667 0.019444444444444445
4 0.319903165102005 0.47422823309898376 0.013541666666666667 0.022222222222222223
3 0.28640222549438477 0.4577476382255554 0.013020833333333334 0.020370370370370372
3 0.19923797249794006 0.49965667724609375 0.014583333333333334 0.023148148148148147
2 0.6698951125144958 0.7580413222312927 0.0078125 0.012037037037037037
2 0.7426189184188843 0.7111895084381104 0.0078125 0.012037037037037037
2 0.8067453503608704 0.671714186668396 0.0078125 0.012037037037037037
2 0.7754876613616943 0.579684853553772 0.0078125 0.012037037037037037
2 0.7061710953712463 0.5480766296386719 0.0078125 0.012037037037037037
2 0.6443229913711548 0.5177358388900757 0.0078125 0.012037037037037037
2 0.4586450159549713 0.7439984083175659 0.007291666666666667 0.012037037037037037
2 0.39200979471206665 0.6892151832580566 0.007291666666666667 0.012037037037037037
2 0.3345145583152771 0.6433658599853516 0.007291666666666667 0.012037037037037037
2 0.240444615483284 0.5672973394393921 0.007291666666666667 0.012037037037037037
2 0.20082806050777435 0.5348605513572693 0.007291666666666667 0.012037037037037037
2 0.1658453643321991 0.506488561630249 0.004166666666666667 0.006481481481481481
2 0.21380095183849335 0.45167359709739685 0.004166666666666667 0.006481481481481481
2 0.2767742872238159 0.4362723231315613 0.004166666666666667 0.006481481481481481
2 0.3346594274044037 0.4213539958000183 0.004166666666666667 0.006481481481481481
2 0.5383853912353516 0.4681917726993561 0.005208333333333333 0.008333333333333333
2 0.4923182725906372 0.4463030695915222 0.005208333333333333 0.008333333333333333
2 0.4510631859302521 0.4280221164226532 0.005208333333333333 0.008333333333333333
