3 0.5706073045730591 0.6984606981277466 0.019791666666666666 0.03148148148148148
4 0.6115246415138245 0.6656305193901062 0.019270833333333334 0.03148148148148148
4 0.631516695022583 0.7018146514892578 0.0203125 0.032407407407407406
3 0.5941120386123657 0.654458224773407 0.01875 0.02962962962962963
0 0.5890872478485107 0.618229329586029 0.017708333333333333 0.028703703703703703
4 0.6411066055297852 0.6045963168144226 0.0171875 0.027777777777777776
4 0.6038105487823486 0.5801230669021606 0.015625 0.025925925925925925
3 0.43255338072776794 0.6700867414474487 0.01875 0.027777777777777776
3 0.5254251956939697 0.5155788064002991 0.0140625 0.023148148148148147
4 0.44665732979774475 0.4834536015987396 0.013541666666666667 0.021296296296296296
1 0.42633381485939026 0.4375166893005371 0.011979166666666667 0.019444444444444445
4 0.32806363701820374 0.4771135747432709 0.013541666666666667 0.022222222222222223
3 0.295652836561203 0.46232369542121887 0.013020833333333334 0.020370370370370372
3 0.2109362930059433 0.5046867728233337 0.014583333333333334 0.023148148148148147
2 0.6669443845748901 0.7387933135032654 0.0078125 0.012037037037037037
2 0.7382146716117859 0.6921073794364929 0.0078125 0.012037037037037037
2 0.8011232018470764 0.6526504755020142 0.0078125 0.012037037037037037
2 0.7711372971534729 0.5653984546661377 0.0078125 0.012037037037037037
2 0.7036197185516357 0.5370371341705322 0.0078125 0.012037037037037037
2 0.6434478163719177 0.5097113847732544 0.0078125 0.012037037037037037
2 0.4612956941127777 0.7308106422424316 0.007291666666666667 0.012037037037037037
2 0.39685532450675964 0.6802642941474915 0.007291666666666667 0.012037037037037037
2 0.3412935435771942 0.6380422115325928 0.007291666666666667 0.012037037037037037
2 0.2504883110523224 0.5680303573608398 0.007291666666666667 0.012037037037037037
2 0.2122841775417328 0.5381904244422913 0.007291666666666667 0.012037037037037037
2 0.17856460809707642 0.5121123194694519 0.004166666666666667 0.006481481481481481
2 0.22530606389045715 0.4585522711277008 0.004166666666666667 0.006481481481481481
2 0.2864341139793396 0.4421108067035675 0.004166666666666667 0.006481481481481481
2 0.34268316626548767 0.4262562394142151 0.004166666666666667 0.006481481481481481
2 0.5404938459396362 0.4652814567089081 0.005208333333333333 0.008333333333333333
2 0.4957762062549591 0.44565361738204956 0.005208333333333333 0.008333333333333333
2 0.4557476341724396 0.42934924364089966 0.005208333333333333 0.008333333333333333
