3 0.5721063613891602 0.703987181186676 0.019791666666666666 0.03148148148148148
4 0.6129659414291382 0.6715570688247681 0.019270833333333334 0.03148148148148148
4 0.6334659457206726 0.7083714008331299 0.0203125 0.032407407407407406
3 0.595317542552948 0.6600015759468079 0.01875 0.02962962962962963
0 0.5898813009262085 0.6233776807785034 0.017708333333333333 0.028703703703703703
4 0.642120361328125 0.610496997833252 0.0171875 0.027777777777777776
4 0.6043134331703186 0.585185170173645 0.015625 0.025925925925925925
3 0.4327241778373718 0.6730875968933105 0.01875 0.027777777777777776
3 0.5246762037277222 0.5187301635742188 0.0140625 0.023148148148148147
4 0.44494158029556274 0.4849547743797302 0.013541666666666667 0.021296296296296296
1 0.423956036567688 0.43821731209754944 0.011979166666666667 0.019444444444444445
4 0.3252624571323395 0.47651904821395874 0.013541666666666667 0.022222222222222223
3 0.2923957109451294 0.46102210879325867 0.013020833333333334 0.020370370370370372
3 0.20735707879066467 0.5023678541183472 0.014583333333333334 0.023148148148148147
2 0.6695026755332947 0.746228814125061 0.0078125 0.012037037037037037
2 0.7407404780387878 0.7003421187400818 0.0078125 0.012037037037037037
2 0.8036243915557861 0.6616129279136658 0.0078125 0.012037037037037037
2 0.7725918889045715 0.5731509327888489 0.0078125 0.012037037037037037
2 0.704361081123352 0.5434074401855469 0.0078125 0.012037037037037037
2 0.6435025930404663 0.5148183107376099 0.0078125 0.012037037037037037
2 0.462338387966156 0.7348165512084961 0.007291666666666667 0.012037037037037037
2 0.3968506455421448 0.6827654838562012 0.007291666666666667 0.012037037037037037
2 0.3403693437576294 0.6392338275909424 0.007291666666666667 0.012037037037037037
2 0.24798819422721863 0.5670239925384521 0.007291666666666667 0.012037037037037037
2 0.2090936303138733 0.5362374186515808 0.007291666666666667 0.012037037037037037
2 0.17475619912147522 0.5093173384666443 0.004166666666666667 0.006481481481481481
2 0.22134757041931152 0.45600056648254395 0.004166666666666667 0.006481481481481481
2 0.28286880254745483 0.44044220447540283 0.004166666666666667 0.006481481481481481
2 0.33945587277412415 0.4253968596458435 0.004166666666666667 0.006481481481481481
2 0.5393316745758057 0.4682177007198334 0.005208333333333333 0.008333333333333333
2 0.49405601620674133 0.44763219356536865 0.005208333333333333 0.008333333333333333
2 0.4535280764102936 0.4304770529270172 0.005208333333333333 0.008333333333333333
