0 0.36117246747016907 0.6008633971214294 0.011979166666666667 0.016666666666666666
3 0.39320287108421326 0.5836712121963501 0.011979166666666667 0.018518518518518517
3 0.39835497736930847 0.5610002279281616 0.0109375 0.017592592592592594
1 0.44611290097236633 0.5678227543830872 0.0109375 0.018518518518518517
3 0.4677251875400543 0.5518600940704346 0.010416666666666666 0.017592592592592594
3 0.5094832181930542 0.5610661506652832 0.0109375 0.017592592592592594
3 0.5155993103981018 0.5032714009284973 0.008333333333333333 0.014814814814814815
3 0.46859845519065857 0.5153540372848511 0.008854166666666666 0.014814814814814815
3 0.38320884108543396 0.5187903046607971 0.009375 0.014814814814814815
2 0.549014151096344 0.6172457933425903 0.0036458333333333334 0.005555555555555556
2 0.4775826036930084 0.6158726811408997 0.0036458333333333334 0.005555555555555556
2 0.4066164195537567 0.6145054697990417 0.0036458333333333334 0.005555555555555556
2 0.629932701587677 0.5922694206237793 0.0036458333333333334 0.005555555555555556
2 0.6220989227294922 0.5731480121612549 0.0036458333333333334 0.005555555555555556
2 0.6150549650192261 0.5562138557434082 0.0036458333333333334 0.005555555555555556
2 0.6033326983451843 0.5271689295768738 0.0026041666666666665 0.003703703703703704
2 0.5981279611587524 0.51460862159729 0.0026041666666666665 0.003703703703703704
2 0.5931861400604248 0.5029202699661255 0.0026041666666666665 0.003703703703703704
2 0.33013197779655457 0.5856230854988098 0.003125 0.004629629629629629
2 0.3377498388290405 0.566912055015564 0.003125 0.004629629629629629
2 0.34511688351631165 0.5506990551948547 0.003125 0.004629629629629629
2 0.35783830285072327 0.5223847031593323 0.003125 0.004629629629629629
2 0.36395007371902466 0.5098879337310791 0.003125 0.004629629629629629
2 0.369048535823822 0.49904361367225647 0.003125 0.004629629629629629
2 0.43327316641807556 0.4869639575481415 0.0020833333333333333 0.003703703703703704
2 0.4805172383785248 0.4875811040401459 0.0020833333333333333 0.003703703703703704
