0 0.6173286437988281 0.6025261282920837 0.011979166666666667 0.016666666666666666
3 0.5862718820571899 0.5844126343727112 0.011979166666666667 0.018518518518518517
3 0.5815476775169373 0.561437726020813 0.0109375 0.017592592592592594
1 0.5349538922309875 0.5672000050544739 0.0109375 0.018518518518518517
3 0.5141583681106567 0.5506462454795837 0.010416666666666666 0.017592592592592594
3 0.4736339747905731 0.5589461922645569 0.0109375 0.017592592592592594
3 0.4683055579662323 0.5007299780845642 0.008333333333333333 0.014814814814814815
3 0.5137255191802979 0.5138671398162842 0.008854166666666666 0.014814814814814815
3 0.596924364566803 0.5191348195075989 0.009375 0.014814814814814815
2 0.4350053668022156 0.6142255067825317 0.0036458333333333334 0.005555555555555556
2 0.503892183303833 0.6146676540374756 0.0036458333333333334 0.005555555555555556
2 0.5727866291999817 0.6151067614555359 0.0036458333333333334 0.005555555555555556
2 0.3577002286911011 0.5873165130615234 0.0036458333333333334 0.005555555555555556
2 0.3653148114681244 0.5684384703636169 0.0036458333333333334 0.005555555555555556
2 0.3721715807914734 0.5516937375068665 0.0036458333333333334 0.005555555555555556
2 0.3836134672164917 0.5229029059410095 0.0026041666666666665 0.003703703703703704
2 0.38870126008987427 0.510430634021759 0.0026041666666666665 0.003703703703703704
2 0.3935357928276062 0.49881282448768616 0.0026041666666666665 0.003703703703703704
2 0.6479721069335938 0.5879147052764893 0.003125 0.004629629629629629
2 0.6407798528671265 0.5688216686248779 0.003125 0.004629629629629629
2 0.6337937712669373 0.5522543787956238 0.003125 0.004629629629629629
2 0.621730625629425 0.5233141183853149 0.003125 0.004629629629629629
2 0.6159172058105469 0.5105264186859131 0.003125 0.004629629629629629
2 0.6110728979110718 0.49943220615386963 0.003125 0.004629629629629629
2 0.5484358668327332 0.4859190881252289 0.0020833333333333333 0.003703703703703704
2 0.5024644732475281 0.48561587929725647 0.0020833333333333333 0.003703703703703704
