4 0.3723078966140747 0.7790530920028687 0.021875 0.037037037037037035
3 0.2801331877708435 0.6587846875190735 0.01875 0.02962962962962963
4 0.40076643228530884 0.6690104603767395 0.018229166666666668 0.030555555555555555
0 0.5680856108665466 0.6829845309257507 0.019270833333333334 0.03148148148148148
3 0.5505381226539612 0.6572245955467224 0.018229166666666668 0.030555555555555555
3 0.5205169916152954 0.6819005608558655 0.01875 0.030555555555555555
3 0.501286506652832 0.5963572263717651 0.016666666666666666 0.026851851851851852
4 0.4506499469280243 0.5917397737503052 0.016666666666666666 0.027777777777777776
4 0.4401731491088867 0.5133233666419983 0.0140625 0.022222222222222223
4 0.5246587991714478 0.4812610149383545 0.0125 0.022222222222222223
3 0.6203418374061584 0.4713692367076874 0.013020833333333334 0.021296296296296296
3 0.630993127822876 0.5148473381996155 0.014583333333333334 0.023148148148148147
4 0.682604193687439 0.5691092014312744 0.016145833333333335 0.025
3 0.7343639731407166 0.5626445412635803 0.016145833333333335 0.024074074074074074
2 0.30357977747917175 0.7889036536216736 0.008333333333333333 0.012962962962962963
2 0.22551581263542175 0.7443345785140991 0.008333333333333333 0.012962962962962963
2 0.15698592364788055 0.7029272317886353 0.008333333333333333 0.012962962962962963
2 0.1882076859474182 0.6066810488700867 0.004166666666666667 0.006481481481481481
2 0.26142075657844543 0.5715702176094055 0.004166666666666667 0.006481481481481481
2 0.32598286867141724 0.5412681698799133 0.004166666666666667 0.006481481481481481
2 0.43574294447898865 0.48895031213760376 0.0036458333333333334 0.005555555555555556
2 0.48297318816185 0.46695172786712646 0.0036458333333333334 0.005555555555555556
2 0.5258600115776062 0.44625768065452576 0.0036458333333333334 0.005555555555555556
2 0.6457567811012268 0.439523845911026 0.0046875 0.007407407407407408
2 0.7050238251686096 0.45389366149902344 0.0046875 0.007407407407407408
2 0.7694797515869141 0.46917444467544556 0.0046875 0.007407407407407408
2 0.8190901279449463 0.5239065885543823 0.005729166666666666 0.009259259259259259
2 0.7843415141105652 0.5535087585449219 0.005729166666666666 0.009259259259259259
2 0.7447195649147034 0.5866274237632751 0.005729166666666666 0.009259259259259259
2 0.6508898138999939 0.6651632785797119 0.007291666666666667 0.011111111111111112
2 0.5918211340904236 0.7145310640335083 0.007291666666666667 0.011111111111111112
2 0.5233041644096375 0.7713441848754883 0.007291666666666667 0.011111111111111112
