4 0.18334388732910156 0.7581820487976074 0.016145833333333335 0.026851851851851852
4 0.20404891669750214 0.6482883095741272 0.016145833333333335 0.026851851851851852
3 0.22768458724021912 0.4842197000980377 0.015625 0.026851851851851852
4 0.24656085669994354 0.4003762900829315 0.015625 0.025925925925925925
3 0.31097152829170227 0.2873334586620331 0.014583333333333334 0.025925925925925925
3 0.5419511198997498 0.37533777952194214 0.015104166666666667 0.026851851851851852
3 0.7926101088523865 0.6698105335235596 0.016145833333333335 0.027777777777777776
0 0.7645123600959778 0.596644937992096 0.015625 0.025925925925925925
1 0.7543807625770569 0.41104814410209656 0.016145833333333335 0.027777777777777776
3 0.7773488759994507 0.3956213593482971 0.015625 0.025
4 0.8198738098144531 0.40076619386672974 0.015625 0.027777777777777776
2 0.8528425097465515 0.6519758105278015 0.007291666666666667 0.012962962962962963
2 0.8540998101234436 0.5043002367019653 0.007291666666666667 0.012962962962962963
2 0.8548477292060852 0.3552359938621521 0.007291666666666667 0.012962962962962963
2 0.7471792101860046 0.16339588165283203 0.007291666666666667 0.012962962962962963
2 0.663043200969696 0.16283461451530457 0.007291666666666667 0.012962962962962963
2 0.5785002112388611 0.16227345168590546 0.007291666666666667 0.012962962962962963
2 0.41051310300827026 0.1616111397743225 0.007291666666666667 0.012962962962962963
2 0.32655543088912964 0.16196541488170624 0.007291666666666667 0.012962962962962963
2 0.2424510270357132 0.16231891512870789 0.007291666666666667 0.012962962962962963
2 0.13703975081443787 0.3523864150047302 0.007291666666666667 0.012962962962962963
2 0.1379602998495102 0.5019946694374084 0.007291666666666667 0.012962962962962963
2 0.13937479257583618 0.6484171748161316 0.007291666666666667 0.012962962962962963
2 0.246713325381279 0.8359709978103638 0.007291666666666667 0.012962962962962963
2 0.3289414048194885 0.8374000787734985 0.007291666666666667 0.012962962962962963
2 0.4122914671897888 0.8379368782043457 0.007291666666666667 0.012962962962962963
2 0.5775238275527954 0.8394519090652466 0.007291666666666667 0.012962962962962963
2 0.6617081761360168 0.8381897211074829 0.007291666666666667 0.012962962962962963
2 0.7447166442871094 0.840077817440033 0.007291666666666667 0.012962962962962963
3 0.39492467045783997 0.48410606384277344 0.018098958333333335 0.03125
