4 0.1881977766752243 0.762909471988678 0.016145833333333335 0.026851851851851852
4 0.20934873819351196 0.6537474393844604 0.016145833333333335 0.026851851851851852
3 0.23360112309455872 0.49118781089782715 0.015625 0.026851851851851852
4 0.25273722410202026 0.4082638919353485 0.015625 0.025925925925925925
3 0.3172399401664734 0.2965118885040283 0.014583333333333334 0.025925925925925925
3 0.5466388463973999 0.3824010193347931 0.015104166666666667 0.026851851851851852
3 0.7957025170326233 0.6723101735115051 0.016145833333333335 0.027777777777777776
0 0.7677319049835205 0.6000347137451172 0.015625 0.025925925925925925
1 0.7576242089271545 0.4167839586734772 0.016145833333333335 0.027777777777777776
3 0.7804209589958191 0.4014829993247986 0.015625 0.025
4 0.8226291537284851 0.4063875675201416 0.015625 0.027777777777777776
2 0.8555883169174194 0.6543726921081543 0.007291666666666667 0.012962962962962963
2 0.8566930294036865 0.5083889961242676 0.007291666666666667 0.012962962962962963
2 0.8572885394096375 0.36138856410980225 0.007291666666666667 0.012962962962962963
2 0.7504433393478394 0.17307932674884796 0.007291666666666667 0.012962962962962963
2 0.6670525670051575 0.1728021204471588 0.007291666666666667 0.012962962962962963
2 0.5832183957099915 0.17252621054649353 0.007291666666666667 0.012962962962962963
2 0.416519433259964 0.17242266237735748 0.007291666666666667 0.012962962962962963
2 0.33314329385757446 0.17304478585720062 0.007291666666666667 0.012962962962962963
2 0.249580517411232 0.17366692423820496 0.007291666666666667 0.012962962962962963
2 0.14388427138328552 0.36131367087364197 0.007291666666666667 0.012962962962962963
2 0.14408549666404724 0.5091473460197449 0.007291666666666667 0.012962962962962963
2 0.14479561150074005 0.6541773080825806 0.007291666666666667 0.012962962962962963
2 0.25118306279182434 0.8398990035057068 0.007291666666666667 0.012962962962962963
2 0.333321750164032 0.8408908843994141 0.007291666666666667 0.012962962962962963
2 0.41654542088508606 0.8409896492958069 0.007291666666666667 0.012962962962962963
2 0.5814098119735718 0.8416330814361572 0.007291666666666667 0.012962962962962963
2 0.6653488278388977 0.8399403095245361 0.007291666666666667 0.012962962962962963
2 0.7480737566947937 0.8413828015327454 0.007291666666666667 0.012962962962962963
3 0.40017005801200867 0.4903745949268341 0.018098958333333335 0.03125
