4 0.1965784728527069 0.7755162119865417 0.016145833333333335 0.026851851851851852
4 0.21549180150032043 0.6682174205780029 0.016145833333333335 0.026851851851851852
3 0.23635807633399963 0.509091317653656 0.015625 0.026851851851851852
4 0.25369587540626526 0.4280174970626831 0.015625 0.025925925925925925
3 0.3153511583805084 0.318469762802124 0.014583333333333334 0.025925925925925925
3 0.542981743812561 0.3980056345462799 0.015104166666666667 0.026851851851851852
3 0.792210042476654 0.6725793480873108 0.016145833333333335 0.027777777777777776
0 0.7633805871009827 0.603607714176178 0.015625 0.025925925925925925
1 0.7492433786392212 0.4275782108306885 0.016145833333333335 0.027777777777777776
3 0.7709547877311707 0.4125019609928131 0.015625 0.025
4 0.8118749260902405 0.41650110483169556 0.015625 0.027777777777777776
2 0.8496958017349243 0.6539475321769714 0.007291666666666667 0.012962962962962963
2 0.8472164273262024 0.5137218236923218 0.007291666666666667 0.012962962962962963
2 0.8442268967628479 0.37282365560531616 0.007291666666666667 0.012962962962962963
2 0.7365477085113525 0.19396786391735077 0.007291666666666667 0.012962962962962963
2 0.6556752324104309 0.19464322924613953 0.007291666666666667 0.012962962962962963
2 0.5740354657173157 0.19532766938209534 0.007291666666666667 0.012962962962962963
2 0.4106961488723755 0.1971268653869629 0.007291666666666667 0.012962962962962963
2 0.3285039961338043 0.19868433475494385 0.007291666666666667 0.012962962962962963
2 0.24578271806240082 0.2002505213022232 0.007291666666666667 0.012962962962962963
2 0.14432665705680847 0.38412854075431824 0.007291666666666667 0.012962962962962963
2 0.14744147658348083 0.5283665657043457 0.007291666666666667 0.012962962962962963
2 0.15101654827594757 0.6701502203941345 0.007291666666666667 0.012962962962962963
2 0.2609862685203552 0.8491795063018799 0.007291666666666667 0.012962962962962963
2 0.34268367290496826 0.8478575348854065 0.007291666666666667 0.012962962962962963
2 0.42509880661964417 0.8456404805183411 0.007291666666666667 0.012962962962962963
2 0.5873613953590393 0.8417103290557861 0.007291666666666667 0.012962962962962963
2 0.6694175601005554 0.8377650380134583 0.007291666666666667 0.012962962962962963
2 0.7500239014625549 0.83689945936203 0.007291666666666667 0.012962962962962963
3 0.4013904631137848 0.5050927996635437 0.018098958333333335 0.03125
