4 0.1922520250082016 0.768217921257019 0.016145833333333335 0.026851851851851852
4 0.21221555769443512 0.6601229906082153 0.016145833333333335 0.026851851851851852
3 0.2349105179309845 0.4984574019908905 0.015625 0.026851851851851852
4 0.2532656490802765 0.4154646098613739 0.015625 0.025925925925925925
3 0.31663963198661804 0.30246591567993164 0.014583333333333334 0.025925925925925925
3 0.5449272394180298 0.38394173979759216 0.015104166666666667 0.026851851851851852
3 0.7907638549804688 0.6664301156997681 0.016145833333333335 0.027777777777777776
0 0.7634260058403015 0.5956786274909973 0.015625 0.025925925925925925
1 0.7539011836051941 0.4141121506690979 0.016145833333333335 0.027777777777777776
3 0.7764944434165955 0.3984319567680359 0.015625 0.025
4 0.8182281851768494 0.40249699354171753 0.015625 0.027777777777777776
2 0.8497475385665894 0.6475286483764648 0.007291666666666667 0.012962962962962963
2 0.8514657616615295 0.5031794905662537 0.007291666666666667 0.012962962962962963
2 0.852694571018219 0.3569835126399994 0.007291666666666667 0.012962962962962963
2 0.7473491430282593 0.17043335735797882 0.007291666666666667 0.012962962962962963
2 0.6644143462181091 0.1716977059841156 0.007291666666666667 0.012962962962962963
2 0.5809762477874756 0.17297250032424927 0.007291666666666667 0.012962962962962963
2 0.4148811995983124 0.1759583204984665 0.007291666666666667 0.012962962962962963
2 0.3317195177078247 0.17813202738761902 0.007291666666666667 0.012962962962962963
2 0.2483125627040863 0.18031077086925507 0.007291666666666667 0.012962962962962963
2 0.14457307755947113 0.3706745505332947 0.007291666666666667 0.012962962962962963
2 0.14622250199317932 0.5180994272232056 0.007291666666666667 0.012962962962962963
2 0.1483387053012848 0.6618716716766357 0.007291666666666667 0.012962962962962963
2 0.2550041079521179 0.8425314426422119 0.007291666666666667 0.012962962962962963
2 0.3359109163284302 0.8417621850967407 0.007291666666666667 0.012962962962962963
2 0.41782042384147644 0.8400951027870178 0.007291666666666667 0.012962962962962963
2 0.5799064636230469 0.8372349739074707 0.007291666666666667 0.012962962962962963
2 0.662341296672821 0.8338019251823425 0.007291666666666667 0.012962962962962963
2 0.7435238361358643 0.833466112613678 0.007291666666666667 0.012962962962962963
3 0.4000771939754486 0.4943438470363617 0.018098958333333335 0.03125
