4 0.18929226696491241 0.7553825974464417 0.016145833333333335 0.026851851851851852
4 0.20911318063735962 0.6488787531852722 0.016145833333333335 0.026851851851851852
3 0.2313172072172165 0.4906766414642334 0.015625 0.026851851851851852
4 0.24937330186367035 0.4101487398147583 0.015625 0.025925925925925925
3 0.3122754991054535 0.30179569125175476 0.014583333333333334 0.025925925925925925
3 0.5422793030738831 0.3848400413990021 0.015104166666666667 0.026851851851851852
3 0.7956327795982361 0.6662185788154602 0.016145833333333335 0.027777777777777776
0 0.7664377093315125 0.5959213972091675 0.015625 0.025925925925925925
1 0.7531843781471252 0.41800180077552795 0.016145833333333335 0.027777777777777776
3 0.7756386995315552 0.403152734041214 0.015625 0.025
4 0.8177834749221802 0.4078723192214966 0.015625 0.027777777777777776
2 0.8551145195960999 0.648681104183197 0.007291666666666667 0.012962962962962963
2 0.8535688519477844 0.5067790150642395 0.007291666666666667 0.012962962962962963
2 0.8515017032623291 0.36425483226776123 0.007291666666666667 0.012962962962962963
2 0.7418514490127563 0.18225441873073578 0.007291666666666667 0.012962962962962963
2 0.658890426158905 0.18201863765716553 0.007291666666666667 0.012962962962962963
2 0.5754629969596863 0.18178418278694153 0.007291666666666667 0.012962962962962963
2 0.4095034897327423 0.181747704744339 0.007291666666666667 0.012962962962962963
2 0.3264681398868561 0.18238048255443573 0.007291666666666667 0.012962962962962963
2 0.24322032928466797 0.18301355838775635 0.007291666666666667 0.012962962962962963
2 0.14010219275951385 0.36469554901123047 0.007291666666666667 0.012962962962962963
2 0.14206314086914062 0.5082176923751831 0.007291666666666667 0.012962962962962963
2 0.144505113363266 0.6493782997131348 0.007291666666666667 0.012962962962962963
2 0.2533811032772064 0.83050137758255 0.007291666666666667 0.012962962962962963
2 0.33570849895477295 0.8313404321670532 0.007291666666666667 0.012962962962962963
2 0.41908612847328186 0.8313046097755432 0.007291666666666667 0.012962962962962963
2 0.5841872096061707 0.8316712975502014 0.007291666666666667 0.012962962962962963
2 0.6681749820709229 0.82988440990448 0.007291666666666667 0.012962962962962963
2 0.7509738206863403 0.8311620354652405 0.007291666666666667 0.012962962962962963
3 0.39770716428756714 0.4897278845310211 0.018098958333333335 0.03125
