2 0.6331967115402222 0.7293415069580078 0.00744047619047619 0.007142857142857143
2 0.7065544724464417 0.6469566226005554 0.007160714285714285 0.0063999999999999994
2 0.7712416648864746 0.5744107365608215 0.006511904761904761 0.005804761904761905
2 0.8797903060913086 0.4518679976463318 0.006044642857142857 0.005357142857142857
2 0.9260428547859192 0.40005314350128174 0.006044642857142857 0.005657142857142857
2 0.9679969549179077 0.3529207408428192 0.005767857142857142 0.004761904761904762
2 0.880274772644043 0.263805091381073 0.005023809523809523 0.0035714285714285713
2 0.7807079553604126 0.23819221556186676 0.004836309523809524 0.004166666666666667
2 0.6859713792800903 0.21392500400543213 0.004556547619047619 0.003276190476190476
2 0.5052547454833984 0.2258996069431305 0.005116071428571429 0.004166666666666667
2 0.4483921229839325 0.26123103499412537 0.004744047619047619 0.0038714285714285717
2 0.38601669669151306 0.2999863028526306 0.005300595238095238 0.004019047619047619
2 0.24285532534122467 0.38922131061553955 0.005952380952380952 0.004166666666666667
2 0.1596078723669052 0.44100111722946167 0.006044642857142857 0.004466666666666667
2 0.06660701334476471 0.4988781809806824 0.006604166666666667 0.004761904761904762
2 0.0760846808552742 0.6491992473602295 0.007160714285714285 0.006695238095238095
2 0.200089231133461 0.7057697772979736 0.007532738095238095 0.007142857142857143
2 0.33428940176963806 0.7672556042671204 0.00762797619047619 0.006995238095238095
4 0.6439219117164612 0.6254788637161255 0.026997023809523808 0.044219047619047616
4 0.6380977630615234 0.43946561217308044 0.02338392857142857 0.03911428571428571
4 0.7131547331809998 0.38099753856658936 0.02189583333333333 0.03605238095238095
4 0.49334752559661865 0.33249393105506897 0.020622023809523812 0.0346952380952381
4 0.4137219786643982 0.6250338554382324 0.0280625 0.0449
4 0.2977355122566223 0.6979946494102478 0.030398809523809522 0.04523809523809524
4 0.17073073983192444 0.593595564365387 0.027422619047619046 0.04523809523809524
3 0.21417781710624695 0.5548278093338013 0.026574404761904764 0.04251904761904762
3 0.40356650948524475 0.7436322569847107 0.030187500000000003 0.04693809523809524
3 0.734990119934082 0.4964653551578522 0.025086309523809525 0.04081428571428571
1 0.5028348565101624 0.3878328800201416 0.022532738095238092 0.03673333333333333
0 0.3736659586429596 0.568495512008667 0.025723214285714287 0.04387619047619048
