2 0.3712901473045349 0.7357228994369507 0.00744047619047619 0.007142857142857143
2 0.29855626821517944 0.6539759039878845 0.007160714285714285 0.0063999999999999994
2 0.2340669333934784 0.581597626209259 0.006511904761904761 0.005804761904761905
2 0.12510958313941956 0.4584951400756836 0.006044642857142857 0.005357142857142857
2 0.07839301228523254 0.40611961483955383 0.006044642857142857 0.005657142857142857
2 0.035869427025318146 0.35831013321876526 0.005767857142857142 0.004761904761904762
2 0.12591223418712616 0.26932692527770996 0.005023809523809523 0.0035714285714285713
2 0.2272176593542099 0.24466492235660553 0.004836309523809524 0.004166666666666667
2 0.32316383719444275 0.22141090035438538 0.004556547619047619 0.003276190476190476
2 0.5043437480926514 0.23557980358600616 0.005116071428571429 0.004166666666666667
2 0.5606088638305664 0.2714749574661255 0.004744047619047619 0.0038714285714285717
2 0.6220815181732178 0.3106907904148102 0.005300595238095238 0.004019047619047619
2 0.7621967196464539 0.40036076307296753 0.005952380952380952 0.004166666666666667
2 0.8430588245391846 0.45200115442276 0.006044642857142857 0.004466666666666667
2 0.9328649044036865 0.5093837380409241 0.006604166666666667 0.004761904761904762
2 0.9212689399719238 0.6566157341003418 0.007160714285714285 0.006695238095238095
2 0.7995955944061279 0.7120095491409302 0.007532738095238095 0.007142857142857143
2 0.6671989560127258 0.7725430130958557 0.00762797619047619 0.006995238095238095
4 0.3615584969520569 0.6326915621757507 0.026997023809523808 0.044219047619047616
4 0.3691816031932831 0.44755586981773376 0.02338392857142857 0.03911428571428571
4 0.2942635416984558 0.38861244916915894 0.02189583333333333 0.03605238095238095
4 0.5150197148323059 0.34202903509140015 0.020622023809523812 0.0346952380952381
4 0.5906426310539246 0.6325458288192749 0.0280625 0.0449
4 0.7040375471115112 0.7044492959976196 0.030398809523809522 0.04523809523809524
4 0.8299181461334229 0.6020020842552185 0.027422619047619046 0.04523809523809524
3 0.7879824638366699 0.5637921690940857 0.026574404761904764 0.04251904761904762
3 0.5992352962493896 0.7494620680809021 0.030187500000000003 0.04693809523809524
3 0.2712599039077759 0.5039176940917969 0.025086309523809525 0.04081428571428571
1 0.5049428939819336 0.39704498648643494 0.022532738095238092 0.03673333333333333
0 0.6309309601783752 0.5767987370491028 0.025723214285714287 0.04387619047619048
