2 0.3734835386276245 0.7260024547576904 0.00744047619047619 0.007142857142857143
2 0.3004918098449707 0.645287811756134 0.007160714285714285 0.0063999999999999994
2 0.23588797450065613 0.5739493370056152 0.006511904761904761 0.005804761904761905
2 0.12697814404964447 0.4528847634792328 0.006044642857142857 0.005357142857142857
2 0.08037568628787994 0.4014795124530792 0.006044642857142857 0.005657142857142857
2 0.03800421580672264 0.35460904240608215 0.005767857142857142 0.004761904761904762
2 0.12750765681266785 0.26713699102401733 0.005023809523809523 0.0035714285714285713
2 0.22833053767681122 0.24272164702415466 0.004836309523809524 0.004166666666666667
2 0.3238820433616638 0.21968427300453186 0.004556547619047619 0.003276190476190476
2 0.504717230796814 0.23315449059009552 0.005116071428571429 0.004166666666666667
2 0.5610890984535217 0.26828885078430176 0.004744047619047619 0.0038714285714285717
2 0.6227467656135559 0.30671626329421997 0.005300595238095238 0.004019047619047619
2 0.7635533809661865 0.3947516977787018 0.005952380952380952 0.004166666666666667
2 0.8449837565422058 0.4455566108226776 0.006044642857142857 0.004466666666666667
2 0.9355674386024475 0.5021020770072937 0.006604166666666667 0.004761904761904762
2 0.9249452948570251 0.6477017998695374 0.007160714285714285 0.006695238095238095
2 0.8029675483703613 0.7025585770606995 0.007532738095238095 0.007142857142857143
2 0.6703029870986938 0.7624772787094116 0.00762797619047619 0.006995238095238095
4 0.36342594027519226 0.6242623329162598 0.026997023809523808 0.044219047619047616
4 0.3704715967178345 0.4418047368526459 0.02338392857142857 0.03911428571428571
4 0.2955099940299988 0.38393518328666687 0.02189583333333333 0.03605238095238095
4 0.515820324420929 0.337746262550354 0.020622023809523812 0.0346952380952381
4 0.5928008556365967 0.6240211725234985 0.0280625 0.0449
4 0.7069286704063416 0.6950808763504028 0.030398809523809522 0.04523809523809524
4 0.8327486515045166 0.5937159657478333 0.027422619047619046 0.04523809523809524
3 0.7903967499732971 0.555982232093811 0.026574404761904764 0.04251904761904762
3 0.601969301700592 0.7396159172058105 0.030187500000000003 0.04693809523809524
3 0.27284204959869385 0.4974040389060974 0.025086309523809525 0.04081428571428571
1 0.5059714317321777 0.39189207553863525 0.022532738095238092 0.03673333333333333
0 0.632918119430542 0.5689429044723511 0.025723214285714287 0.04387619047619048
