2 0.630007803440094 0.7281649112701416 0.00744047619047619 0.007142857142857143
2 0.7019438147544861 0.645369827747345 0.007160714285714285 0.0063999999999999994
2 0.7652395963668823 0.5726197361946106 0.006511904761904761 0.005804761904761905
2 0.87116938829422 0.45007190108299255 0.006044642857142857 0.005357142857142857
2 0.9161944389343262 0.398377925157547 0.006044642857142857 0.005657142857142857
2 0.9569795727729797 0.351421058177948 0.005767857142857142 0.004761904761904762
2 0.8726913332939148 0.2634139955043793 0.005023809523809523 0.0035714285714285713
2 0.7762545347213745 0.23830094933509827 0.004836309523809524 0.004166666666666667
2 0.6841655969619751 0.21442309021949768 0.004556547619047619 0.003276190476190476
2 0.5073158144950867 0.22689996659755707 0.005116071428571429 0.004166666666666667
2 0.45128148794174194 0.26242828369140625 0.004744047619047619 0.0038714285714285717
2 0.38969144225120544 0.30147773027420044 0.005300595238095238 0.004019047619047619
2 0.24784138798713684 0.39169958233833313 0.005952380952380952 0.004166666666666667
2 0.16504168510437012 0.44425326585769653 0.006044642857142857 0.004466666666666667
2 0.07226504385471344 0.5031700730323792 0.006604166666666667 0.004761904761904762
2 0.08109719306230545 0.6543357372283936 0.007160714285714285 0.006695238095238095
2 0.2040839046239853 0.709764301776886 0.007532738095238095 0.007142857142857143
2 0.33652839064598083 0.7697200775146484 0.00762797619047619 0.006995238095238095
4 0.6410087943077087 0.6246461272239685 0.026997023809523808 0.044219047619047616
4 0.636282205581665 0.43941131234169006 0.02338392857142857 0.03911428571428571
4 0.7097750902175903 0.38070687651634216 0.02189583333333333 0.03605238095238095
4 0.49510693550109863 0.33350393176078796 0.020622023809523812 0.0346952380952381
4 0.4154468774795532 0.6265502572059631 0.0280625 0.0449
4 0.30075597763061523 0.7008281350135803 0.030398809523809522 0.04523809523809524
4 0.17543916404247284 0.5974770784378052 0.027422619047619046 0.04523809523809524
3 0.21870291233062744 0.5581457018852234 0.026574404761904764 0.04251904761904762
3 0.40489524602890015 0.7452213764190674 0.030187500000000003 0.04693809523809524
3 0.730415403842926 0.4954456090927124 0.025086309523809525 0.04081428571428571
1 0.5041477680206299 0.38875478506088257 0.022532738095238092 0.03673333333333333
0 0.3762684464454651 0.5703867673873901 0.025723214285714287 0.04387619047619048
