2 0.6322445869445801 0.727408766746521 0.00744047619047619 0.007142857142857143
2 0.7060170769691467 0.644885778427124 0.007160714285714285 0.0063999999999999994
2 0.7710413336753845 0.5722503662109375 0.006511904761904761 0.005804761904761905
2 0.8800941705703735 0.44962698221206665 0.006044642857142857 0.005357142857142857
2 0.9265386462211609 0.39780277013778687 0.006044642857142857 0.005657142857142857
2 0.9686548113822937 0.3506755828857422 0.005767857142857142 0.004761904761904762
2 0.880418062210083 0.26228323578834534 0.005023809523809523 0.0035714285714285713
2 0.7804506421089172 0.2372100055217743 0.004836309523809524 0.004166666666666667
2 0.6854131817817688 0.21347582340240479 0.004556547619047619 0.003276190476190476
2 0.5042700171470642 0.22613225877285004 0.005116071428571429 0.004166666666666667
2 0.4472605288028717 0.2614765465259552 0.004744047619047619 0.0038714285714285717
2 0.38472065329551697 0.30024808645248413 0.005300595238095238 0.004019047619047619
2 0.24116748571395874 0.389527291059494 0.005952380952380952 0.004166666666666667
2 0.1576835960149765 0.4413388967514038 0.006044642857142857 0.004466666666666667
2 0.06441091001033783 0.49925607442855835 0.006604166666666667 0.004761904761904762
2 0.0733620747923851 0.648971676826477 0.007160714285714285 0.006695238095238095
2 0.1974482238292694 0.7050482630729675 0.007532738095238095 0.007142857142857143
2 0.33192524313926697 0.7660844922065735 0.00762797619047619 0.006995238095238095
4 0.6430724859237671 0.6236239075660706 0.026997023809523808 0.044219047619047616
4 0.6373068690299988 0.4381175637245178 0.02338392857142857 0.03911428571428571
4 0.7126665115356445 0.3796025216579437 0.02189583333333333 0.03605238095238095
4 0.49220746755599976 0.33215630054473877 0.020622023809523812 0.0346952380952381
4 0.4119184613227844 0.623870313167572 0.0280625 0.0449
4 0.29539933800697327 0.6970173716545105 0.030398809523809522 0.04523809523809524
4 0.16835501790046692 0.5932594537734985 0.027422619047619046 0.04523809523809524
3 0.21199674904346466 0.5544898509979248 0.026574404761904764 0.04251904761904762
3 0.4015197157859802 0.7423030138015747 0.030187500000000003 0.04693809523809524
3 0.7345961928367615 0.49459972977638245 0.025086309523809525 0.04081428571428571
1 0.501650333404541 0.3871872127056122 0.022532738095238092 0.03673333333333333
0 0.37183699011802673 0.5676047801971436 0.025723214285714287 0.04387619047619048
