4 0.5917643904685974 0.3140223026275635 0.016607142857142855 0.026814285714285714
1 0.5235906839370728 0.3920930325984955 0.016910714285714286 0.027538095238095237
4 0.6161123514175415 0.5764346122741699 0.016607142857142855 0.028504761904761904
4 0.514054536819458 0.5652099847793579 0.01585416666666667 0.02560952380952381
3 0.4836248755455017 0.6982035636901855 0.016458333333333332 0.02560952380952381
4 0.3290714919567108 0.7223374247550964 0.016607142857142855 0.02560952380952381
3 0.16931021213531494 0.637196958065033 0.016154761904761904 0.02536666666666667
4 0.25792795419692993 0.5542836785316467 0.016607142857142855 0.025123809523809524
4 0.16912907361984253 0.532090425491333 0.01811904761904762 0.026333333333333334
0 0.29195672273635864 0.4737538695335388 0.01675892857142857 0.027299999999999998
3 0.25091248750686646 0.3413631021976471 0.016154761904761904 0.027299999999999998
4 0.20668138563632965 0.34830546379089355 0.01600595238095238 0.02560952380952381
2 0.8607975840568542 0.3522881865501404 0.004526785714285715 0.007995238095238095
2 0.8604772090911865 0.4878319203853607 0.004148809523809523 0.006338095238095238
2 0.8599164485931396 0.6239848136901855 0.004622023809523809 0.006638095238095238
2 0.7499105334281921 0.7957436442375183 0.004714285714285714 0.006338095238095238
2 0.6635492444038391 0.7949416637420654 0.0048095238095238095 0.007242857142857143
2 0.577557384967804 0.7938464879989624 0.004339285714285714 0.007242857142857143
2 0.4062066972255707 0.7918761372566223 0.003961309523809524 0.0067904761904761905
2 0.32037630677223206 0.7910035848617554 0.004244047619047619 0.007847619047619048
2 0.23501071333885193 0.789838969707489 0.004714285714285714 0.0070904761904761904
2 0.12704750895500183 0.6157628297805786 0.004148809523809523 0.007242857142857143
2 0.12789176404476166 0.48078641295433044 0.004997023809523809 0.007847619047619048
2 0.1292034387588501 0.3458141088485718 0.004526785714285715 0.0067904761904761905
2 0.23901621997356415 0.1749286949634552 0.004148809523809523 0.007847619047619048
2 0.32415518164634705 0.17526845633983612 0.004148809523809523 0.007542857142857143
2 0.4094265401363373 0.1753881573677063 0.004622023809523809 0.0070904761904761904
2 0.579652726650238 0.17696557939052582 0.004431547619047619 0.0067904761904761905
2 0.6651288270950317 0.1777532547712326 0.004997023809523809 0.007395238095238095
2 0.7510695457458496 0.17802496254444122 0.004431547619047619 0.006338095238095238
