4 0.40526053309440613 0.31523916125297546 0.016607142857142855 0.026814285714285714
1 0.4724481999874115 0.3943178355693817 0.016910714285714286 0.027538095238095237
4 0.379645437002182 0.579630970954895 0.016607142857142855 0.028504761904761904
4 0.48090866208076477 0.5690821409225464 0.01585416666666667 0.02560952380952381
3 0.5103560090065002 0.7035248875617981 0.016458333333333332 0.02560952380952381
4 0.6641111373901367 0.7293744087219238 0.016607142857142855 0.02560952380952381
3 0.8244419693946838 0.6446424126625061 0.016154761904761904 0.02536666666666667
4 0.7362279891967773 0.5599353313446045 0.016607142857142855 0.025123809523809524
4 0.8252964615821838 0.5380870699882507 0.01811904761904762 0.026333333333333334
0 0.7027084231376648 0.4781668484210968 0.01675892857142857 0.027299999999999998
3 0.7445801496505737 0.3442840874195099 0.016154761904761904 0.027299999999999998
4 0.7888272404670715 0.35151538252830505 0.01600595238095238 0.02560952380952381
2 0.13937723636627197 0.35264357924461365 0.004526785714285715 0.007995238095238095
2 0.13897687196731567 0.48880597949028015 0.004148809523809523 0.006338095238095238
2 0.13880980014801025 0.625525951385498 0.004622023809523809 0.006638095238095238
2 0.24621574580669403 0.7990821599960327 0.004714285714285714 0.006338095238095238
2 0.33148491382598877 0.7991951704025269 0.0048095238095238095 0.007242857142857143
2 0.41659581661224365 0.7990092635154724 0.004339285714285714 0.007242857142857143
2 0.5868023633956909 0.7988514304161072 0.003961309523809524 0.0067904761904761905
2 0.6723670363426208 0.7988877892494202 0.004244047619047619 0.007847619047619048
2 0.7576751708984375 0.7986234426498413 0.004714285714285714 0.0070904761904761904
2 0.8669761419296265 0.6232643127441406 0.004148809523809523 0.007242857142857143
2 0.867002010345459 0.4863235354423523 0.004997023809523809 0.007847619047619048
2 0.8665585517883301 0.34933027625083923 0.004526785714285715 0.0067904761904761905
2 0.7575343251228333 0.1755981743335724 0.004148809523809523 0.007847619047619048
2 0.672380805015564 0.17577575147151947 0.004148809523809523 0.007542857142857143
2 0.5873000621795654 0.17573000490665436 0.004622023809523809 0.0070904761904761904
2 0.4180542826652527 0.17698989808559418 0.004431547619047619 0.0067904761904761905
2 0.33337461948394775 0.17761582136154175 0.004997023809523809 0.007395238095238095
2 0.2484414279460907 0.1777198612689972 0.004431547619047619 0.006338095238095238
