3 0.24121806025505066 0.5912209749221802 0.016666666666666666 0.025925925925925925
4 0.44079330563545227 0.5197582244873047 0.0140625 0.023148148148148147
4 0.5982823967933655 0.5645886063575745 0.015625 0.025
1 0.5678622126579285 0.5272500514984131 0.0140625 0.024074074074074074
3 0.565250039100647 0.43620461225509644 0.011458333333333333 0.017592592592592594
0 0.6749416589736938 0.4695746600627899 0.0125 0.020370370370370372
2 0.35431423783302307 0.7342481017112732 0.0078125 0.012037037037037037
2 0.27502644062042236 0.6984475255012512 0.0078125 0.012037037037037037
2 0.20511111617088318 0.6670659184455872 0.0078125 0.012037037037037037
2 0.21383005380630493 0.5764579772949219 0.005729166666666666 0.009259259259259259
2 0.272145539522171 0.5409522652626038 0.005729166666666666 0.009259259259259259
2 0.3233039975166321 0.5105333924293518 0.005729166666666666 0.009259259259259259
2 0.5416038036346436 0.6997063755989075 0.0078125 0.012037037037037037
2 0.5872716307640076 0.6446365714073181 0.0078125 0.012037037037037037
2 0.6257935762405396 0.597698986530304 0.0078125 0.012037037037037037
2 0.6864921450614929 0.5240481495857239 0.0078125 0.012037037037037037
2 0.7111311554908752 0.49390891194343567 0.005208333333333333 0.008333333333333333
2 0.7332828640937805 0.4672265648841858 0.005208333333333333 0.008333333333333333
2 0.6818607449531555 0.4231613874435425 0.005208333333333333 0.008333333333333333
2 0.626501202583313 0.4134488105773926 0.005208333333333333 0.008333333333333333
2 0.5743143558502197 0.40416446328163147 0.005208333333333333 0.008333333333333333
2 0.4076135754585266 0.45778194069862366 0.0046875 0.007407407407407408
2 0.4436275362968445 0.43546462059020996 0.0046875 0.007407407407407408
2 0.47625046968460083 0.4161539375782013 0.0046875 0.007407407407407408
