3 0.7582666277885437 0.6049183011054993 0.016666666666666666 0.025925925925925925
4 0.5495525598526001 0.5292752981185913 0.0140625 0.023148148148148147
4 0.3897099792957306 0.5730234980583191 0.015625 0.025
1 0.41993221640586853 0.5356821417808533 0.0140625 0.024074074074074074
3 0.4214276969432831 0.443475604057312 0.011458333333333333 0.017592592592592594
0 0.3114987909793854 0.47670599818229675 0.0125 0.020370370370370372
2 0.6408106088638306 0.7490729093551636 0.0078125 0.012037037037037037
2 0.7232703566551208 0.7144083380699158 0.0078125 0.012037037037037037
2 0.7968454957008362 0.6836716532707214 0.0078125 0.012037037037037037
2 0.7871935963630676 0.5900706648826599 0.005729166666666666 0.009259259259259259
2 0.7253571152687073 0.5527122020721436 0.005729166666666666 0.009259259259259259
2 0.6714421510696411 0.5208864808082581 0.005729166666666666 0.009259259259259259
2 0.4486235976219177 0.709895133972168 0.0078125 0.012037037037037037
2 0.40184715390205383 0.6536867022514343 0.0078125 0.012037037037037037
2 0.36251839995384216 0.6059490442276001 0.0078125 0.012037037037037037
2 0.3008010685443878 0.5313392877578735 0.0078125 0.012037037037037037
2 0.27583107352256775 0.5009145736694336 0.005208333333333333 0.008333333333333333
2 0.25343057513237 0.4740277826786041 0.005208333333333333 0.008333333333333333
2 0.3038908541202545 0.4299444556236267 0.005208333333333333 0.008333333333333333
2 0.3592453598976135 0.4202541708946228 0.005208333333333333 0.008333333333333333
2 0.4118286967277527 0.41091829538345337 0.005208333333333333 0.008333333333333333
2 0.5832301378250122 0.46614307165145874 0.0046875 0.007407407407407408
2 0.5457977652549744 0.4431329071521759 0.0046875 0.007407407407407408
2 0.5120263695716858 0.4232925474643707 0.0046875 0.007407407407407408
