3 0.3661288619041443 0.613968551158905 0.019791666666666666 0.03148148148148148
0 0.4612317979335785 0.6360265016555786 0.0203125 0.032407407407407406
3 0.5134798884391785 0.562606155872345 0.018229166666666668 0.02962962962962963
4 0.5797263383865356 0.6519894003868103 0.020833333333333332 0.03425925925925926
4 0.5782009959220886 0.7199096083641052 0.022916666666666665 0.037037037037037035
4 0.791783332824707 0.7213104963302612 0.0234375 0.03888888888888889
3 0.7150111794471741 0.5526280999183655 0.018229166666666668 0.02962962962962963
1 0.6342177987098694 0.5722616314888 0.01875 0.030555555555555555
4 0.6316855549812317 0.4851910173892975 0.016145833333333335 0.025925925925925925
3 0.6128117442131042 0.47227391600608826 0.015625 0.025
4 0.5043116807937622 0.5018802285194397 0.016145833333333335 0.027777777777777776
3 0.4750431478023529 0.5049577355384827 0.016145833333333335 0.026851851851851852
3 0.45058926939964294 0.5172702074050903 0.0171875 0.027777777777777776
4 0.4509761929512024 0.4884472191333771 0.016145833333333335 0.025925925925925925
3 0.33021581172943115 0.467926561832428 0.015104166666666667 0.025
4 0.3094247281551361 0.4804780185222626 0.016145833333333335 0.025
2 0.6855047941207886 0.8255229592323303 0.00625 0.010185185185185186
2 0.7983766794204712 0.7762071490287781 0.00625 0.010185185185185186
2 0.8999891877174377 0.7337323427200317 0.00625 0.010185185185185186
2 0.8983281850814819 0.612064003944397 0.007291666666666667 0.012037037037037037
2 0.8212101459503174 0.5651589035987854 0.007291666666666667 0.012037037037037037
2 0.754375696182251 0.5253186225891113 0.007291666666666667 0.012037037037037037
2 0.4399605691432953 0.7801132202148438 0.010416666666666666 0.016666666666666666
2 0.3861772119998932 0.7094939947128296 0.010416666666666666 0.016666666666666666
2 0.3426261246204376 0.6506912708282471 0.0078125 0.012037037037037037
2 0.27337074279785156 0.5580248832702637 0.0078125 0.012037037037037037
2 0.2450990229845047 0.5198941230773926 0.0078125 0.012037037037037037
2 0.2203642725944519 0.4872252941131592 0.0046875 0.007407407407407408
2 0.2905353009700775 0.4286867678165436 0.0046875 0.007407407407407408
2 0.3628804087638855 0.41321781277656555 0.0046875 0.007407407407407408
2 0.43008551001548767 0.3971090018749237 0.0046875 0.007407407407407408
2 0.6453225016593933 0.45996910333633423 0.0046875 0.007407407407407408
2 0.5996668934822083 0.43239039182662964 0.0046875 0.007407407407407408
2 0.5586878657341003 0.40723177790641785 0.0046875 0.007407407407407408
