3 0.3807744085788727 0.6336804628372192 0.019791666666666666 0.03148148148148148
0 0.4746188819408417 0.6575857400894165 0.0203125 0.032407407407407406
3 0.5253254771232605 0.5843600034713745 0.018229166666666668 0.02962962962962963
4 0.5901368856430054 0.6754876375198364 0.020833333333333332 0.03425925925925926
4 0.5888236165046692 0.7432988286018372 0.022916666666666665 0.037037037037037035
4 0.7931567430496216 0.7472408413887024 0.0234375 0.03888888888888889
3 0.7206565737724304 0.5782617926597595 0.018229166666666668 0.02962962962962963
1 0.6427683234214783 0.5964205861091614 0.01875 0.030555555555555555
4 0.6402905583381653 0.508515477180481 0.016145833333333335 0.025925925925925925
3 0.6219423413276672 0.4949820041656494 0.015625 0.025
4 0.516025722026825 0.5225555896759033 0.016145833333333335 0.027777777777777776
3 0.4872828722000122 0.5250312089920044 0.016145833333333335 0.026851851851851852
3 0.4632878005504608 0.5370308756828308 0.0171875 0.027777777777777776
4 0.46345052123069763 0.5076451897621155 0.016145833333333335 0.025925925925925925
3 0.34335005283355713 0.4837304651737213 0.015104166666666667 0.025
4 0.32273155450820923 0.49613726139068604 0.016145833333333335 0.025
2 0.6917982697486877 0.8488191962242126 0.00625 0.010185185185185186
2 0.7990707755088806 0.8013190627098083 0.00625 0.010185185185185186
2 0.8950493335723877 0.7606953978538513 0.00625 0.010185185185185186
2 0.8946840167045593 0.6408165097236633 0.007291666666666667 0.012037037037037037
2 0.8220821619033813 0.5928434133529663 0.007291666666666667 0.012037037037037037
2 0.7585204839706421 0.5516591668128967 0.007291666666666667 0.012037037037037037
2 0.45489341020584106 0.8018161058425903 0.010416666666666666 0.016666666666666666
2 0.40155938267707825 0.730482280254364 0.010416666666666666 0.016666666666666666
2 0.357931524515152 0.670516848564148 0.0078125 0.012037037037037037
2 0.2877645492553711 0.5749191641807556 0.0078125 0.012037037037037037
2 0.25883010029792786 0.5351939797401428 0.0078125 0.012037037037037037
2 0.2333892434835434 0.5009629130363464 0.0046875 0.007407407407407408
2 0.30308014154434204 0.44224902987480164 0.0046875 0.007407407407407408
2 0.3753111958503723 0.4282148778438568 0.0046875 0.007407407407407408
2 0.4420403838157654 0.41345635056495667 0.0046875 0.007407407407407408
2 0.6535228490829468 0.48327940702438354 0.0046875 0.007407407407407408
2 0.6090835332870483 0.45411455631256104 0.0046875 0.007407407407407408
2 0.5689488053321838 0.42736172676086426 0.0046875 0.007407407407407408
