3 0.6304165124893188 0.6238606572151184 0.019791666666666666 0.03148148148148148
0 0.5362813472747803 0.6497241258621216 0.0203125 0.032407407407407406
3 0.48412027955055237 0.5753527879714966 0.018229166666666668 0.02962962962962963
4 0.41981416940689087 0.6698002815246582 0.020833333333333332 0.03425925925925926
4 0.4218563139438629 0.7399260997772217 0.022916666666666665 0.037037037037037035
4 0.21419550478458405 0.747066855430603 0.0234375 0.03888888888888889
3 0.28724002838134766 0.5717552304267883 0.018229166666666668 0.02962962962962963
1 0.3659264147281647 0.5892847776412964 0.01875 0.030555555555555555
4 0.3677237927913666 0.4995964467525482 0.016145833333333335 0.025925925925925925
3 0.3860337436199188 0.48562344908714294 0.015625 0.025
4 0.4926285743713379 0.5122508406639099 0.016145833333333335 0.027777777777777776
3 0.5214976072311401 0.5143923759460449 0.016145833333333335 0.026851851851851852
3 0.5457538962364197 0.5262770056724548 0.0171875 0.027777777777777776
4 0.545116662979126 0.4964348077774048 0.016145833333333335 0.025925925925925925
3 0.6648122668266296 0.47068649530410767 0.015104166666666667 0.025
4 0.6856850981712341 0.48297446966171265 0.016145833333333335 0.025
2 0.31788697838783264 0.851589560508728 0.00625 0.010185185185185186
2 0.20820699632167816 0.8035317659378052 0.00625 0.010185185185185186
2 0.11032765358686447 0.7626020312309265 0.00625 0.010185185185185186
2 0.11117146909236908 0.6383784413337708 0.007291666666666667 0.012037037037037037
2 0.18481610715389252 0.5880648493766785 0.007291666666666667 0.012037037037037037
2 0.24895820021629333 0.5450769662857056 0.007291666666666667 0.012037037037037037
2 0.5586097836494446 0.7987575531005859 0.010416666666666666 0.016666666666666666
2 0.6113594770431519 0.7238749861717224 0.010416666666666666 0.016666666666666666
2 0.6541839838027954 0.6613733172416687 0.0078125 0.012037037037037037
2 0.7225236296653748 0.5625239610671997 0.0078125 0.012037037037037037
2 0.7505006790161133 0.5217369198799133 0.0078125 0.012037037037037037
2 0.775023877620697 0.4867180287837982 0.0046875 0.007407407407407408
2 0.7040576338768005 0.42833220958709717 0.0046875 0.007407407407407408
2 0.6317639946937561 0.4150916635990143 0.0046875 0.007407407407407408
2 0.564959704875946 0.40105900168418884 0.0046875 0.007407407407407408
2 0.35424506664276123 0.4741603136062622 0.0046875 0.007407407407407408
2 0.39855536818504333 0.44408726692199707 0.0046875 0.007407407407407408
2 0.438441663980484 0.41659751534461975 0.0046875 0.007407407407407408
