3 0.6349505186080933 0.616090714931488 0.019791666666666666 0.03148148148148148
0 0.5405130982398987 0.6457961201667786 0.0203125 0.032407407407407406
3 0.48884281516075134 0.574026882648468 0.018229166666666668 0.02962962962962963
4 0.423475444316864 0.670795738697052 0.020833333333333332 0.03425925925925926
4 0.42506542801856995 0.7402231693267822 0.022916666666666665 0.037037037037037035
4 0.21588191390037537 0.7566937208175659 0.0234375 0.03888888888888889
3 0.2901272475719452 0.5787282586097717 0.018229166666666668 0.02962962962962963
1 0.3696480989456177 0.5929238796234131 0.01875 0.030555555555555555
4 0.3719231188297272 0.5030474066734314 0.016145833333333335 0.025925925925925925
3 0.39052945375442505 0.48827293515205383 0.015625 0.025
4 0.4979439377784729 0.5106265544891357 0.016145833333333335 0.027777777777777776
3 0.5269808173179626 0.5115891098976135 0.016145833333333335 0.026851851851851852
3 0.5512485504150391 0.5224760174751282 0.0171875 0.027777777777777776
4 0.5509112477302551 0.49266135692596436 0.016145833333333335 0.025925925925925925
3 0.6713430881500244 0.4620896875858307 0.015104166666666667 0.025
4 0.6920698881149292 0.4735381305217743 0.016145833333333335 0.025
2 0.3201322555541992 0.8552441596984863 0.00625 0.010185185185185186
2 0.2097942978143692 0.8129299879074097 0.00625 0.010185185185185186
2 0.11069342494010925 0.7768683433532715 0.00625 0.010185185185185186
2 0.11127624660730362 0.6529772281646729 0.007291666666666667 0.012037037037037037
2 0.18614628911018372 0.5994159579277039 0.007291666666666667 0.012037037037037037
2 0.25135675072669983 0.5536004304885864 0.007291666666666667 0.012037037037037037
2 0.5613166689872742 0.7920567393302917 0.010416666666666666 0.016666666666666666
2 0.6147211790084839 0.7158910632133484 0.010416666666666666 0.016666666666666666
2 0.6581860780715942 0.6522423028945923 0.0078125 0.012037037037037037
2 0.7277037501335144 0.5513086915016174 0.0078125 0.012037037037037037
2 0.7562274932861328 0.5095836520195007 0.0078125 0.012037037037037037
2 0.781246542930603 0.47369828820228577 0.0046875 0.007407407407407408
2 0.7112454771995544 0.41814589500427246 0.0046875 0.007407407407407408
2 0.6389196515083313 0.407687783241272 0.0046875 0.007407407407407408
2 0.5718808770179749 0.39618349075317383 0.0046875 0.007407407407407408
2 0.35839760303497314 0.4780413508415222 0.0046875 0.007407407407407408
2 0.40344759821891785 0.44601306319236755 0.0046875 0.007407407407407408
2 0.44400322437286377 0.41675978899002075 0.0046875 0.007407407407407408
