4 0.7060003280639648 0.6782700419425964 0.019270833333333334 0.032407407407407406
4 0.533685564994812 0.6752002835273743 0.019270833333333334 0.03148148148148148
4 0.5323989391326904 0.6155256032943726 0.017708333333333333 0.02962962962962963
3 0.49144503474235535 0.5454874634742737 0.015104166666666667 0.025925925925925925
4 0.5690438747406006 0.4706726670265198 0.013541666666666667 0.022222222222222223
3 0.5532008409500122 0.4590599834918976 0.013020833333333334 0.021296296296296296
3 0.5081921219825745 0.47513625025749207 0.013541666666666667 0.022222222222222223
4 0.4648972451686859 0.482814759016037 0.014583333333333334 0.023148148148148147
3 0.4203647971153259 0.49446937441825867 0.0140625 0.023148148148148147
0 0.4342067837715149 0.5997018814086914 0.0171875 0.027777777777777776
3 0.353674054145813 0.5786949992179871 0.016666666666666666 0.027777777777777776
3 0.4408652186393738 0.4844242334365845 0.0140625 0.022222222222222223
4 0.4197930693626404 0.4692361354827881 0.013541666666666667 0.021296296296296296
4 0.30046236515045166 0.4591562747955322 0.0140625 0.022222222222222223
3 0.3182013928890228 0.44822290539741516 0.013541666666666667 0.021296296296296296
1 0.33767789602279663 0.4315604567527771 0.011979166666666667 0.021296296296296296
2 0.6252747774124146 0.7656399607658386 0.0078125 0.012037037037037037
2 0.713671088218689 0.726093590259552 0.0046875 0.007407407407407408
2 0.792460024356842 0.6891800165176392 0.005208333333333333 0.008333333333333333
2 0.7869842648506165 0.5848798751831055 0.005729166666666666 0.009259259259259259
2 0.7240645885467529 0.5444409251213074 0.005729166666666666 0.009259259259259259
2 0.6693205237388611 0.5085650682449341 0.005729166666666666 0.009259259259259259
2 0.4217749536037445 0.7269831895828247 0.005729166666666666 0.009259259259259259
2 0.37540340423583984 0.6642212271690369 0.005729166666666666 0.009259259259259259
2 0.33542507886886597 0.6105462908744812 0.005729166666666666 0.009259259259259259
2 0.2732376158237457 0.5266855955123901 0.0046875 0.007407407407407408
2 0.24747012555599213 0.49241605401039124 0.0046875 0.007407407407407408
2 0.22473356127738953 0.46263259649276733 0.0046875 0.007407407407407408
2 0.28269073367118835 0.41177666187286377 0.0036458333333333334 0.006481481481481481
2 0.34337934851646423 0.4002505838871002 0.0036458333333333334 0.006481481481481481
2 0.39982399344444275 0.38869673013687134 0.0036458333333333334 0.006481481481481481
2 0.5791977643966675 0.4490552842617035 0.004166666666666667 0.007407407407407408
2 0.5407596826553345 0.42448484897613525 0.004166666666666667 0.007407407407407408
2 0.5063746571540833 0.40173378586769104 0.004166666666666667 0.007407407407407408
