4 0.6862718462944031 0.7032182216644287 0.019270833333333334 0.032407407407407406
4 0.5120663046836853 0.6983891725540161 0.019270833333333334 0.03148148148148148
4 0.5117983222007751 0.6395358443260193 0.017708333333333333 0.02962962962962963
3 0.4718942642211914 0.5702407956123352 0.015104166666666667 0.025925925925925925
4 0.5511695146560669 0.4968377649784088 0.013541666666666667 0.022222222222222223
3 0.5354118347167969 0.4853282868862152 0.013020833333333334 0.021296296296296296
3 0.48989811539649963 0.5010348558425903 0.013541666666666667 0.022222222222222223
4 0.4463847279548645 0.5084391832351685 0.014583333333333334 0.023148148148148147
3 0.40169885754585266 0.519721508026123 0.0140625 0.023148148148148147
0 0.41370686888694763 0.6231800317764282 0.0171875 0.027777777777777776
3 0.33389127254486084 0.6019809246063232 0.016666666666666666 0.027777777777777776
3 0.42233312129974365 0.5099325180053711 0.0140625 0.022222222222222223
4 0.4015612304210663 0.49493810534477234 0.013541666666666667 0.021296296296296296
4 0.283204585313797 0.48469826579093933 0.0140625 0.022222222222222223
3 0.30094993114471436 0.47404906153678894 0.013541666666666667 0.021296296296296296
1 0.3205379545688629 0.45778024196624756 0.011979166666666667 0.021296296296296296
2 0.6028715372085571 0.7888018488883972 0.0078125 0.012037037037037037
2 0.6932535767555237 0.7507539987564087 0.0046875 0.007407407407407408
2 0.7743114233016968 0.7149862051010132 0.005208333333333333 0.008333333333333333
2 0.7705081701278687 0.6111677289009094 0.005729166666666666 0.009259259259259259
2 0.7069688439369202 0.5705691576004028 0.005729166666666666 0.009259259259259259
2 0.651925802230835 0.534706711769104 0.005729166666666666 0.009259259259259259
2 0.39911848306655884 0.748106837272644 0.005729166666666666 0.009259259259259259
2 0.354015052318573 0.6860024929046631 0.005729166666666666 0.009259259259259259
2 0.3152397572994232 0.6330466270446777 0.005729166666666666 0.009259259259259259
2 0.25514429807662964 0.5506058931350708 0.0046875 0.007407407407407408
2 0.23031167685985565 0.5170178413391113 0.0046875 0.007407407407407408
2 0.20842912793159485 0.4878745675086975 0.0046875 0.007407407407407408
2 0.26644596457481384 0.438338041305542 0.0036458333333333334 0.006481481481481481
2 0.32672950625419617 0.42712458968162537 0.0036458333333333334 0.006481481481481481
2 0.3830384910106659 0.41583487391471863 0.0036458333333333334 0.006481481481481481
2 0.5617774724960327 0.4755237102508545 0.004166666666666667 0.007407407407407408
2 0.5234873294830322 0.45119479298591614 0.004166666666666667 0.007407407407407408
2 0.4893348515033722 0.4287267029285431 0.004166666666666667 0.007407407407407408
