1 0.4041069746017456 0.5976539254188538 0.0171875 0.02962962962962963
0 0.5878192186355591 0.6357539296150208 0.019270833333333334 0.03148148148148148
4 0.6253301501274109 0.5215351581573486 0.015104166666666667 0.025
4 0.5628781914710999 0.5255582332611084 0.015104166666666667 0.025
4 0.4754776060581207 0.44538044929504395 0.0125 0.021296296296296296
4 0.4335379898548126 0.4456598162651062 0.013020833333333334 0.021296296296296296
4 0.32752665877342224 0.49750930070877075 0.014583333333333334 0.023148148148148147
2 0.6529786586761475 0.7857426404953003 0.007291666666666667 0.011111111111111112
2 0.7551682591438293 0.7457937002182007 0.007291666666666667 0.011111111111111112
2 0.846350371837616 0.7109888195991516 0.007291666666666667 0.011111111111111112
2 0.8405705690383911 0.6092789769172668 0.00625 0.010185185185185186
2 0.76889568567276 0.5690173506736755 0.00625 0.010185185185185186
2 0.7071314454078674 0.5349162220954895 0.00625 0.010185185185185186
2 0.4263377785682678 0.7451895475387573 0.007291666666666667 0.011111111111111112
2 0.37565702199935913 0.685014545917511 0.007291666666666667 0.011111111111111112
2 0.3340523838996887 0.6335218548774719 0.007291666666666667 0.011111111111111112
2 0.2679397761821747 0.5540007948875427 0.005729166666666666 0.009259259259259259
2 0.24191664159297943 0.5229123830795288 0.005729166666666666 0.009259259259259259
2 0.2189096063375473 0.4939771294593811 0.0046875 0.009259259259259259
2 0.28184372186660767 0.4465106129646301 0.004166666666666667 0.006481481481481481
2 0.34797438979148865 0.43482282757759094 0.004166666666666667 0.006481481481481481
2 0.40954825282096863 0.4236144721508026 0.004166666666666667 0.006481481481481481
2 0.6064716577529907 0.4785199761390686 0.004166666666666667 0.006481481481481481
2 0.5641680359840393 0.4557919502258301 0.004166666666666667 0.006481481481481481
2 0.5262654423713684 0.43390846252441406 0.004166666666666667 0.006481481481481481
