1 0.5870608687400818 0.5799413323402405 0.0171875 0.02962962962962963
0 0.4003150165081024 0.6207823157310486 0.019270833333333334 0.03148148148148148
4 0.3636065721511841 0.5066961050033569 0.015104166666666667 0.025
4 0.42673569917678833 0.5097904205322266 0.015104166666666667 0.025
4 0.5161818265914917 0.42786863446235657 0.0125 0.021296296296296296
4 0.5587645769119263 0.42746809124946594 0.013020833333333334 0.021296296296296296
4 0.6660784482955933 0.4779713451862335 0.014583333333333334 0.023148148148148147
2 0.33284181356430054 0.7721080183982849 0.007291666666666667 0.011111111111111112
2 0.23020724952220917 0.7332627177238464 0.007291666666666667 0.011111111111111112
2 0.13886508345603943 0.6995360851287842 0.007291666666666667 0.011111111111111112
2 0.1457679122686386 0.5977134704589844 0.00625 0.010185185185185186
2 0.2182856947183609 0.5564061999320984 0.00625 0.010185185185185186
2 0.2808823883533478 0.5213412046432495 0.00625 0.010185185185185186
2 0.5628907680511475 0.7286954522132874 0.007291666666666667 0.011111111111111112
2 0.6150729060173035 0.6674932837486267 0.007291666666666667 0.011111111111111112
2 0.6579849123954773 0.6150802373886108 0.007291666666666667 0.011111111111111112
2 0.7262478470802307 0.5339967012405396 0.005729166666666666 0.009259259259259259
2 0.7531481385231018 0.5022559762001038 0.005729166666666666 0.009259259259259259
2 0.7769613862037659 0.472712904214859 0.0046875 0.009259259259259259
2 0.7131989598274231 0.4258546829223633 0.004166666666666667 0.006481481481481481
2 0.6459144353866577 0.41516268253326416 0.004166666666666667 0.006481481481481481
2 0.5833806395530701 0.40489718317985535 0.004166666666666667 0.006481481481481481
2 0.3831315338611603 0.4632458984851837 0.004166666666666667 0.006481481481481481
2 0.4261757433414459 0.43976059556007385 0.004166666666666667 0.006481481481481481
2 0.4647999405860901 0.41716885566711426 0.004166666666666667 0.006481481481481481
