3 0.5370672345161438 0.6942050457000732 0.020833333333333332 0.03518518518518519
3 0.4857104420661926 0.6031846404075623 0.017708333333333333 0.028703703703703703
3 0.4750356376171112 0.6281248927116394 0.018229166666666668 0.030555555555555555
0 0.3896128237247467 0.6816853284835815 0.020833333333333332 0.03333333333333333
3 0.33584797382354736 0.6953076124191284 0.020833333333333332 0.03333333333333333
4 0.3590852618217468 0.5508741140365601 0.016145833333333335 0.026851851851851852
4 0.42529043555259705 0.5552111864089966 0.016145833333333335 0.026851851851851852
1 0.4957044720649719 0.47662630677223206 0.0140625 0.023148148148148147
4 0.5246259570121765 0.4607623517513275 0.013541666666666667 0.023148148148148147
4 0.5696990489959717 0.46139341592788696 0.013541666666666667 0.023148148148148147
3 0.5838452577590942 0.4770006537437439 0.0140625 0.024074074074074074
4 0.6791807413101196 0.519935131072998 0.015625 0.025
2 0.3087887465953827 0.8541598916053772 0.00625 0.009259259259259259
2 0.2057441771030426 0.8086656928062439 0.00625 0.009259259259259259
2 0.11306241154670715 0.7707490921020508 0.00625 0.009259259259259259
2 0.12635427713394165 0.6552413105964661 0.00625 0.009259259259259259
2 0.20362307131290436 0.608089804649353 0.0046875 0.007407407407407408
2 0.27123013138771057 0.5685728192329407 0.0046875 0.007407407407407408
2 0.3822943866252899 0.5021892786026001 0.0046875 0.007407407407407408
2 0.5528897047042847 0.8066924214363098 0.005729166666666666 0.009259259259259259
2 0.611565887928009 0.7364932894706726 0.005729166666666666 0.009259259259259259
2 0.660050094127655 0.6786671280860901 0.005729166666666666 0.009259259259259259
2 0.7371823191642761 0.5859693884849548 0.0046875 0.007407407407407408
2 0.7686430215835571 0.547121524810791 0.0046875 0.007407407407407408
2 0.7965519428253174 0.5148364305496216 0.0046875 0.007407407407407408
2 0.732378363609314 0.4596538841724396 0.004166666666666667 0.006481481481481481
2 0.662910521030426 0.4474087357521057 0.004166666666666667 0.006481481481481481
2 0.5972937345504761 0.4351098835468292 0.004166666666666667 0.006481481481481481
2 0.4288947284221649 0.4739444851875305 0.003125 0.004629629629629629
2 0.4703405797481537 0.44926273822784424 0.004166666666666667 0.006481481481481481
