3 0.48159539699554443 0.6950504779815674 0.020833333333333332 0.03518518518518519
3 0.5335861444473267 0.6034865379333496 0.017708333333333333 0.028703703703703703
3 0.5440844297409058 0.6282282471656799 0.018229166666666668 0.030555555555555555
0 0.6284665465354919 0.6801641583442688 0.020833333333333332 0.03333333333333333
3 0.681246817111969 0.6927353739738464 0.020833333333333332 0.03333333333333333
4 0.6597211360931396 0.5501158833503723 0.016145833333333335 0.026851851851851852
4 0.5941465497016907 0.5550113320350647 0.016145833333333335 0.026851851851851852
1 0.5243858098983765 0.47687411308288574 0.0140625 0.023148148148148147
4 0.495407372713089 0.4610438346862793 0.013541666666666667 0.023148148148148147
4 0.4498898684978485 0.4618392884731293 0.013541666666666667 0.023148148148148147
3 0.43548527359962463 0.4776442348957062 0.0140625 0.024074074074074074
4 0.338182657957077 0.5216049551963806 0.015625 0.025
2 0.7061755657196045 0.8481616377830505 0.00625 0.009259259259259259
2 0.8065601587295532 0.8012582063674927 0.00625 0.009259259259259259
2 0.8959624171257019 0.7623816132545471 0.00625 0.009259259259259259
2 0.8848000168800354 0.650195837020874 0.00625 0.009259259259259259
2 0.8109890818595886 0.6050376296043396 0.0046875 0.007407407407407408
2 0.7457367181777954 0.5668437480926514 0.0046875 0.007407407407407408
2 0.6372180581092834 0.5018576979637146 0.0046875 0.007407407407407408
2 0.4651239514350891 0.8073681592941284 0.005729166666666666 0.009259259259259259
2 0.40631768107414246 0.7386568188667297 0.005729166666666666 0.009259259259259259
2 0.3572925627231598 0.6815550923347473 0.005729166666666666 0.009259259259259259
2 0.27848127484321594 0.5890457034111023 0.0046875 0.007407407407407408
2 0.24604293704032898 0.5499125719070435 0.0046875 0.007407407407407408
2 0.21712160110473633 0.5172433853149414 0.0046875 0.007407407407407408
2 0.28360530734062195 0.4606534540653229 0.004166666666666667 0.006481481481481481
2 0.35504114627838135 0.4479829668998718 0.004166666666666667 0.006481481481481481
2 0.42201825976371765 0.4353627860546112 0.004166666666666667 0.006481481481481481
2 0.591184675693512 0.4738973379135132 0.003125 0.004629629629629629
2 0.5499857068061829 0.4493155777454376 0.004166666666666667 0.006481481481481481
