3 0.5498363375663757 0.5788895487785339 0.013020833333333334 0.012962962962962963
4 0.5621650218963623 0.5822998881340027 0.011979166666666667 0.011111111111111112
4 0.5501448512077332 0.5866784453392029 0.013020833333333334 0.012962962962962963
3 0.5742784738540649 0.5870221257209778 0.0140625 0.012962962962962963
0 0.5627332329750061 0.590099036693573 0.013020833333333334 0.011111111111111112
3 0.5504534244537354 0.594470739364624 0.0125 0.012962962962962963
4 0.5869368314743042 0.5913205742835999 0.013020833333333334 0.012962962962962963
3 0.575361967086792 0.5943970680236816 0.011979166666666667 0.012037037037037037
3 0.5635585188865662 0.5979011654853821 0.0125 0.012037037037037037
4 0.5515366792678833 0.603131115436554 0.013020833333333334 0.01574074074074074
3 0.5999265909194946 0.6004181504249573 0.013020833333333334 0.023148148148148147
4 0.588068425655365 0.6043595671653748 0.0140625 0.023148148148148147
3 0.5764907598495483 0.6078574657440186 0.0140625 0.023148148148148147
4 0.5649381875991821 0.6113479137420654 0.013541666666666667 0.023148148148148147
4 0.5526441931724548 0.6152649521827698 0.014583333333333334 0.024074074074074074
1 0.3994867205619812 0.47881022095680237 0.011458333333333333 0.016666666666666666
2 0.5883557796478271 0.7098590731620789 0.00625 0.010185185185185186
2 0.6644849181175232 0.6810331344604492 0.00625 0.010185185185185186
2 0.7342560887336731 0.6544356942176819 0.00625 0.010185185185185186
2 0.7357415556907654 0.5727587938308716 0.00625 0.010185185185185186
2 0.6841410398483276 0.5405974984169006 0.00625 0.010185185185185186
2 0.6399251818656921 0.5113430619239807 0.004166666666666667 0.007407407407407408
2 0.5682584643363953 0.46509116888046265 0.004166666666666667 0.007407407407407408
2 0.5379816293716431 0.4462362229824066 0.004166666666666667 0.007407407407407408
2 0.5112175941467285 0.4295869469642639 0.004166666666666667 0.007407407407407408
2 0.42808499932289124 0.42018744349479675 0.0020833333333333333 0.003703703703703704
2 0.42704910039901733 0.6710947155952454 0.00625 0.010185185185185186
2 0.3942304253578186 0.6235091686248779 0.00625 0.010185185185185186
2 0.3668968379497528 0.5835406184196472 0.00625 0.010185185185185186
2 0.3238294720649719 0.5203740000724792 0.00625 0.010185185185185186
2 0.30723220109939575 0.49657073616981506 0.00625 0.010185185185185186
2 0.29192230105400085 0.47411471605300903 0.004166666666666667 0.006481481481481481
2 0.3371371924877167 0.43763312697410583 0.004166666666666667 0.006481481481481481
2 0.3837621808052063 0.4282885789871216 0.004166666666666667 0.006481481481481481
