4 0.5827026963233948 0.7241345643997192 0.019270833333333334 0.032407407407407406
4 0.8640413880348206 0.6439235210418701 0.018229166666666668 0.026851851851851852
4 0.8561541438102722 0.6575803160667419 0.018229166666666668 0.027777777777777776
3 0.7599704265594482 0.6511749625205994 0.017708333333333333 0.026851851851851852
0 0.6868186593055725 0.6441550850868225 0.0171875 0.027777777777777776
3 0.610827624797821 0.704894483089447 0.018229166666666668 0.02962962962962963
4 0.5466718077659607 0.5754575133323669 0.015104166666666667 0.025
3 0.5637222528457642 0.5794066190719604 0.015104166666666667 0.024074074074074074
3 0.622665524482727 0.5640637278556824 0.015104166666666667 0.024074074074074074
3 0.5830457806587219 0.5560479164123535 0.014583333333333334 0.023148148148148147
4 0.6361052393913269 0.49202966690063477 0.013020833333333334 0.020370370370370372
3 0.5983604788780212 0.46334171295166016 0.011979166666666667 0.018518518518518517
4 0.5597698092460632 0.45114848017692566 0.011979166666666667 0.020370370370370372
4 0.5152953863143921 0.4185630977153778 0.009895833333333333 0.01574074074074074
3 0.518062949180603 0.42435765266418457 0.010416666666666666 0.017592592592592594
1 0.3690146505832672 0.45191001892089844 0.011458333333333333 0.019444444444444445
2 0.7253062725067139 0.7772165536880493 0.007291666666666667 0.012037037037037037
2 0.8080447316169739 0.7447940111160278 0.007291666666666667 0.012037037037037037
2 0.8852575421333313 0.7166736721992493 0.007291666666666667 0.012037037037037037
2 0.8728047013282776 0.6163524389266968 0.007291666666666667 0.012037037037037037
2 0.8072348833084106 0.5711714029312134 0.007291666666666667 0.012037037037037037
2 0.7502971887588501 0.5336101055145264 0.007291666666666667 0.012037037037037037
2 0.5314821004867554 0.7236800789833069 0.007291666666666667 0.012037037037037037
2 0.48412659764289856 0.6644842028617859 0.007291666666666667 0.012037037037037037
2 0.44387462735176086 0.6126686334609985 0.007291666666666667 0.012037037037037037
2 0.3817324638366699 0.5312567353248596 0.007291666666666667 0.012037037037037037
2 0.356330931186676 0.5010493993759155 0.007291666666666667 0.012037037037037037
2 0.3806549310684204 0.4266893267631531 0.007291666666666667 0.012037037037037037
2 0.4338972270488739 0.4182576835155487 0.007291666666666667 0.012037037037037037
2 0.4845470190048218 0.409720778465271 0.007291666666666667 0.012037037037037037
2 0.5841846466064453 0.42490142583847046 0.007291666666666667 0.012037037037037037
2 0.6193660497665405 0.4476909935474396 0.007291666666666667 0.012037037037037037
2 0.6574720740318298 0.47284021973609924 0.007291666666666667 0.012037037037037037
