4 0.39099666476249695 0.7091357111930847 0.019270833333333334 0.032407407407407406
4 0.10953693091869354 0.6200281977653503 0.018229166666666668 0.026851851851851852
4 0.11743240058422089 0.6336970925331116 0.018229166666666668 0.027777777777777776
3 0.21300798654556274 0.6307904720306396 0.017708333333333333 0.026851851851851852
0 0.28594622015953064 0.6264567971229553 0.0171875 0.027777777777777776
3 0.3625679612159729 0.6890804767608643 0.018229166666666668 0.02962962962962963
4 0.42576828598976135 0.5636182427406311 0.015104166666666667 0.025
3 0.4086821377277374 0.5669333934783936 0.015104166666666667 0.024074074074074074
3 0.34944629669189453 0.549846351146698 0.015104166666666667 0.024074074074074074
3 0.3890703320503235 0.5432807803153992 0.014583333333333334 0.023148148148148147
4 0.33537596464157104 0.47864073514938354 0.013020833333333334 0.020370370370370372
3 0.37286999821662903 0.4516778588294983 0.011979166666666667 0.018518518518518517
4 0.411404550075531 0.44090816378593445 0.011979166666666667 0.020370370370370372
4 0.45568910241127014 0.41027531027793884 0.009895833333333333 0.01574074074074074
3 0.45297083258628845 0.41588130593299866 0.010416666666666666 0.017592592592592594
1 0.6034353375434875 0.4475885033607483 0.011458333333333333 0.019444444444444445
2 0.24849338829517365 0.7562258243560791 0.007291666666666667 0.012037037037037037
2 0.16574402153491974 0.7211447358131409 0.007291666666666667 0.012037037037037037
2 0.08887895196676254 0.6906518340110779 0.007291666666666667 0.012037037037037037
2 0.1007068008184433 0.5927088260650635 0.007291666666666667 0.012037037037037037
2 0.16548195481300354 0.5506666898727417 0.007291666666666667 0.012037037037037037
2 0.22182807326316833 0.5157408714294434 0.007291666666666667 0.012037037037037037
2 0.4425424039363861 0.7105896472930908 0.007291666666666667 0.012037037037037037
2 0.4896647036075592 0.6537227034568787 0.007291666666666667 0.012037037037037037
2 0.5297175049781799 0.6038834452629089 0.007291666666666667 0.012037037037037037
2 0.5915603637695312 0.5255075097084045 0.007291666666666667 0.012037037037037037
2 0.6168869137763977 0.49649330973625183 0.007291666666666667 0.012037037037037037
2 0.5913589596748352 0.4223688244819641 0.007291666666666667 0.012037037037037037
2 0.5375468134880066 0.4124436676502228 0.007291666666666667 0.012037037037037037
2 0.4864816665649414 0.40251949429512024 0.007291666666666667 0.012037037037037037
2 0.38670191168785095 0.41440728306770325 0.007291666666666667 0.012037037037037037
2 0.3517206907272339 0.43567636609077454 0.007291666666666667 0.012037037037037037
2 0.3138720691204071 0.459147185087204 0.007291666666666667 0.012037037037037037
