3 0.2721509337425232 0.6585912704467773 0.0171875 0.025925925925925925
4 0.36574217677116394 0.5915554761886597 0.015104166666666667 0.025925925925925925
4 0.43921005725860596 0.5992438793182373 0.015104166666666667 0.025
4 0.4607061445713043 0.6086605787277222 0.015625 0.026851851851851852
4 0.4853590428829193 0.6825714707374573 0.017708333333333333 0.030555555555555555
0 0.5622798800468445 0.6519757509231567 0.0171875 0.027777777777777776
4 0.728776216506958 0.5552348494529724 0.015104166666666667 0.024074074074074074
3 0.6994242072105408 0.6001521944999695 0.015104166666666667 0.020370370370370372
4 0.699851930141449 0.5623239874839783 0.014583333333333334 0.023148148148148147
1 0.6793768405914307 0.5154083371162415 0.013020833333333334 0.021296296296296296
3 0.6533195376396179 0.5471165180206299 0.0140625 0.022222222222222223
3 0.563513457775116 0.5425571203231812 0.013541666666666667 0.022222222222222223
3 0.5040281414985657 0.5529454350471497 0.0140625 0.023148148148148147
3 0.5191571712493896 0.4870885908603668 0.011979166666666667 0.019444444444444445
3 0.5532023310661316 0.48252856731414795 0.011979166666666667 0.019444444444444445
4 0.57613605260849 0.45197734236717224 0.011458333333333333 0.017592592592592594
2 0.4202825427055359 0.7625843286514282 0.007291666666666667 0.011111111111111112
2 0.3393729627132416 0.7221781015396118 0.007291666666666667 0.011111111111111112
2 0.26626402139663696 0.6864601373672485 0.007291666666666667 0.011111111111111112
2 0.2737399935722351 0.5980547070503235 0.007291666666666667 0.011111111111111112
2 0.3297068178653717 0.563344419002533 0.007291666666666667 0.011111111111111112
2 0.3799256682395935 0.5338265299797058 0.007291666666666667 0.011111111111111112
2 0.46538257598876953 0.48764675855636597 0.007291666666666667 0.011111111111111112
2 0.5012643933296204 0.46646955609321594 0.007291666666666667 0.011111111111111112
2 0.5352184176445007 0.4460584223270416 0.007291666666666667 0.011111111111111112
2 0.6101251244544983 0.7390798330307007 0.007291666666666667 0.011111111111111112
2 0.6559774875640869 0.6857183575630188 0.007291666666666667 0.011111111111111112
2 0.6954879760742188 0.6407722234725952 0.007291666666666667 0.011111111111111112
2 0.7572494149208069 0.5685411095619202 0.007291666666666667 0.011111111111111112
2 0.7831999659538269 0.5380625128746033 0.007291666666666667 0.011111111111111112
2 0.8056668043136597 0.5116511583328247 0.007291666666666667 0.011111111111111112
2 0.750095009803772 0.4641397297382355 0.007291666666666667 0.011111111111111112
2 0.6903053522109985 0.45003005862236023 0.007291666666666667 0.011111111111111112
2 0.6366488337516785 0.43935441970825195 0.007291666666666667 0.011111111111111112
