3 0.27173492312431335 0.6564900875091553 0.0171875 0.025925925925925925
4 0.3700706362724304 0.587722659111023 0.015104166666666667 0.025925925925925925
4 0.4458863437175751 0.5975518226623535 0.015104166666666667 0.025
4 0.46790173649787903 0.6079779863357544 0.015625 0.026851851851851852
4 0.49204105138778687 0.6864587068557739 0.017708333333333333 0.030555555555555555
0 0.5717111825942993 0.655888557434082 0.0171875 0.027777777777777776
4 0.7436714172363281 0.5581103563308716 0.015104166666666667 0.024074074074074074
3 0.7130118012428284 0.6045131087303162 0.015104166666666667 0.020370370370370372
4 0.7140517830848694 0.5648514628410339 0.014583333333333334 0.023148148148148147
1 0.6938954591751099 0.5151645541191101 0.013020833333333334 0.021296296296296296
3 0.6667522192001343 0.5477849841117859 0.0140625 0.022222222222222223
3 0.574811577796936 0.5408189296722412 0.013541666666666667 0.022222222222222223
3 0.5134947299957275 0.5503044128417969 0.0140625 0.023148148148148147
3 0.5301796793937683 0.48138976097106934 0.011979166666666667 0.019444444444444445
3 0.5652333498001099 0.47746899724006653 0.011979166666666667 0.019444444444444445
4 0.5892748236656189 0.44597458839416504 0.011458333333333333 0.017592592592592594
2 0.42346158623695374 0.7696011066436768 0.007291666666666667 0.011111111111111112
2 0.34038740396499634 0.7252402305603027 0.007291666666666667 0.011111111111111112
2 0.2650953233242035 0.6858824491500854 0.007291666666666667 0.011111111111111112
2 0.2745075821876526 0.5924381017684937 0.007291666666666667 0.011111111111111112
2 0.33324387669563293 0.5570626854896545 0.007291666666666667 0.011111111111111112
2 0.38578206300735474 0.5271202325820923 0.007291666666666667 0.011111111111111112
2 0.47482171654701233 0.48059913516044617 0.007291666666666667 0.011111111111111112
2 0.5121299028396606 0.4592428207397461 0.007291666666666667 0.011111111111111112
2 0.5473802089691162 0.43867745995521545 0.007291666666666667 0.011111111111111112
2 0.6193726062774658 0.7485701441764832 0.007291666666666667 0.011111111111111112
2 0.667223334312439 0.6933929324150085 0.007291666666666667 0.011111111111111112
2 0.7083433866500854 0.6470440626144409 0.007291666666666667 0.011111111111111112
2 0.7724753022193909 0.5727253556251526 0.007291666666666667 0.011111111111111112
2 0.7993595004081726 0.5414382219314575 0.007291666666666667 0.011111111111111112
2 0.8226044178009033 0.5143613219261169 0.007291666666666667 0.011111111111111112
2 0.7668213248252869 0.46325936913490295 0.007291666666666667 0.011111111111111112
2 0.706100344657898 0.4469314515590668 0.007291666666666667 0.011111111111111112
2 0.6514542698860168 0.43432870507240295 0.007291666666666667 0.011111111111111112
