3 0.28665828704833984 0.6556606292724609 0.0171875 0.025925925925925925
4 0.38596075773239136 0.5793288350105286 0.015104166666666667 0.025925925925925925
4 0.4615493714809418 0.5852417349815369 0.015104166666666667 0.025
4 0.4834211468696594 0.5946817994117737 0.015625 0.026851851851851852
4 0.5074896216392517 0.6736588478088379 0.017708333333333333 0.030555555555555555
0 0.5862249732017517 0.637778103351593 0.0171875 0.027777777777777776
4 0.753286600112915 0.5295077562332153 0.015104166666666667 0.024074074074074074
3 0.7240791320800781 0.5778389573097229 0.015104166666666667 0.020370370370370372
4 0.7246773838996887 0.5378140211105347 0.014583333333333334 0.023148148148148147
1 0.704637885093689 0.48892098665237427 0.013020833333333334 0.021296296296296296
3 0.6785682439804077 0.5230758190155029 0.0140625 0.022222222222222223
3 0.5887069702148438 0.5207696557044983 0.013541666666666667 0.022222222222222223
3 0.5284383296966553 0.5335463285446167 0.0140625 0.023148148148148147
3 0.5446628332138062 0.46302810311317444 0.011979166666666667 0.019444444444444445
3 0.5790205597877502 0.4573737382888794 0.011979166666666667 0.019444444444444445
4 0.6023597717285156 0.42460155487060547 0.011458333333333333 0.017592592592592594
2 0.4390515089035034 0.7636005282402039 0.007291666666666667 0.011111111111111112
2 0.35561370849609375 0.7227658033370972 0.007291666666666667 0.011111111111111112
2 0.2797137498855591 0.6865023970603943 0.007291666666666667 0.011111111111111112
2 0.2899235486984253 0.5894148945808411 0.007291666666666667 0.011111111111111112
2 0.34920546412467957 0.5499283075332642 0.007291666666666667 0.011111111111111112
2 0.4018233120441437 0.516608476638794 0.007291666666666667 0.011111111111111112
2 0.49015986919403076 0.46493998169898987 0.007291666666666667 0.011111111111111112
2 0.5268662571907043 0.4415908455848694 0.007291666666666667 0.011111111111111112
2 0.5613791346549988 0.41924768686294556 0.007291666666666667 0.011111111111111112
2 0.6337242126464844 0.7297757863998413 0.007291666666666667 0.011111111111111112
2 0.680279552936554 0.6705284118652344 0.007291666666666667 0.011111111111111112
2 0.7199772000312805 0.6211031079292297 0.007291666666666667 0.011111111111111112
2 0.781289279460907 0.5426947474479675 0.007291666666666667 0.011111111111111112
2 0.8067805171012878 0.5099606513977051 0.007291666666666667 0.011111111111111112
2 0.8287218809127808 0.4817596971988678 0.007291666666666667 0.011111111111111112
2 0.774480938911438 0.43352195620536804 0.007291666666666667 0.011111111111111112
2 0.7157828211784363 0.42009466886520386 0.007291666666666667 0.011111111111111112
2 0.6627746820449829 0.41005364060401917 0.007291666666666667 0.011111111111111112
