3 0.7216792702674866 0.661501407623291 0.0171875 0.025925925925925925
4 0.6262149810791016 0.5891672968864441 0.015104166666666667 0.025925925925925925
4 0.5531153082847595 0.5962684154510498 0.015104166666666667 0.025
4 0.5318767428398132 0.605895459651947 0.015625 0.026851851851851852
4 0.5085081458091736 0.6837480664253235 0.017708333333333333 0.030555555555555555
0 0.4314422905445099 0.6501654982566833 0.0171875 0.027777777777777776
4 0.2662435472011566 0.546347439289093 0.015104166666666667 0.024074074074074074
3 0.2952671945095062 0.5936775803565979 0.015104166666666667 0.020370370370370372
4 0.29470235109329224 0.5541083216667175 0.014583333333333334 0.023148148148148147
1 0.31462690234184265 0.5055127739906311 0.013020833333333334 0.021296296296296296
3 0.3404311239719391 0.5388304591178894 0.0140625 0.022222222222222223
3 0.4289776384830475 0.5351913571357727 0.013541666666666667 0.022222222222222223
3 0.4879675507545471 0.5467984676361084 0.0140625 0.023148148148148147
3 0.4720814824104309 0.47794947028160095 0.011979166666666667 0.019444444444444445
3 0.4384599030017853 0.47283267974853516 0.011979166666666667 0.019444444444444445
4 0.4155583679676056 0.44094741344451904 0.011458333333333333 0.017592592592592594
2 0.5751566290855408 0.7702518105506897 0.007291666666666667 0.011111111111111112
2 0.6556918621063232 0.7283027172088623 0.007291666666666667 0.011111111111111112
2 0.7283878922462463 0.6912945508956909 0.007291666666666667 0.011111111111111112
2 0.7184054255485535 0.5972830057144165 0.007291666666666667 0.011111111111111112
2 0.6615275740623474 0.5599443912506104 0.007291666666666667 0.011111111111111112
2 0.6108182072639465 0.5283361673355103 0.007291666666666667 0.011111111111111112
2 0.5252010226249695 0.47913846373558044 0.007291666666666667 0.011111111111111112
2 0.48944026231765747 0.4567514657974243 0.007291666666666667 0.011111111111111112
2 0.45571860671043396 0.43525972962379456 0.007291666666666667 0.011111111111111112
2 0.3846918046474457 0.7418974041938782 0.007291666666666667 0.011111111111111112
2 0.3386753797531128 0.6844555735588074 0.007291666666666667 0.011111111111111112
2 0.2993127405643463 0.6364039778709412 0.007291666666666667 0.011111111111111112
2 0.2382943332195282 0.5598593354225159 0.007291666666666667 0.011111111111111112
2 0.21284480392932892 0.5278000235557556 0.007291666666666667 0.011111111111111112
2 0.19090132415294647 0.500132143497467 0.007291666666666667 0.011111111111111112
2 0.2452143132686615 0.45165157318115234 0.007291666666666667 0.011111111111111112
2 0.3036174476146698 0.4377363622188568 0.007291666666666667 0.011111111111111112
2 0.35607993602752686 0.42728766798973083 0.007291666666666667 0.011111111111111112
