3 0.7238337993621826 0.6639286875724792 0.0171875 0.025925925925925925
4 0.6288461089134216 0.5896742939949036 0.015104166666666667 0.025925925925925925
4 0.5546834468841553 0.5967788696289062 0.015104166666666667 0.025
4 0.5330254435539246 0.6066250205039978 0.015625 0.026851851851851852
4 0.5085234045982361 0.6863458156585693 0.017708333333333333 0.030555555555555555
0 0.4306727647781372 0.6518738865852356 0.0171875 0.027777777777777776
4 0.26218706369400024 0.5442777276039124 0.015104166666666667 0.024074074074074074
3 0.2919895052909851 0.593413770198822 0.015104166666666667 0.020370370370370372
4 0.2913975119590759 0.5524351000785828 0.014583333333333334 0.023148148148148147
1 0.31185245513916016 0.5019818544387817 0.013020833333333334 0.021296296296296296
3 0.3382810950279236 0.5367414951324463 0.0140625 0.022222222222222223
3 0.4288865625858307 0.5332962870597839 0.013541666666666667 0.022222222222222223
3 0.4889835715293884 0.5455358624458313 0.0140625 0.023148148148148147
3 0.47337090969085693 0.4739777743816376 0.011979166666666667 0.019444444444444445
3 0.4389939606189728 0.46848034858703613 0.011979166666666667 0.019444444444444445
4 0.41570597887039185 0.4350433945655823 0.011458333333333333 0.017592592592592594
2 0.5747278332710266 0.7742699980735779 0.007291666666666667 0.011111111111111112
2 0.6562803983688354 0.7317853569984436 0.007291666666666667 0.011111111111111112
2 0.7299646139144897 0.6942622661590576 0.007291666666666667 0.011111111111111112
2 0.7218382358551025 0.5982571840286255 0.007291666666666667 0.011111111111111112
2 0.6650764346122742 0.5597035884857178 0.007291666666666667 0.011111111111111112
2 0.6141794323921204 0.5268898010253906 0.007291666666666667 0.011111111111111112
2 0.5276440978050232 0.4754701256752014 0.007291666666666667 0.011111111111111112
2 0.4913191795349121 0.45195719599723816 0.007291666666666667 0.011111111111111112
2 0.45695504546165466 0.429312527179718 0.007291666666666667 0.011111111111111112
2 0.38277050852775574 0.7455351948738098 0.007291666666666667 0.011111111111111112
2 0.33621832728385925 0.6868806481361389 0.007291666666666667 0.011111111111111112
2 0.29613494873046875 0.6374926567077637 0.007291666666666667 0.011111111111111112
2 0.23351693153381348 0.5582121014595032 0.007291666666666667 0.011111111111111112
2 0.2072233408689499 0.5247828960418701 0.007291666666666667 0.011111111111111112
2 0.1844676434993744 0.49582552909851074 0.007291666666666667 0.011111111111111112
2 0.2403186410665512 0.44533851742744446 0.007291666666666667 0.011111111111111112
2 0.3005481958389282 0.4310596287250519 0.007291666666666667 0.011111111111111112
2 0.35461094975471497 0.42039376497268677 0.007291666666666667 0.011111111111111112
