3 0.2766159176826477 0.6387253999710083 0.0171875 0.025925925925925925
4 0.3746985197067261 0.5660577416419983 0.015104166666666667 0.025925925925925925
4 0.44941577315330505 0.5726142525672913 0.015104166666666667 0.025
4 0.47102221846580505 0.5820601582527161 0.015625 0.026851851851851852
4 0.4938586354255676 0.6592739820480347 0.017708333333333333 0.030555555555555555
0 0.5730246901512146 0.6253981590270996 0.0171875 0.027777777777777776
4 0.74416184425354 0.5206376314163208 0.015104166666666667 0.024074074074074074
3 0.7133615016937256 0.5681671500205994 0.015104166666666667 0.020370370370370372
4 0.7148033380508423 0.528615415096283 0.014583333333333334 0.023148148148148147
1 0.6954018473625183 0.48003488779067993 0.013020833333333334 0.021296296296296296
3 0.668226420879364 0.513649046421051 0.0140625 0.022222222222222223
3 0.5774663090705872 0.5106493830680847 0.013541666666666667 0.022222222222222223
3 0.5167941451072693 0.5227060914039612 0.0140625 0.023148148148148147
3 0.5341266393661499 0.4534838795661926 0.011979166666666667 0.019444444444444445
3 0.568768322467804 0.4480852782726288 0.011979166666666667 0.019444444444444445
4 0.592868447303772 0.4157774746417999 0.011458333333333333 0.017592592592592594
2 0.4249235689640045 0.7452036142349243 0.007291666666666667 0.011111111111111112
2 0.3434021770954132 0.7043958306312561 0.007291666666666667 0.011111111111111112
2 0.269609272480011 0.6683084964752197 0.007291666666666667 0.011111111111111112
2 0.28033071756362915 0.5748187303543091 0.007291666666666667 0.011111111111111112
2 0.33880138397216797 0.5371227860450745 0.007291666666666667 0.011111111111111112
2 0.3910563290119171 0.5051083564758301 0.007291666666666667 0.011111111111111112
2 0.4795188009738922 0.4550727307796478 0.007291666666666667 0.011111111111111112
2 0.5165952444076538 0.4322647154331207 0.007291666666666667 0.011111111111111112
2 0.551622748374939 0.4103359580039978 0.007291666666666667 0.011111111111111112
2 0.6191022396087646 0.7159162163734436 0.007291666666666667 0.011111111111111112
2 0.6670992374420166 0.6587703227996826 0.007291666666666667 0.011111111111111112
2 0.7082973718643188 0.6107702255249023 0.007291666666666667 0.011111111111111112
2 0.7725059390068054 0.5339600443840027 0.007291666666666667 0.011111111111111112
2 0.799399197101593 0.5016583204269409 0.007291666666666667 0.011111111111111112
2 0.8226404786109924 0.4737183749675751 0.007291666666666667 0.011111111111111112
2 0.7679875493049622 0.42530930042266846 0.007291666666666667 0.011111111111111112
2 0.7081773281097412 0.4117027223110199 0.007291666666666667 0.011111111111111112
2 0.6543647646903992 0.401542067527771 0.007291666666666667 0.011111111111111112
