4 0.22009944915771484 0.5953242182731628 0.018229166666666668 0.023148148148148147
1 0.31454652547836304 0.5732299089431763 0.0171875 0.026851851851851852
3 0.5448707938194275 0.5699306130409241 0.0171875 0.025925925925925925
3 0.4878641963005066 0.5377427935600281 0.015625 0.025
0 0.4442754089832306 0.5803078413009644 0.0171875 0.027777777777777776
3 0.38622257113456726 0.545318603515625 0.016145833333333335 0.025925925925925925
3 0.4285353422164917 0.4912053942680359 0.0140625 0.022222222222222223
3 0.4681960642337799 0.45773419737815857 0.013541666666666667 0.020370370370370372
3 0.6027958989143372 0.4030013978481293 0.011458333333333333 0.018518518518518517
2 0.3961009979248047 0.7007184624671936 0.0078125 0.012037037037037037
2 0.31365472078323364 0.6640352010726929 0.0078125 0.012037037037037037
2 0.24133752286434174 0.6332271099090576 0.0078125 0.012037037037037037
2 0.25530141592025757 0.5465192198753357 0.005729166666666666 0.009259259259259259
2 0.31851595640182495 0.5120084285736084 0.005729166666666666 0.009259259259259259
2 0.3737693130970001 0.4835556447505951 0.005729166666666666 0.009259259259259259
2 0.4646453857421875 0.43606072664260864 0.005729166666666666 0.009259259259259259
2 0.5031834244728088 0.41603517532348633 0.005729166666666666 0.009259259259259259
2 0.5366204380989075 0.39874568581581116 0.005729166666666666 0.009259259259259259
2 0.5956844091415405 0.6691135168075562 0.007291666666666667 0.012037037037037037
2 0.6442219018936157 0.6168485879898071 0.007291666666666667 0.012037037037037037
2 0.685192346572876 0.5732930898666382 0.007291666666666667 0.012037037037037037
2 0.7501506209373474 0.5052616000175476 0.007291666666666667 0.012037037037037037
2 0.7761792540550232 0.4762730896472931 0.007291666666666667 0.012037037037037037
2 0.7999818325042725 0.4521738588809967 0.007291666666666667 0.012037037037037037
2 0.7477189302444458 0.41008514165878296 0.0036458333333333334 0.006481481481481481
2 0.6912328004837036 0.4006110727787018 0.0036458333333333334 0.006481481481481481
2 0.638360857963562 0.39020195603370667 0.0036458333333333334 0.006481481481481481
