4 0.7947960495948792 0.586113691329956 0.018229166666666668 0.023148148148148147
1 0.6993191838264465 0.566379964351654 0.0171875 0.026851851851851852
3 0.46478304266929626 0.5667834281921387 0.0171875 0.025925925925925925
3 0.5232150554656982 0.5348708033561707 0.015625 0.025
0 0.5672838687896729 0.5752049684524536 0.0171875 0.027777777777777776
3 0.6267692446708679 0.5406262278556824 0.016145833333333335 0.025925925925925925
3 0.584206223487854 0.48902803659439087 0.0140625 0.022222222222222223
3 0.54399174451828 0.45719507336616516 0.013541666666666667 0.020370370370370372
3 0.40635204315185547 0.4059048593044281 0.011458333333333333 0.018518518518518517
2 0.6149988174438477 0.6897820830345154 0.0078125 0.012037037037037037
2 0.6989898085594177 0.6533837914466858 0.0078125 0.012037037037037037
2 0.7726742029190063 0.622751772403717 0.0078125 0.012037037037037037
2 0.7598769068717957 0.5397866368293762 0.005729166666666666 0.009259259259259259
2 0.6961142420768738 0.5074920654296875 0.005729166666666666 0.009259259259259259
2 0.6401767730712891 0.48082637786865234 0.005729166666666666 0.009259259259259259
2 0.5478173494338989 0.43611741065979004 0.005729166666666666 0.009259259259259259
2 0.5085106492042542 0.41720297932624817 0.005729166666666666 0.009259259259259259
2 0.4743390381336212 0.4008430540561676 0.005729166666666666 0.009259259259259259
2 0.4124067425727844 0.6628934144973755 0.007291666666666667 0.012037037037037037
2 0.36308372020721436 0.6135173439979553 0.007291666666666667 0.012037037037037037
2 0.3212827444076538 0.5722140669822693 0.007291666666666667 0.012037037037037037
2 0.2546968162059784 0.507414698600769 0.007291666666666667 0.012037037037037037
2 0.22790750861167908 0.4796668291091919 0.007291666666666667 0.012037037037037037
2 0.20335769653320312 0.45657971501350403 0.007291666666666667 0.012037037037037037
2 0.25717952847480774 0.41483038663864136 0.0036458333333333334 0.006481481481481481
2 0.3153817355632782 0.40480276942253113 0.0036458333333333334 0.006481481481481481
2 0.3698311150074005 0.3939193785190582 0.0036458333333333334 0.006481481481481481
