4 0.7973607182502747 0.6116268634796143 0.018229166666666668 0.023148148148148147
1 0.7004051208496094 0.5892670750617981 0.0171875 0.026851851851851852
3 0.46426764130592346 0.5832579135894775 0.0171875 0.025925925925925925
3 0.5226083397865295 0.5531072020530701 0.015625 0.025
0 0.5674183964729309 0.5944510102272034 0.0171875 0.027777777777777776
3 0.6268137693405151 0.5616216659545898 0.016145833333333335 0.025925925925925925
3 0.583263099193573 0.5092484951019287 0.0140625 0.022222222222222223
3 0.5425240993499756 0.47670814394950867 0.013541666666666667 0.020370370370370372
3 0.40453967452049255 0.4226803183555603 0.011458333333333333 0.018518518518518517
2 0.6172314882278442 0.7106073498725891 0.0078125 0.012037037037037037
2 0.701686441898346 0.676408052444458 0.0078125 0.012037037037037037
2 0.7757483720779419 0.6477330327033997 0.0078125 0.012037037037037037
2 0.761039674282074 0.5643875598907471 0.005729166666666666 0.009259259259259259
2 0.6960898041725159 0.5305315852165222 0.005729166666666666 0.009259259259259259
2 0.6393547654151917 0.502593994140625 0.005729166666666666 0.009259259259259259
2 0.5460953116416931 0.45600366592407227 0.005729166666666666 0.009259259259259259
2 0.5065681338310242 0.43636733293533325 0.005729166666666666 0.009259259259259259
2 0.47228318452835083 0.4194169044494629 0.005729166666666666 0.009259259259259259
2 0.41240400075912476 0.6777759194374084 0.007291666666666667 0.012037037037037037
2 0.3625299334526062 0.6270220875740051 0.007291666666666667 0.012037037037037037
2 0.32046106457710266 0.5847482681274414 0.007291666666666667 0.012037037037037037
2 0.2538161277770996 0.5187594294548035 0.007291666666666667 0.012037037037037037
2 0.2271280288696289 0.4906809628009796 0.007291666666666667 0.012037037037037037
2 0.2027340978384018 0.46732062101364136 0.007291666666666667 0.012037037037037037
2 0.25619256496429443 0.427687406539917 0.0036458333333333334 0.006481481481481481
2 0.31400027871131897 0.41931429505348206 0.0036458333333333334 0.006481481481481481
2 0.3681047260761261 0.41000300645828247 0.0036458333333333334 0.006481481481481481
