4 0.6475722193717957 0.7787243723869324 0.0234375 0.03796296296296296
4 0.7118323445320129 0.5803881883621216 0.018229166666666668 0.02962962962962963
3 0.6305847764015198 0.5322204232215881 0.016666666666666666 0.025
3 0.632636308670044 0.5552334785461426 0.016666666666666666 0.027777777777777776
4 0.6344203948974609 0.6620944142341614 0.0203125 0.032407407407407406
3 0.6115782260894775 0.6916729807853699 0.0203125 0.03425925925925926
3 0.5626038908958435 0.7852302193641663 0.0234375 0.037037037037037035
3 0.49274545907974243 0.6854929327964783 0.0203125 0.03518518518518519
4 0.47158366441726685 0.47023525834083557 0.015104166666666667 0.025
3 0.5383592844009399 0.5104290246963501 0.015625 0.025
1 0.49232468008995056 0.5392037630081177 0.016666666666666666 0.027777777777777776
0 0.4343492388725281 0.5980997085571289 0.01875 0.02962962962962963
4 0.3041692078113556 0.6039935946464539 0.01875 0.030555555555555555
3 0.31277382373809814 0.45735448598861694 0.0140625 0.023148148148148147
2 0.6779863834381104 0.8159307837486267 0.0067708333333333336 0.011111111111111112
2 0.7705752849578857 0.7656768560409546 0.0067708333333333336 0.011111111111111112
2 0.8527252674102783 0.7203706502914429 0.0067708333333333336 0.011111111111111112
2 0.8284662365913391 0.609137773513794 0.0046875 0.007407407407407408
2 0.7506610155105591 0.5685745477676392 0.0046875 0.007407407407407408
2 0.6821654438972473 0.5328605771064758 0.0046875 0.007407407407407408
2 0.437354177236557 0.7872581481933594 0.005729166666666666 0.009259259259259259
2 0.3717929422855377 0.7217236757278442 0.005729166666666666 0.009259259259259259
2 0.3162085711956024 0.6655858755111694 0.005729166666666666 0.009259259259259259
2 0.22716501355171204 0.5767556428909302 0.005208333333333333 0.008333333333333333
2 0.19053244590759277 0.5396127700805664 0.005208333333333333 0.008333333333333333
2 0.15826092660427094 0.5068355798721313 0.005208333333333333 0.008333333333333333
2 0.21755452454090118 0.44794610142707825 0.005729166666666666 0.009259259259259259
2 0.28712576627731323 0.4314810037612915 0.005729166666666666 0.009259259259259259
2 0.3512655198574066 0.416366308927536 0.005729166666666666 0.009259259259259259
2 0.5693661570549011 0.4732099771499634 0.004166666666666667 0.007407407407407408
2 0.5206009745597839 0.4475288987159729 0.004166666666666667 0.007407407407407408
2 0.47729164361953735 0.4252908229827881 0.004166666666666667 0.007407407407407408
