4 0.35214927792549133 0.7925963401794434 0.0234375 0.03796296296296296
4 0.2838216722011566 0.59958815574646 0.018229166666666668 0.02962962962962963
3 0.3634348511695862 0.5517316460609436 0.016666666666666666 0.025
3 0.36190834641456604 0.5744414329528809 0.016666666666666666 0.027777777777777776
4 0.3625156283378601 0.6792536973953247 0.0203125 0.032407407407407406
3 0.38572102785110474 0.7079535126686096 0.0203125 0.03425925925925926
3 0.43580374121665955 0.798313319683075 0.0234375 0.037037037037037035
3 0.5027852654457092 0.7012471556663513 0.0203125 0.03518518518518519
4 0.5203747153282166 0.4897392690181732 0.015104166666666667 0.025
3 0.4546732008457184 0.5298017263412476 0.015625 0.025
1 0.5008617639541626 0.5580021739006042 0.016666666666666666 0.027777777777777776
0 0.5591115355491638 0.6156045198440552 0.01875 0.02962962962962963
4 0.6876071095466614 0.6207188963890076 0.01875 0.030555555555555555
3 0.6779330968856812 0.4763651490211487 0.0140625 0.023148148148148147
2 0.32310277223587036 0.8286964893341064 0.0067708333333333336 0.011111111111111112
2 0.23062865436077118 0.7807844877243042 0.0067708333333333336 0.011111111111111112
2 0.14807955920696259 0.7373277544975281 0.0067708333333333336 0.011111111111111112
2 0.16867472231388092 0.6284396052360535 0.0046875 0.007407407407407408
2 0.24489478766918182 0.5881442427635193 0.0046875 0.007407407407407408
2 0.31213194131851196 0.5525935888290405 0.0046875 0.007407407407407408
2 0.558690071105957 0.7994335889816284 0.005729166666666666 0.009259259259259259
2 0.6221901178359985 0.7356987595558167 0.005729166666666666 0.009259259259259259
2 0.6762506365776062 0.6808732151985168 0.005729166666666666 0.009259259259259259
2 0.7633035778999329 0.5936710238456726 0.005208333333333333 0.008333333333333333
2 0.7992734313011169 0.5570499897003174 0.005208333333333333 0.008333333333333333
2 0.831039309501648 0.5246537327766418 0.005208333333333333 0.008333333333333333
2 0.7722585201263428 0.4666876494884491 0.005729166666666666 0.009259259259259259
2 0.7031838893890381 0.4506005346775055 0.005729166666666666 0.009259259259259259
2 0.6393327116966248 0.43579453229904175 0.005729166666666666 0.009259259259259259
2 0.42312341928482056 0.493070125579834 0.004166666666666667 0.007407407407407408
2 0.4712200164794922 0.4673837721347809 0.004166666666666667 0.007407407407407408
2 0.5140005350112915 0.4451085329055786 0.004166666666666667 0.007407407407407408
