4 0.18855902552604675 0.7509097456932068 0.015625 0.027777777777777776
4 0.20725542306900024 0.6478431820869446 0.016145833333333335 0.027777777777777776
3 0.22859427332878113 0.4941101670265198 0.015625 0.026851851851851852
4 0.24611251056194305 0.4148692190647125 0.015625 0.025925925925925925
3 0.30691415071487427 0.30621272325515747 0.014583333333333334 0.025925925925925925
3 0.38765957951545715 0.493027925491333 0.014583333333333334 0.025925925925925925
3 0.5287877917289734 0.3886607885360718 0.015104166666666667 0.026851851851851852
3 0.7723480463027954 0.6683487296104431 0.016145833333333335 0.027777777777777776
0 0.7446320056915283 0.5992461442947388 0.016145833333333335 0.026851851851851852
1 0.7362322211265564 0.42031329870224 0.016145833333333335 0.027777777777777776
3 0.7586097121238708 0.4061563014984131 0.015625 0.025925925925925925
4 0.8004750609397888 0.41077637672424316 0.016145833333333335 0.026851851851851852
2 0.8311107754707336 0.6517770290374756 0.007291666666666667 0.012962962962962963
2 0.832927942276001 0.5103644132614136 0.007291666666666667 0.012962962962962963
2 0.8337584733963013 0.3656027913093567 0.007291666666666667 0.012962962962962963
2 0.7296460270881653 0.18113380670547485 0.007291666666666667 0.012962962962962963
2 0.6464971899986267 0.18284866213798523 0.007291666666666667 0.012962962962962963
2 0.5649681091308594 0.18365345895290375 0.007291666666666667 0.012962962962962963
2 0.4024389982223511 0.1857023984193802 0.007291666666666667 0.012962962962962963
2 0.3214483857154846 0.18737943470478058 0.007291666666666667 0.012962962962962963
2 0.24105040729045868 0.18904417753219604 0.007291666666666667 0.012962962962962963
2 0.1427958756685257 0.37133389711380005 0.007291666666666667 0.012962962962962963
2 0.144216850399971 0.5103799700737 0.007291666666666667 0.012962962962962963
2 0.1461118757724762 0.649186372756958 0.007291666666666667 0.012962962962962963
2 0.24791139364242554 0.8242011666297913 0.007291666666666667 0.012962962962962963
2 0.3261842131614685 0.8252674341201782 0.007291666666666667 0.012962962962962963
2 0.40477511286735535 0.8267602324485779 0.007291666666666667 0.012962962962962963
2 0.5631530284881592 0.828495442867279 0.007291666666666667 0.012962962962962963
2 0.64369136095047 0.8295925855636597 0.007291666666666667 0.012962962962962963
2 0.724319577217102 0.8298342823982239 0.007291666666666667 0.012962962962962963
