4 0.1845189481973648 0.7567609548568726 0.015625 0.027777777777777776
4 0.20512880384922028 0.6473035216331482 0.016145833333333335 0.027777777777777776
3 0.22876612842082977 0.4849328398704529 0.015625 0.026851851851851852
4 0.24778562784194946 0.4016396403312683 0.015625 0.025925925925925925
3 0.3124491274356842 0.2881443500518799 0.014583333333333334 0.025925925925925925
3 0.39635398983955383 0.4837094247341156 0.014583333333333334 0.025925925925925925
3 0.5436393022537231 0.3750699758529663 0.015104166666666667 0.026851851851851852
3 0.7943805456161499 0.6650874018669128 0.016145833333333335 0.027777777777777776
0 0.7658936977386475 0.5935278534889221 0.016145833333333335 0.026851851851851852
1 0.7570092678070068 0.40839746594429016 0.016145833333333335 0.027777777777777776
3 0.7798208594322205 0.3938465118408203 0.015625 0.025925925925925925
4 0.8224574327468872 0.39871126413345337 0.016145833333333335 0.026851851851851852
2 0.8542950749397278 0.6475198864936829 0.007291666666666667 0.012962962962962963
2 0.8557170033454895 0.5013556480407715 0.007291666666666667 0.012962962962962963
2 0.8561224341392517 0.3523664176464081 0.007291666666666667 0.012962962962962963
2 0.7499252557754517 0.1623191237449646 0.007291666666666667 0.012962962962962963
2 0.6650087237358093 0.16320018470287323 0.007291666666666667 0.012962962962962963
2 0.5812669396400452 0.16316509246826172 0.007291666666666667 0.012962962962962963
2 0.41289693117141724 0.1635555922985077 0.007291666666666667 0.012962962962962963
2 0.32827338576316833 0.16443409025669098 0.007291666666666667 0.012962962962962963
2 0.24378877878189087 0.16531114280223846 0.007291666666666667 0.012962962962962963
2 0.13852164149284363 0.3555550277233124 0.007291666666666667 0.012962962962962963
2 0.13898055255413055 0.5021669864654541 0.007291666666666667 0.012962962962962963
2 0.13994941115379333 0.6491157412528992 0.007291666666666667 0.012962962962962963
2 0.2472536712884903 0.8339480757713318 0.007291666666666667 0.012962962962962963
2 0.33024635910987854 0.834067702293396 0.007291666666666667 0.012962962962962963
2 0.4131166338920593 0.8346332907676697 0.007291666666666667 0.012962962962962963
2 0.5787437558174133 0.8344257473945618 0.007291666666666667 0.012962962962962963
2 0.6622684597969055 0.8345461487770081 0.007291666666666667 0.012962962962962963
2 0.745418131351471 0.8337706923484802 0.007291666666666667 0.012962962962962963
