4 0.18438179790973663 0.7572095394134521 0.015625 0.027777777777777776
4 0.206051766872406 0.6465607285499573 0.016145833333333335 0.027777777777777776
3 0.2309524565935135 0.48325759172439575 0.015625 0.026851851851851852
4 0.250692754983902 0.3998847007751465 0.015625 0.025925925925925925
3 0.3168046176433563 0.28698310256004333 0.014583333333333334 0.025925925925925925
3 0.4013528823852539 0.4823853671550751 0.014583333333333334 0.025925925925925925
3 0.5499759316444397 0.3746856451034546 0.015104166666666667 0.026851851851851852
3 0.8015096783638 0.6632611155509949 0.016145833333333335 0.027777777777777776
0 0.7728338837623596 0.5921273231506348 0.016145833333333335 0.026851851851851852
1 0.7633329033851624 0.40859535336494446 0.016145833333333335 0.027777777777777776
3 0.785963237285614 0.3943052589893341 0.015625 0.025925925925925925
4 0.828312337398529 0.39928138256073 0.016145833333333335 0.026851851851851852
2 0.8610734343528748 0.645681619644165 0.007291666666666667 0.012962962962962963
2 0.8617743253707886 0.5007946491241455 0.007291666666666667 0.012962962962962963
2 0.8614526391029358 0.3537403345108032 0.007291666666666667 0.012962962962962963
2 0.7554636597633362 0.1660865694284439 0.007291666666666667 0.012962962962962963
2 0.6710817813873291 0.1661597192287445 0.007291666666666667 0.012962962962962963
2 0.5875416994094849 0.1653411090373993 0.007291666666666667 0.012962962962962963
2 0.41859906911849976 0.16414183378219604 0.007291666666666667 0.012962962962962963
2 0.33318832516670227 0.1642119437456131 0.007291666666666667 0.012962962962962963
2 0.247581347823143 0.1642822027206421 0.007291666666666667 0.012962962962962963
2 0.13937562704086304 0.3532625138759613 0.007291666666666667 0.012962962962962963
2 0.1390150636434555 0.5003969669342041 0.007291666666666667 0.012962962962962963
2 0.13917510211467743 0.6485027074813843 0.007291666666666667 0.012962962962962963
2 0.2483999878168106 0.8350419402122498 0.007291666666666667 0.012962962962962963
2 0.33331337571144104 0.8346555233001709 0.007291666666666667 0.012962962962962963
2 0.4177733063697815 0.8347213864326477 0.007291666666666667 0.012962962962962963
2 0.5856065154075623 0.8335074186325073 0.007291666666666667 0.012962962962962963
2 0.6697550415992737 0.8331244587898254 0.007291666666666667 0.012962962962962963
2 0.7531999945640564 0.8318483829498291 0.007291666666666667 0.012962962962962963
