3 0.6392341256141663 0.6049590110778809 0.016261904761904762 0.026847619047619047
4 0.6714311838150024 0.5192393660545349 0.013550595238095238 0.023333333333333334
3 0.5686141848564148 0.4932500422000885 0.01380952380952381 0.0223
1 0.5684043169021606 0.5911858677864075 0.015616071428571429 0.024161904761904763
3 0.5126864314079285 0.5623944401741028 0.014327380952380953 0.024576190476190477
1 0.46739447116851807 0.6348599195480347 0.015747023809523808 0.02436666666666667
4 0.5090110301971436 0.7118421792984009 0.018973214285714284 0.03139047619047619
3 0.46807506680488586 0.7227451205253601 0.01819940476190476 0.02106190476190476
4 0.445441871881485 0.592036247253418 0.015360119047619048 0.02436666666666667
4 0.46096181869506836 0.5494425892829895 0.014842261904761903 0.02168095238095238
4 0.4541036784648895 0.5202851295471191 0.013723214285714285 0.02290952380952381
3 0.405248761177063 0.5549522638320923 0.014556547619047618 0.0231
3 0.47144827246665955 0.4872012734413147 0.012354166666666666 0.02142857142857143
3 0.5084733963012695 0.47266891598701477 0.012166666666666668 0.019614285714285713
4 0.5072659254074097 0.4500538408756256 0.012354166666666666 0.019466666666666667
2 0.473124235868454 0.7474895119667053 0.005089285714285715 0.005957142857142857
2 0.38999247550964355 0.7193905711174011 0.0053363095238095236 0.006157142857142857
2 0.3115839660167694 0.6935535073280334 0.005583333333333333 0.006752380952380952
2 0.2823353409767151 0.6028767228126526 0.003886904761904762 0.00438095238095238
2 0.32637038826942444 0.5636685490608215 0.004904761904761905 0.004895238095238095
2 0.36488670110702515 0.5284064412117004 0.004139880952380952 0.004076190476190476
2 0.43130871653556824 0.4686574637889862 0.0037589285714285715 0.0035666666666666668
2 0.45963719487190247 0.4425064027309418 0.0036785714285714286 0.003642857142857143
2 0.4857122600078583 0.4196997880935669 0.0037291666666666667 0.003795238095238095
2 0.5820538401603699 0.4057885706424713 0.0036785714285714286 0.0041047619047619045
2 0.6358811259269714 0.4173421561717987 0.0037767857142857143 0.004261904761904762
2 0.692243754863739 0.4285522401332855 0.0034851190476190477 0.0038714285714285717
2 0.7494699954986572 0.477286696434021 0.003970238095238095 0.004723809523809523
2 0.7341012954711914 0.506255567073822 0.0037767857142857143 0.004180952380952381
2 0.7174016833305359 0.5377720594406128 0.004116071428571429 0.004880952380952381
2 0.6779661774635315 0.6128180027008057 0.004211309523809524 0.004571428571428571
2 0.6541571021080017 0.6581597924232483 0.004648809523809524 0.005733333333333333
2 0.6275768280029297 0.7090581655502319 0.004791666666666667 0.005576190476190477
