4 0.3974776566028595 0.6877597570419312 0.01649404761904762 0.027695238095238092
3 0.588848888874054 0.714853823184967 0.016345238095238097 0.02896190476190476
1 0.5984761714935303 0.5911862254142761 0.01675 0.0281
3 0.3946419060230255 0.46757957339286804 0.01699404761904762 0.027561904761904763
3 0.5727204084396362 0.46735164523124695 0.01676488095238095 0.025357142857142856
4 0.5746111273765564 0.3652499318122864 0.017913690476190475 0.028295238095238096
4 0.6583942770957947 0.40057042241096497 0.016077380952380954 0.027190476190476192
0 0.7144396305084229 0.48664429783821106 0.016904761904761905 0.02866190476190476
4 0.8013357520103455 0.6204988360404968 0.01737797619047619 0.029795238095238097
3 0.833351194858551 0.5797572731971741 0.01737797619047619 0.026704761904761905
4 0.31664803624153137 0.2775985300540924 0.017848214285714287 0.02896190476190476
3 0.3780212700366974 0.32173284888267517 0.016592261904761905 0.026147619047619045
3 0.43548721075057983 0.28019455075263977 0.016342261904761905 0.026952380952380953
4 0.519927442073822 0.3078771233558655 0.016845238095238097 0.026952380952380953
3 0.6124833822250366 0.282780259847641 0.016089285714285716 0.026952380952380953
2 0.1445278376340866 0.3521943688392639 0.004247023809523809 0.007066666666666666
2 0.14436715841293335 0.488389253616333 0.004755952380952381 0.006795238095238095
2 0.1440308690071106 0.6249656677246094 0.004247023809523809 0.00788095238095238
2 0.25521111488342285 0.7971040606498718 0.004247023809523809 0.007338095238095238
2 0.3413834571838379 0.7945064306259155 0.004755952380952381 0.006795238095238095
2 0.4270249605178833 0.7917906045913696 0.005264880952380953 0.008695238095238096
2 0.5959905982017517 0.7873585224151611 0.004416666666666667 0.006252380952380953
2 0.6792531609535217 0.7847154140472412 0.004586309523809524 0.006523809523809524
2 0.7617186307907104 0.7820960879325867 0.004508928571428572 0.006242857142857143
2 0.8654047846794128 0.6101505160331726 0.004485119047619048 0.007523809523809524
2 0.8640750050544739 0.47818928956985474 0.004154761904761905 0.005776190476190476
2 0.8628005981445312 0.3470360338687897 0.0039375 0.006647619047619048
2 0.7571194171905518 0.1793534755706787 0.004702380952380953 0.006999999999999999
2 0.6751968264579773 0.17899496853351593 0.004812500000000001 0.006999999999999999
2 0.5926206111907959 0.17888697981834412 0.005139880952380952 0.007523809523809524
2 0.34074026346206665 0.17829066514968872 0.004264880952380952 0.006823809523809524
2 0.25520560145378113 0.17851758003234863 0.004047619047619047 0.0063
