4 0.6146864891052246 0.686285138130188 0.01649404761904762 0.027695238095238092
3 0.4237741231918335 0.7156878709793091 0.016345238095238097 0.02896190476190476
1 0.4130918085575104 0.5917841196060181 0.01675 0.0281
3 0.6155898571014404 0.46812787652015686 0.01699404761904762 0.027561904761904763
3 0.4381043314933777 0.467756062746048 0.01676488095238095 0.025357142857142856
4 0.4354022741317749 0.3657275140285492 0.017913690476190475 0.028295238095238096
4 0.3509289026260376 0.4006204307079315 0.016077380952380954 0.027190476190476192
0 0.29440009593963623 0.4870825707912445 0.016904761904761905 0.02866190476190476
4 0.2059371918439865 0.6227988004684448 0.01737797619047619 0.029795238095238097
3 0.17249225080013275 0.5816627740859985 0.01737797619047619 0.026704761904761905
4 0.690507173538208 0.28117799758911133 0.017848214285714287 0.02896190476190476
3 0.6307078003883362 0.3240465223789215 0.016592261904761905 0.026147619047619045
3 0.5736180543899536 0.28239691257476807 0.016342261904761905 0.026952380952380953
4 0.4898104965686798 0.3089814782142639 0.016845238095238097 0.026952380952380953
3 0.3965695798397064 0.2829621732234955 0.016089285714285716 0.026952380952380953
2 0.8578129410743713 0.3557906746864319 0.004247023809523809 0.007066666666666666
2 0.8592807650566101 0.488633930683136 0.004755952380952381 0.006795238095238095
2 0.8609226942062378 0.6220188140869141 0.004247023809523809 0.00788095238095238
2 0.7551185488700867 0.7923043966293335 0.004247023809523809 0.007338095238095238
2 0.6708725690841675 0.7912395000457764 0.004755952380952381 0.006795238095238095
2 0.5863314867019653 0.7900373935699463 0.005264880952380953 0.008695238095238096
2 0.41712161898612976 0.7885611653327942 0.004416666666666667 0.006252380952380953
2 0.3325294256210327 0.7873600125312805 0.004586309523809524 0.006523809523809524
2 0.24794726073741913 0.786157488822937 0.004508928571428572 0.006242857142857143
2 0.13935816287994385 0.6127853393554688 0.004485119047619048 0.007523809523809524
2 0.1398874968290329 0.47852787375450134 0.004154761904761905 0.005776190476190476
2 0.1403636336326599 0.34528666734695435 0.0039375 0.006647619047619048
2 0.2484717220067978 0.17705464363098145 0.004702380952380953 0.006999999999999999
2 0.3322049081325531 0.17812776565551758 0.004812500000000001 0.006999999999999999
2 0.4158162772655487 0.17945218086242676 0.005139880952380952 0.007523809523809524
2 0.6660563349723816 0.18315339088439941 0.004264880952380952 0.006823809523809524
2 0.7494336366653442 0.18480701744556427 0.004047619047619047 0.0063
