3 0.3966011703014374 0.4974748492240906 0.014583333333333334 0.020370370370370372
4 0.32851487398147583 0.5360106825828552 0.015104166666666667 0.024074074074074074
3 0.3947577178478241 0.5162938833236694 0.0140625 0.023148148148148147
4 0.39246827363967896 0.5991519093513489 0.0171875 0.027777777777777776
4 0.38071537017822266 0.6904705762863159 0.019791666666666666 0.03333333333333333
3 0.41102129220962524 0.6219540238380432 0.018229166666666668 0.028703703703703703
3 0.4518084228038788 0.6951982975006104 0.019791666666666666 0.032407407407407406
3 0.4736586809158325 0.48006319999694824 0.013020833333333334 0.021296296296296296
4 0.5297458171844482 0.4488019049167633 0.0125 0.020370370370370372
4 0.6050276160240173 0.41762596368789673 0.011458333333333333 0.017592592592592594
3 0.5141435265541077 0.615545928478241 0.0171875 0.028703703703703703
0 0.5601130723953247 0.5476100444793701 0.015104166666666667 0.025
4 0.669042706489563 0.5524863004684448 0.015625 0.025925925925925925
3 0.6634740233421326 0.4369353652000427 0.011979166666666667 0.018518518518518517
1 0.6816421747207642 0.5052209496498108 0.0140625 0.023148148148148147
2 0.3553623855113983 0.7191768288612366 0.005729166666666666 0.009259259259259259
2 0.27850139141082764 0.6786396503448486 0.005729166666666666 0.009259259259259259
2 0.2098662108182907 0.6464954018592834 0.005729166666666666 0.009259259259259259
2 0.23135560750961304 0.5580245852470398 0.0078125 0.012037037037037037
2 0.2965475618839264 0.5252434015274048 0.0078125 0.012037037037037037
2 0.3529125154018402 0.49834656715393066 0.0078125 0.012037037037037037
2 0.4480251371860504 0.45003220438957214 0.0078125 0.012037037037037037
2 0.48884716629981995 0.4317324459552765 0.0078125 0.012037037037037037
2 0.5245338678359985 0.41389164328575134 0.0078125 0.012037037037037037
2 0.5572735667228699 0.6931275725364685 0.009375 0.014814814814814815
2 0.6122153401374817 0.6443940997123718 0.009375 0.014814814814814815
2 0.659222424030304 0.6006370186805725 0.009375 0.014814814814814815
2 0.7333126664161682 0.5310844779014587 0.009375 0.014814814814814815
2 0.7649854421615601 0.5021409392356873 0.009375 0.014814814814814815
2 0.791077733039856 0.475885808467865 0.009375 0.014814814814814815
2 0.7426244616508484 0.42992791533470154 0.0036458333333333334 0.005555555555555556
2 0.684561550617218 0.417331725358963 0.0036458333333333334 0.005555555555555556
2 0.6306810975074768 0.40605899691581726 0.0036458333333333334 0.005555555555555556
