3 0.39475148916244507 0.47683534026145935 0.014583333333333334 0.020370370370370372
4 0.32714977860450745 0.5157250761985779 0.015104166666666667 0.024074074074074074
3 0.3930192291736603 0.49554961919784546 0.0140625 0.023148148148148147
4 0.3911902606487274 0.5780960917472839 0.0171875 0.027777777777777776
4 0.3799336850643158 0.6695188879966736 0.019791666666666666 0.03333333333333333
3 0.40984898805618286 0.6007236242294312 0.018229166666666668 0.028703703703703703
3 0.4511289596557617 0.6737701296806335 0.019791666666666666 0.032407407407407406
3 0.47142237424850464 0.45884403586387634 0.013020833333333334 0.021296296296296296
4 0.5271050333976746 0.427288681268692 0.0125 0.020370370370370372
4 0.601931631565094 0.395638108253479 0.011458333333333333 0.017592592592592594
3 0.5129484534263611 0.593523383140564 0.0171875 0.028703703703703703
0 0.5583494305610657 0.5253024101257324 0.015104166666666667 0.025
4 0.6675352454185486 0.5292470455169678 0.015625 0.025925925925925925
3 0.6605542302131653 0.414226233959198 0.011979166666666667 0.018518518518518517
1 0.6795828938484192 0.4819849729537964 0.0140625 0.023148148148148147
2 0.3547142744064331 0.6984806060791016 0.005729166666666666 0.009259259259259259
2 0.27778205275535583 0.6583823561668396 0.005729166666666666 0.009259259259259259
2 0.20932528376579285 0.6267469525337219 0.005729166666666666 0.009259259259259259
2 0.23058496415615082 0.5384323596954346 0.0078125 0.012037037037037037
2 0.295310914516449 0.5052996277809143 0.0078125 0.012037037037037037
2 0.35127004981040955 0.47809290885925293 0.0078125 0.012037037037037037
2 0.4456673860549927 0.4292859435081482 0.0078125 0.012037037037037037
2 0.48619315028190613 0.4107567369937897 0.0078125 0.012037037037037037
2 0.5216047763824463 0.39273297786712646 0.0078125 0.012037037037037037
2 0.556894063949585 0.6709644794464111 0.009375 0.014814814814814815
2 0.6115651726722717 0.6216659545898438 0.009375 0.014814814814814815
2 0.6582642793655396 0.5774698257446289 0.009375 0.014814814814814815
2 0.7317551374435425 0.5073262453079224 0.009375 0.014814814814814815
2 0.7631431818008423 0.4781661331653595 0.009375 0.014814814814814815
2 0.7889470458030701 0.45175737142562866 0.009375 0.014814814814814815
2 0.7396869659423828 0.40649640560150146 0.0036458333333333334 0.005555555555555556
2 0.6814037561416626 0.39456045627593994 0.0036458333333333334 0.005555555555555556
2 0.627421498298645 0.38391682505607605 0.0036458333333333334 0.005555555555555556
