3 0.39467766880989075 0.48980996012687683 0.014583333333333334 0.020370370370370372
4 0.32866141200065613 0.5280859470367432 0.015104166666666667 0.024074074074074074
3 0.392983615398407 0.5086042881011963 0.0140625 0.023148148148148147
4 0.3912010192871094 0.5914336442947388 0.0171875 0.027777777777777776
4 0.38023021817207336 0.6827731132507324 0.019791666666666666 0.03333333333333333
3 0.4094305634498596 0.614364504814148 0.018229166666666668 0.028703703703703703
3 0.4497474730014801 0.6881124973297119 0.019791666666666666 0.032407407407407406
3 0.46984779834747314 0.4725402295589447 0.013020833333333334 0.021296296296296296
4 0.5246585011482239 0.4412875175476074 0.0125 0.020370370370370372
4 0.5985702276229858 0.4100153148174286 0.011458333333333333 0.017592592592592594
3 0.5104227662086487 0.6085578799247742 0.0171875 0.028703703703703703
0 0.5552055239677429 0.540515124797821 0.015104166666666667 0.025
4 0.6629495024681091 0.5458422899246216 0.015625 0.025925925925925925
3 0.6565152406692505 0.429415225982666 0.011979166666666667 0.018518518518518517
1 0.6750770211219788 0.4982193112373352 0.0140625 0.023148148148148147
2 0.3556725084781647 0.7113027572631836 0.005729166666666666 0.009259259259259259
2 0.28082674741744995 0.6701151132583618 0.005729166666666666 0.009259259259259259
2 0.2143641859292984 0.6375682353973389 0.005729166666666666 0.009259259259259259
2 0.23474477231502533 0.5496549010276794 0.0078125 0.012037037037037037
2 0.2976183593273163 0.5172541737556458 0.0078125 0.012037037037037037
2 0.3521687686443329 0.49058833718299866 0.0078125 0.012037037037037037
2 0.4445919096469879 0.4424743950366974 0.0078125 0.012037037037037037
2 0.4844242334365845 0.42418423295021057 0.0078125 0.012037037037037037
2 0.5193089246749878 0.4063146114349365 0.0078125 0.012037037037037037
2 0.5534135699272156 0.6869261264801025 0.009375 0.014814814814814815
2 0.6073444485664368 0.6382266283035278 0.009375 0.014814814814814815
2 0.6535854935646057 0.5943758487701416 0.009375 0.014814814814814815
2 0.7266760468482971 0.5244676470756531 0.009375 0.014814814814814815
2 0.7580079436302185 0.4953047037124634 0.009375 0.014814814814814815
2 0.7838336825370789 0.4688079059123993 0.009375 0.014814814814814815
2 0.7350855469703674 0.4223570227622986 0.0036458333333333334 0.005555555555555556
2 0.6772668361663818 0.4096803665161133 0.0036458333333333334 0.005555555555555556
2 0.6238227486610413 0.39838019013404846 0.0036458333333333334 0.005555555555555556
