3 0.3874587416648865 0.4878371059894562 0.014583333333333334 0.020370370370370372
4 0.3193375766277313 0.5264216065406799 0.015104166666666667 0.024074074074074074
3 0.3856174349784851 0.5063654184341431 0.0140625 0.023148148148148147
4 0.3833564221858978 0.5878657698631287 0.0171875 0.027777777777777776
4 0.3716130554676056 0.6777091026306152 0.019791666666666666 0.03333333333333333
3 0.4019871950149536 0.6101582050323486 0.018229166666666668 0.028703703703703703
3 0.443045049905777 0.6820535659790039 0.019791666666666666 0.032407407407407406
3 0.4649868607521057 0.469774454832077 0.013020833333333334 0.021296296296296296
4 0.5216914415359497 0.438188761472702 0.0125 0.020370370370370372
4 0.5981834530830383 0.40627267956733704 0.011458333333333333 0.017592592592592594
3 0.5059568881988525 0.6031101942062378 0.0171875 0.028703703703703703
0 0.552538275718689 0.535554826259613 0.015104166666666667 0.025
4 0.6636296510696411 0.5393300652503967 0.015625 0.025925925925925925
3 0.657885730266571 0.4245963394641876 0.011979166666666667 0.018518518518518517
1 0.676520586013794 0.49222350120544434 0.0140625 0.023148148148148147
2 0.34624403715133667 0.7060073018074036 0.005729166666666666 0.009259259259259259
2 0.2695707380771637 0.6665747165679932 0.005729166666666666 0.009259259259259259
2 0.20147310197353363 0.6355113983154297 0.005729166666666666 0.009259259259259259
2 0.22271136939525604 0.5489104986190796 0.0078125 0.012037037037037037
2 0.28746044635772705 0.5161920785903931 0.0078125 0.012037037037037037
2 0.3436974883079529 0.48919469118118286 0.0078125 0.012037037037037037
2 0.4391321837902069 0.4404946267604828 0.0078125 0.012037037037037037
2 0.48030269145965576 0.4218906760215759 0.0078125 0.012037037037037037
2 0.5163968801498413 0.40375879406929016 0.0078125 0.012037037037037037
2 0.5497118234634399 0.6795538067817688 0.009375 0.014814814814814815
2 0.6055968999862671 0.630998969078064 0.009375 0.014814814814814815
2 0.6535950899124146 0.5872482061386108 0.009375 0.014814814814814815
2 0.7295954823493958 0.5173904299736023 0.009375 0.014814814814814815
2 0.7622159719467163 0.48819398880004883 0.009375 0.014814814814814815
2 0.7891473174095154 0.46168187260627747 0.009375 0.014814814814814815
2 0.7391452789306641 0.41650253534317017 0.0036458333333333334 0.005555555555555556
2 0.6794813275337219 0.4048106074333191 0.0036458333333333334 0.005555555555555556
2 0.6243484616279602 0.3944193720817566 0.0036458333333333334 0.005555555555555556
