1 0.36693036556243896 0.4610969126224518 0.013541666666666667 0.022222222222222223
3 0.5966758728027344 0.5242412686347961 0.015104166666666667 0.025
4 0.6007515788078308 0.5281969904899597 0.015625 0.022222222222222223
4 0.6043121814727783 0.5343618392944336 0.016145833333333335 0.024074074074074074
3 0.6076188683509827 0.5400869250297546 0.015625 0.025
4 0.6143082976341248 0.519757866859436 0.013541666666666667 0.011111111111111112
3 0.630662739276886 0.5223423838615417 0.0125 0.011111111111111112
0 0.6178733110427856 0.5250418186187744 0.013020833333333334 0.011111111111111112
4 0.6216944456100464 0.5303255319595337 0.013541666666666667 0.011111111111111112
4 0.6475457549095154 0.5240433812141418 0.013541666666666667 0.011111111111111112
3 0.6349989175796509 0.5271841883659363 0.014583333333333334 0.011111111111111112
3 0.6654441356658936 0.535025417804718 0.015625 0.028703703703703703
3 0.6531401872634888 0.5386044383049011 0.016145833333333335 0.02962962962962963
4 0.640079915523529 0.5413001179695129 0.016666666666666666 0.02962962962962963
3 0.6270285844802856 0.5444352030754089 0.016666666666666666 0.02962962962962963
4 0.6134762167930603 0.5475695729255676 0.019270833333333334 0.030555555555555555
2 0.6970393061637878 0.6052244305610657 0.005729166666666666 0.009259259259259259
2 0.775802731513977 0.5802854299545288 0.005729166666666666 0.009259259259259259
2 0.8448277711868286 0.5592560768127441 0.005729166666666666 0.009259259259259259
2 0.8121930956840515 0.50608891248703 0.005729166666666666 0.009259259259259259
2 0.7408259510993958 0.4877871572971344 0.005729166666666666 0.009259259259259259
2 0.6784338355064392 0.47260403633117676 0.005729166666666666 0.009259259259259259
2 0.5754138231277466 0.44446229934692383 0.005729166666666666 0.009259259259259259
2 0.47802066802978516 0.5897639393806458 0.0078125 0.012037037037037037
2 0.4163121283054352 0.5591796040534973 0.0078125 0.012037037037037037
2 0.36410900950431824 0.5317214131355286 0.0078125 0.012037037037037037
2 0.28241583704948425 0.49090173840522766 0.0078125 0.012037037037037037
2 0.25008100271224976 0.4726944863796234 0.0078125 0.012037037037037037
2 0.22129862010478973 0.4579915702342987 0.0078125 0.012037037037037037
2 0.27138450741767883 0.43187543749809265 0.003125 0.005555555555555556
2 0.53237384557724 0.43370145559310913 0.0036458333333333334 0.005555555555555556
2 0.4934944808483124 0.4224969446659088 0.0036458333333333334 0.005555555555555556
2 0.38462182879447937 0.4188385009765625 0.0020833333333333333 0.003703703703703704
2 0.3301756680011749 0.42535245418548584 0.0020833333333333333 0.003703703703703704
