1 0.6210196614265442 0.47307783365249634 0.013541666666666667 0.022222222222222223
3 0.3899414837360382 0.5337287783622742 0.015104166666666667 0.025
4 0.3859061002731323 0.5376121997833252 0.015625 0.022222222222222223
4 0.3823992908000946 0.5436965227127075 0.016145833333333335 0.024074074074074074
3 0.37914377450942993 0.5493448972702026 0.015625 0.025
4 0.37235763669013977 0.5290572047233582 0.013541666666666667 0.011111111111111112
3 0.3561171293258667 0.5314269065856934 0.0125 0.011111111111111112
0 0.36884549260139465 0.534264326095581 0.013020833333333334 0.011111111111111112
4 0.3650800585746765 0.5394660830497742 0.013541666666666667 0.011111111111111112
4 0.33937180042266846 0.5329098105430603 0.013541666666666667 0.011111111111111112
3 0.3518422544002533 0.5361810922622681 0.014583333333333334 0.011111111111111112
3 0.32170894742012024 0.5435783267021179 0.015625 0.028703703703703703
3 0.33392030000686646 0.5472843050956726 0.016145833333333335 0.02962962962962963
4 0.3468901813030243 0.5501277446746826 0.016666666666666666 0.02962962962962963
3 0.3598696291446686 0.5534107089042664 0.016666666666666666 0.02962962962962963
4 0.3733629286289215 0.5567036271095276 0.019270833333333334 0.030555555555555555
2 0.29094555974006653 0.6126421689987183 0.005729166666666666 0.009259259259259259
2 0.21332962810993195 0.5868121385574341 0.005729166666666666 0.009259259259259259
2 0.14576898515224457 0.565138578414917 0.005729166666666666 0.009259259259259259
2 0.1772092878818512 0.5132366418838501 0.005729166666666666 0.009259259259259259
2 0.2470179945230484 0.4959542155265808 0.005729166666666666 0.009259259259259259
2 0.3084428906440735 0.48155850172042847 0.005729166666666666 0.009259259259259259
2 0.4106510281562805 0.45454007387161255 0.005729166666666666 0.009259259259259259
2 0.50922030210495 0.6007050275802612 0.0078125 0.012037037037037037
2 0.5713929533958435 0.5709995627403259 0.0078125 0.012037037037037037
2 0.624276340007782 0.5441344976425171 0.0078125 0.012037037037037037
2 0.7075967192649841 0.5039839744567871 0.0078125 0.012037037037037037
2 0.7407524585723877 0.4859279990196228 0.0078125 0.012037037037037037
2 0.7703632712364197 0.47133001685142517 0.0078125 0.012037037037037037
2 0.7186294794082642 0.444461464881897 0.003125 0.005555555555555556
2 0.4536582827568054 0.44416746497154236 0.0036458333333333334 0.005555555555555556
2 0.49265256524086 0.43327632546424866 0.0036458333333333334 0.005555555555555556
2 0.602783203125 0.4304297864437103 0.0020833333333333333 0.003703703703703704
2 0.6583311557769775 0.4374053180217743 0.0020833333333333333 0.003703703703703704
