1 0.6337100863456726 0.4726358652114868 0.013541666666666667 0.022222222222222223
3 0.40620625019073486 0.5341147184371948 0.015104166666666667 0.025
4 0.402206689119339 0.5380250811576843 0.015625 0.022222222222222223
4 0.39874395728111267 0.5441354513168335 0.016145833333333335 0.024074074074074074
3 0.3955286741256714 0.5498092174530029 0.015625 0.025
4 0.3886556029319763 0.529546856880188 0.013541666666666667 0.011111111111111112
3 0.3724554181098938 0.5320186614990234 0.0125 0.011111111111111112
0 0.38517895340919495 0.5347819924354553 0.013020833333333334 0.011111111111111112
4 0.3814486265182495 0.5400146842002869 0.013541666666666667 0.011111111111111112
4 0.355721652507782 0.533608078956604 0.013541666666666667 0.011111111111111112
3 0.36820951104164124 0.536808967590332 0.014583333333333334 0.011111111111111112
3 0.33809444308280945 0.5444225668907166 0.015625 0.028703703703703703
3 0.3503451645374298 0.5480570197105408 0.016145833333333335 0.02962962962962963
4 0.36333510279655457 0.5508174896240234 0.016666666666666666 0.02962962962962963
3 0.37632110714912415 0.5540147423744202 0.016666666666666666 0.02962962962962963
4 0.3898034393787384 0.5572142004966736 0.019270833333333334 0.030555555555555555
2 0.3076246380805969 0.6139893531799316 0.005729166666666666 0.009259259259259259
2 0.22921809554100037 0.5887349247932434 0.005729166666666666 0.009259259259259259
2 0.16049295663833618 0.567416250705719 0.005729166666666666 0.009259259259259259
2 0.19211991131305695 0.5147441625595093 0.005729166666666666 0.009259259259259259
2 0.2626957595348358 0.49696141481399536 0.005729166666666666 0.009259259259259259
2 0.32443860173225403 0.4822204113006592 0.005729166666666666 0.009259259259259259
2 0.42641621828079224 0.4548039734363556 0.005729166666666666 0.009259259259259259
2 0.5246401429176331 0.599983274936676 0.0078125 0.012037037037037037
2 0.5855697393417358 0.569964587688446 0.0078125 0.012037037037037037
2 0.6371385455131531 0.5429738759994507 0.0078125 0.012037037037037037
2 0.7179310321807861 0.5028380155563354 0.0078125 0.012037037037037037
2 0.7499179840087891 0.4848968982696533 0.0078125 0.012037037037037037
2 0.7784144878387451 0.4704188108444214 0.0078125 0.012037037037037037
2 0.7284281253814697 0.4440808892250061 0.003125 0.005555555555555556
2 0.4690570533275604 0.4443361759185791 0.0036458333333333334 0.005555555555555556
2 0.5075728297233582 0.4333975315093994 0.0036458333333333334 0.005555555555555556
2 0.6157476902008057 0.4304005801677704 0.0020833333333333333 0.003703703703703704
2 0.6699287295341492 0.43722325563430786 0.0020833333333333333 0.003703703703703704
