1 0.6172516942024231 0.4612029492855072 0.013541666666666667 0.022222222222222223
3 0.38662421703338623 0.52560955286026 0.015104166666666667 0.025
4 0.3825726807117462 0.529633104801178 0.015625 0.022222222222222223
4 0.3790358901023865 0.5359093546867371 0.016145833333333335 0.024074074074074074
3 0.37575218081474304 0.5417365431785583 0.015625 0.025
4 0.36909231543540955 0.520995557308197 0.013541666666666667 0.011111111111111112
3 0.3528575897216797 0.5235894322395325 0.0125 0.011111111111111112
0 0.3655543625354767 0.5263716578483582 0.013020833333333334 0.011111111111111112
4 0.361763060092926 0.5317453742027283 0.013541666666666667 0.011111111111111112
4 0.3361199200153351 0.5252794027328491 0.013541666666666667 0.011111111111111112
3 0.3485589921474457 0.5285094380378723 0.014583333333333334 0.011111111111111112
3 0.3184046447277069 0.5364042520523071 0.015625 0.028703703703703703
3 0.3305855989456177 0.5400829911231995 0.016145833333333335 0.02962962962962963
4 0.34352830052375793 0.542868435382843 0.016666666666666666 0.02962962962962963
3 0.3564762771129608 0.5461045503616333 0.016666666666666666 0.02962962962962963
4 0.3699358105659485 0.5493451356887817 0.019270833333333334 0.030555555555555555
2 0.2872122526168823 0.6076352000236511 0.005729166666666666 0.009259259259259259
2 0.20971132814884186 0.5819154381752014 0.005729166666666666 0.009259259259259259
2 0.14220333099365234 0.5603464245796204 0.005729166666666666 0.009259259259259259
2 0.17406781017780304 0.5067146420478821 0.005729166666666666 0.009259259259259259
2 0.24403749406337738 0.48828521370887756 0.005729166666666666 0.009259259259259259
2 0.3055325746536255 0.472918301820755 0.005729166666666666 0.009259259259259259
2 0.40773841738700867 0.4442433714866638 0.005729166666666666 0.009259259259259259
2 0.5053023099899292 0.5930737257003784 0.0078125 0.012037037037037037
2 0.5674192309379578 0.5619699954986572 0.0078125 0.012037037037037037
2 0.6202023029327393 0.5339069366455078 0.0078125 0.012037037037037037
2 0.7032439112663269 0.4919789135456085 0.0078125 0.012037037037037037
2 0.736257791519165 0.4731878638267517 0.0078125 0.012037037037037037
2 0.7657183408737183 0.45797786116600037 0.0078125 0.012037037037037037
2 0.7144156098365784 0.43100807070732117 0.003125 0.005555555555555556
2 0.4506875276565552 0.4332120716571808 0.0036458333333333334 0.005555555555555556
2 0.48961034417152405 0.4216955304145813 0.0036458333333333334 0.005555555555555556
2 0.5992834568023682 0.4177509844303131 0.0020833333333333333 0.003703703703703704
2 0.6545069217681885 0.42436280846595764 0.0020833333333333333 0.003703703703703704
