4 0.22273102402687073 0.5447563529014587 0.0171875 0.026851851851851852
3 0.25563475489616394 0.5586591362953186 0.016666666666666666 0.027777777777777776
3 0.3144623339176178 0.5443839430809021 0.016666666666666666 0.026851851851851852
0 0.3204071819782257 0.49769338965415955 0.015625 0.025
3 0.5070714354515076 0.6496380567550659 0.018229166666666668 0.030555555555555555
4 0.3503919541835785 0.4662889540195465 0.014583333333333334 0.023148148148148147
4 0.39397794008255005 0.43614616990089417 0.0140625 0.023148148148148147
4 0.4404052793979645 0.5048251748085022 0.015625 0.025925925925925925
3 0.5119186043739319 0.47449991106987 0.014583333333333334 0.023148148148148147
1 0.48308199644088745 0.361252099275589 0.0125 0.020370370370370372
3 0.500308096408844 0.3579549193382263 0.011979166666666667 0.020370370370370372
3 0.5476380586624146 0.3054620921611786 0.0109375 0.019444444444444445
3 0.6030736565589905 0.32543063163757324 0.011458333333333333 0.019444444444444445
4 0.6317325234413147 0.32793161273002625 0.011458333333333333 0.019444444444444445
4 0.6093714237213135 0.4216855466365814 0.013541666666666667 0.022222222222222223
4 0.6348133683204651 0.5139250159263611 0.016666666666666666 0.025925925925925925
2 0.35912519693374634 0.7149704098701477 0.0078125 0.012962962962962963
2 0.27794456481933594 0.6705693006515503 0.0078125 0.012962962962962963
2 0.2031591385602951 0.6317431926727295 0.0078125 0.012962962962962963
2 0.5537979006767273 0.6782584190368652 0.0078125 0.012962962962962963
2 0.21028894186019897 0.5185743570327759 0.0078125 0.012962962962962963
2 0.2711035907268524 0.47395458817481995 0.005208333333333333 0.008333333333333333
2 0.3256002366542816 0.43519356846809387 0.0046875 0.007407407407407408
2 0.6028536558151245 0.61293625831604 0.0125 0.019444444444444445
2 0.6454809904098511 0.5567149519920349 0.0125 0.019444444444444445
2 0.7165790796279907 0.46248650550842285 0.0125 0.019444444444444445
2 0.7450352907180786 0.4240413308143616 0.009895833333333333 0.01574074074074074
2 0.7722145318984985 0.3901473879814148 0.009895833333333333 0.01574074074074074
2 0.7183927297592163 0.32953348755836487 0.009895833333333333 0.01574074074074074
2 0.658588171005249 0.31500378251075745 0.009895833333333333 0.01574074074074074
2 0.6020164489746094 0.3009355068206787 0.009895833333333333 0.01574074074074074
2 0.49258729815483093 0.31451573967933655 0.009895833333333333 0.01574074074074074
2 0.4563651382923126 0.34196966886520386 0.009895833333333333 0.01574074074074074
2 0.4165821075439453 0.3680686354637146 0.009895833333333333 0.01574074074074074
