4 0.23125788569450378 0.5365261435508728 0.0171875 0.026851851851851852
3 0.26355451345443726 0.5496183037757874 0.016666666666666666 0.027777777777777776
3 0.32082781195640564 0.5348989963531494 0.016666666666666666 0.026851851851851852
0 0.32634443044662476 0.4894355535507202 0.015625 0.025
3 0.5070375204086304 0.6336588263511658 0.018229166666666668 0.030555555555555555
4 0.355287104845047 0.4585876166820526 0.014583333333333334 0.023148148148148147
4 0.39732107520103455 0.4289119839668274 0.0140625 0.023148148148148147
4 0.4424325227737427 0.49493497610092163 0.015625 0.025925925925925925
3 0.5108726620674133 0.4648491144180298 0.014583333333333334 0.023148148148148147
1 0.4827330410480499 0.3557371497154236 0.0125 0.020370370370370372
3 0.4992281496524811 0.35245275497436523 0.011979166666666667 0.020370370370370372
3 0.5442355871200562 0.3015653192996979 0.0109375 0.019444444444444445
3 0.5970774292945862 0.32059332728385925 0.011458333333333333 0.019444444444444445
4 0.6242598295211792 0.32287663221359253 0.011458333333333333 0.019444444444444445
4 0.6034403443336487 0.41309842467308044 0.013541666666666667 0.022222222222222223
4 0.6278961300849915 0.5013683438301086 0.016666666666666666 0.025925925925925925
2 0.36509883403778076 0.699604868888855 0.0078125 0.012962962962962963
2 0.28599846363067627 0.658158540725708 0.0078125 0.012962962962962963
2 0.2126016616821289 0.6217208504676819 0.0078125 0.012962962962962963
2 0.5517184138298035 0.660312831401825 0.0078125 0.012962962962962963
2 0.21888796985149384 0.5111290812492371 0.0078125 0.012962962962962963
2 0.2781631350517273 0.4668809771537781 0.005208333333333333 0.008333333333333333
2 0.33104172348976135 0.4286028742790222 0.0046875 0.007407407407407408
2 0.5980303287506104 0.5967592000961304 0.0125 0.019444444444444445
2 0.6381421685218811 0.5422348380088806 0.0125 0.019444444444444445
2 0.7047684192657471 0.4512302577495575 0.0125 0.019444444444444445
2 0.7313368320465088 0.4142388701438904 0.009895833333333333 0.01574074074074074
2 0.756671130657196 0.38167500495910645 0.009895833333333333 0.01574074074074074
2 0.7060182094573975 0.32404032349586487 0.009895833333333333 0.01574074074074074
2 0.649612545967102 0.3103533983230591 0.009895833333333333 0.01574074074074074
2 0.5959743857383728 0.29702654480934143 0.009895833333333333 0.01574074074074074
2 0.49162858724594116 0.31050530076026917 0.009895833333333333 0.01574074074074074
2 0.4569827914237976 0.3372251093387604 0.009895833333333333 0.01574074074074074
2 0.4187954068183899 0.3627300560474396 0.009895833333333333 0.01574074074074074
