4 0.2244688719511032 0.5175822973251343 0.0171875 0.026851851851851852
3 0.2562620937824249 0.5323001742362976 0.016666666666666666 0.027777777777777776
3 0.3117676377296448 0.5209653377532959 0.016666666666666666 0.026851851851851852
0 0.3156486451625824 0.4761148989200592 0.015625 0.025
3 0.5009782910346985 0.6310574412345886 0.018229166666666668 0.030555555555555555
4 0.34316691756248474 0.44688284397125244 0.014583333333333334 0.023148148148148147
4 0.38392335176467896 0.4192756712436676 0.0140625 0.023148148148148147
4 0.43125444650650024 0.4877626299858093 0.015625 0.025925925925925925
3 0.4994419813156128 0.4610731303691864 0.014583333333333334 0.023148148148148147
1 0.4673466980457306 0.3494701385498047 0.0125 0.020370370370370372
3 0.48397281765937805 0.34683647751808167 0.011979166666666667 0.020370370370370372
3 0.5282507538795471 0.2969611585140228 0.0109375 0.019444444444444445
3 0.583245575428009 0.3184016942977905 0.011458333333333333 0.019444444444444445
4 0.6114940047264099 0.3218180239200592 0.011458333333333333 0.019444444444444445
4 0.5927304625511169 0.4131423830986023 0.013541666666666667 0.022222222222222223
4 0.620820164680481 0.5044693946838379 0.016666666666666666 0.025925925925925925
2 0.36096763610839844 0.6871865391731262 0.0078125 0.012962962962962963
2 0.2818602919578552 0.6407757997512817 0.0078125 0.012962962962962963
2 0.20941925048828125 0.6002165079116821 0.0078125 0.012962962962962963
2 0.5473317503929138 0.6609578728675842 0.0078125 0.012962962962962963
2 0.21162420511245728 0.49190980195999146 0.0078125 0.012962962962962963
2 0.2676484286785126 0.45127829909324646 0.005208333333333333 0.008333333333333333
2 0.31820806860923767 0.41582950949668884 0.0046875 0.007407407407407408
2 0.5928882360458374 0.5997363924980164 0.0125 0.019444444444444445
2 0.6327263712882996 0.5467525720596313 0.0125 0.019444444444444445
2 0.6996440887451172 0.4572843909263611 0.0125 0.019444444444444445
2 0.7265759706497192 0.420524537563324 0.009895833333333333 0.01574074074074074
2 0.7524820566177368 0.38807928562164307 0.009895833333333333 0.01574074074074074
2 0.6971107125282288 0.326307475566864 0.009895833333333333 0.01574074074074074
2 0.6375105381011963 0.3099716603755951 0.009895833333333333 0.01574074074074074
2 0.5813630223274231 0.29426634311676025 0.009895833333333333 0.01574074074074074
2 0.47489312291145325 0.3040563464164734 0.009895833333333333 0.01574074074074074
2 0.44071489572525024 0.32971900701522827 0.009895833333333333 0.01574074074074074
2 0.4031795561313629 0.3538379669189453 0.009895833333333333 0.01574074074074074
