4 0.7868928909301758 0.5853028297424316 0.01875 0.027777777777777776
3 0.7544668912887573 0.5979533195495605 0.0171875 0.028703703703703703
3 0.5036652684211731 0.6816656589508057 0.019270833333333334 0.03148148148148148
3 0.6302948594093323 0.644920289516449 0.018229166666666668 0.02962962962962963
1 0.6918608546257019 0.5832794308662415 0.0171875 0.026851851851851852
0 0.6866897940635681 0.5452022552490234 0.015625 0.025925925925925925
4 0.6111225485801697 0.49431294202804565 0.0140625 0.023148148148148147
3 0.49566325545310974 0.5285159945487976 0.014583333333333334 0.024074074074074074
3 0.5047832727432251 0.42944782972335815 0.0125 0.019444444444444445
3 0.40479692816734314 0.40533408522605896 0.011458333333333333 0.019444444444444445
4 0.377478688955307 0.40800008177757263 0.011458333333333333 0.018518518518518517
4 0.36567842960357666 0.4594951272010803 0.013541666666666667 0.021296296296296296
4 0.39947041869163513 0.48506781458854675 0.0140625 0.022222222222222223
4 0.40887078642845154 0.5712979435920715 0.016145833333333335 0.027777777777777776
4 0.40602073073387146 0.5268073678016663 0.015104166666666667 0.024074074074074074
2 0.6571230292320251 0.7400845289230347 0.010416666666666666 0.016666666666666666
2 0.7388526797294617 0.6969274282455444 0.010416666666666666 0.016666666666666666
2 0.8114039897918701 0.6597990989685059 0.010416666666666666 0.016666666666666666
2 0.4568822681903839 0.7071918845176697 0.010416666666666666 0.016666666666666666
2 0.40602225065231323 0.6496092081069946 0.010416666666666666 0.016666666666666666
2 0.36260202527046204 0.5999525189399719 0.010416666666666666 0.016666666666666666
2 0.7980793714523315 0.5622392892837524 0.010416666666666666 0.016666666666666666
2 0.7341552972793579 0.5224388837814331 0.010416666666666666 0.016666666666666666
2 0.29455676674842834 0.5218424797058105 0.010416666666666666 0.016666666666666666
2 0.26680147647857666 0.4880591630935669 0.005729166666666666 0.009259259259259259
2 0.24193498492240906 0.4596206247806549 0.005729166666666666 0.009259259259259259
2 0.2930215001106262 0.4088350832462311 0.005729166666666666 0.009259259259259259
2 0.352068156003952 0.39668118953704834 0.005729166666666666 0.009259259259259259
2 0.4068219065666199 0.3855009973049164 0.005729166666666666 0.009259259259259259
2 0.5859191417694092 0.4362897574901581 0.005729166666666666 0.009259259259259259
2 0.5472950339317322 0.4144073724746704 0.0046875 0.007407407407407408
2 0.5119181871414185 0.3929121494293213 0.0046875 0.007407407407407408
