4 0.7769356966018677 0.5984408259391785 0.01875 0.027777777777777776
3 0.7440043687820435 0.6091216206550598 0.0171875 0.028703703703703703
3 0.4909358024597168 0.6776339411735535 0.019270833333333334 0.03148148148148148
3 0.6183150410652161 0.6484658718109131 0.018229166666666668 0.02962962962962963
1 0.6811506748199463 0.5918309688568115 0.0171875 0.026851851851851852
0 0.6765359044075012 0.5546788573265076 0.015625 0.025925925925925925
4 0.6013240814208984 0.5017611980438232 0.0140625 0.023148148148148147
3 0.48510345816612244 0.5293833613395691 0.014583333333333334 0.024074074074074074
3 0.4956345558166504 0.4339979588985443 0.0125 0.019444444444444445
3 0.39603036642074585 0.40610721707344055 0.011458333333333333 0.019444444444444445
4 0.3687475025653839 0.4074428379535675 0.011458333333333333 0.018518518518518517
4 0.3563040792942047 0.45662644505500793 0.013541666666666667 0.021296296296296296
4 0.3896409869194031 0.4828817844390869 0.0140625 0.022222222222222223
4 0.39784929156303406 0.5665315985679626 0.016145833333333335 0.027777777777777776
4 0.3956092298030853 0.5234760642051697 0.015104166666666667 0.024074074074074074
2 0.6438118815422058 0.7418140172958374 0.010416666666666666 0.016666666666666666
2 0.7266902327537537 0.7042437791824341 0.010416666666666666 0.016666666666666666
2 0.8004807233810425 0.6719311475753784 0.010416666666666666 0.016666666666666666
2 0.4438678026199341 0.6998885273933411 0.010416666666666666 0.016666666666666666
2 0.3939531743526459 0.6418752670288086 0.010416666666666666 0.016666666666666666
2 0.3513850271701813 0.5919140577316284 0.010416666666666666 0.016666666666666666
2 0.7886111736297607 0.5765992403030396 0.010416666666666666 0.016666666666666666
2 0.7247191071510315 0.5348807573318481 0.010416666666666666 0.016666666666666666
2 0.2847495675086975 0.5134203433990479 0.010416666666666666 0.016666666666666666
2 0.2576180696487427 0.4795804023742676 0.005729166666666666 0.009259259259259259
2 0.2332993894815445 0.451038122177124 0.005729166666666666 0.009259259259259259
2 0.2846631705760956 0.4044187366962433 0.005729166666666666 0.009259259259259259
2 0.3435753583908081 0.39535877108573914 0.005729166666666666 0.009259259259259259
2 0.39831966161727905 0.3870265781879425 0.005729166666666666 0.009259259259259259
2 0.5768787860870361 0.44436344504356384 0.005729166666666666 0.009259259259259259
2 0.5384460687637329 0.421384334564209 0.0046875 0.007407407407407408
2 0.5033003687858582 0.3989514410495758 0.0046875 0.007407407407407408
