4 0.7852933406829834 0.5781272649765015 0.01875 0.027777777777777776
3 0.7529327273368835 0.5896280407905579 0.0171875 0.028703703703703703
3 0.500109851360321 0.6659123301506042 0.019270833333333334 0.03148148148148148
3 0.6282389163970947 0.6325330138206482 0.018229166666666668 0.02962962962962963
1 0.6914017200469971 0.5742772817611694 0.0171875 0.026851851851851852
0 0.6874407529830933 0.5375514626502991 0.015625 0.025925925925925925
4 0.6139265298843384 0.4869213104248047 0.0140625 0.023148148148148147
3 0.4972698390483856 0.517280101776123 0.014583333333333334 0.024074074074074074
3 0.509781002998352 0.42185333371162415 0.0125 0.019444444444444445
3 0.41002506017684937 0.39596042037010193 0.011458333333333333 0.019444444444444445
4 0.3823257088661194 0.39780858159065247 0.011458333333333333 0.018518518518518517
4 0.36851972341537476 0.44737398624420166 0.013541666666666667 0.021296296296296296
4 0.4018065333366394 0.47298797965049744 0.0140625 0.022222222222222223
4 0.4082435369491577 0.5568707585334778 0.016145833333333335 0.027777777777777776
4 0.4069439172744751 0.513613760471344 0.015104166666666667 0.024074074074074074
2 0.651988685131073 0.7250257730484009 0.010416666666666666 0.016666666666666666
2 0.7345415949821472 0.684594988822937 0.010416666666666666 0.016666666666666666
2 0.8072901964187622 0.650084912776947 0.010416666666666666 0.016666666666666666
2 0.4520202577114105 0.6899719834327698 0.010416666666666666 0.016666666666666666
2 0.4025641977787018 0.6329994201660156 0.010416666666666666 0.016666666666666666
2 0.3602910041809082 0.5837962627410889 0.010416666666666666 0.016666666666666666
2 0.7969755530357361 0.5562487840652466 0.010416666666666666 0.016666666666666666
2 0.7351115942001343 0.516733705997467 0.010416666666666666 0.016666666666666666
2 0.2939264476299286 0.5062556266784668 0.010416666666666666 0.016666666666666666
2 0.2668851613998413 0.47270262241363525 0.005729166666666666 0.009259259259259259
2 0.24256740510463715 0.44439685344696045 0.005729166666666666 0.009259259259259259
2 0.2966066002845764 0.3963579535484314 0.005729166666666666 0.009259259259259259
2 0.3570120930671692 0.3861718475818634 0.005729166666666666 0.009259259259259259
2 0.41277188062667847 0.3768555521965027 0.005729166666666666 0.009259259259259259
2 0.5906744003295898 0.43050920963287354 0.005729166666666666 0.009259259259259259
2 0.552836537361145 0.4084751605987549 0.0046875 0.007407407407407408
2 0.5181604027748108 0.38685598969459534 0.0046875 0.007407407407407408
