4 0.3880665600299835 0.4237218201160431 0.013020833333333334 0.020370370370370372
4 0.29722893238067627 0.49548807740211487 0.014583333333333334 0.023148148148148147
4 0.31969502568244934 0.5583387613296509 0.016145833333333335 0.025925925925925925
0 0.3617563843727112 0.5319908857345581 0.015625 0.025
4 0.3914000689983368 0.554490864276886 0.016145833333333335 0.026851851851851852
4 0.45079612731933594 0.5422561764717102 0.015625 0.025925925925925925
1 0.4947344958782196 0.4298155903816223 0.013020833333333334 0.020370370370370372
3 0.49672380089759827 0.4816938042640686 0.0140625 0.023148148148148147
4 0.5345965027809143 0.439810186624527 0.013020833333333334 0.022222222222222223
3 0.6339765191078186 0.4885932207107544 0.0140625 0.024074074074074074
3 0.634136438369751 0.45217832922935486 0.013541666666666667 0.021296296296296296
3 0.5527490973472595 0.4033544361591339 0.011979166666666667 0.020370370370370372
3 0.6122883558273315 0.37199440598487854 0.0109375 0.014814814814814815
3 0.610335111618042 0.3826461136341095 0.0109375 0.018518518518518517
2 0.31054916977882385 0.6742385625839233 0.011458333333333333 0.017592592592592594
2 0.24113287031650543 0.6340658068656921 0.011458333333333333 0.017592592592592594
2 0.17774811387062073 0.5997018218040466 0.011458333333333333 0.017592592592592594
2 0.2001471221446991 0.5052367448806763 0.0109375 0.017592592592592594
2 0.263053834438324 0.4726182520389557 0.011458333333333333 0.017592592592592594
2 0.31807777285575867 0.44223737716674805 0.011458333333333333 0.017592592592592594
2 0.5007814168930054 0.6531577706336975 0.011458333333333333 0.017592592592592594
2 0.558124303817749 0.5982463359832764 0.011458333333333333 0.017592592592592594
2 0.6052682399749756 0.5522640943527222 0.011458333333333333 0.017592592592592594
2 0.6840299963951111 0.4768058955669403 0.005208333333333333 0.008333333333333333
2 0.7169069051742554 0.44465917348861694 0.005208333333333333 0.008333333333333333
2 0.7462316751480103 0.41741517186164856 0.005208333333333333 0.008333333333333333
2 0.7016956210136414 0.36705687642097473 0.005208333333333333 0.008333333333333333
2 0.6457639336585999 0.35318437218666077 0.005208333333333333 0.008333333333333333
2 0.41239675879478455 0.39170846343040466 0.005208333333333333 0.008333333333333333
2 0.4526916444301605 0.3697897493839264 0.005208333333333333 0.008333333333333333
2 0.4896780252456665 0.34921184182167053 0.005208333333333333 0.008333333333333333
2 0.5940175652503967 0.3410750925540924 0.005208333333333333 0.008333333333333333
