4 0.4585191607475281 0.7471697926521301 0.023958333333333335 0.03981481481481482
4 0.5096485018730164 0.6896935701370239 0.021875 0.03611111111111111
1 0.3419822156429291 0.6051950454711914 0.018229166666666668 0.02962962962962963
4 0.5765567421913147 0.43668121099472046 0.013541666666666667 0.021296296296296296
2 0.6670433282852173 0.749169647693634 0.010416666666666666 0.016666666666666666
2 0.7082901000976562 0.6872513294219971 0.010416666666666666 0.016666666666666666
2 0.7437612414360046 0.6356266736984253 0.010416666666666666 0.016666666666666666
2 0.7969487309455872 0.5562903881072998 0.010416666666666666 0.016666666666666666
2 0.8178287744522095 0.5262035727500916 0.010416666666666666 0.016666666666666666
2 0.4393024444580078 0.8021939992904663 0.010416666666666666 0.016666666666666666
2 0.32536524534225464 0.7661275863647461 0.011979166666666667 0.018518518518518517
2 0.22117550671100616 0.7349966764450073 0.011979166666666667 0.018518518518518517
2 0.21212902665138245 0.629429280757904 0.011979166666666667 0.018518518518518517
2 0.28473731875419617 0.5875644683837891 0.011979166666666667 0.018518518518518517
2 0.34555548429489136 0.5490640997886658 0.011979166666666667 0.018518518518518517
2 0.44373422861099243 0.4892662465572357 0.005208333333333333 0.008333333333333333
2 0.48422014713287354 0.46505284309387207 0.0026041666666666665 0.004629629629629629
2 0.520210862159729 0.44364434480667114 0.0026041666666666665 0.004629629629629629
2 0.6373767256736755 0.4310918152332306 0.0026041666666666665 0.004629629629629629
2 0.7011287808418274 0.4409279227256775 0.004166666666666667 0.006481481481481481
2 0.7675363421440125 0.4506206512451172 0.004166666666666667 0.006481481481481481
2 0.8360603451728821 0.49583134055137634 0.004166666666666667 0.006481481481481481
