4 0.42059701681137085 0.7423132061958313 0.023958333333333335 0.03981481481481482
4 0.4731275141239166 0.6880022287368774 0.021875 0.03611111111111111
1 0.31186148524284363 0.5988267660140991 0.018229166666666668 0.02962962962962963
4 0.5481735467910767 0.4362627863883972 0.013541666666666667 0.021296296296296296
2 0.6349817514419556 0.7568048238754272 0.010416666666666666 0.016666666666666666
2 0.6811827421188354 0.695249617099762 0.010416666666666666 0.016666666666666666
2 0.7214597463607788 0.6432217955589294 0.010416666666666666 0.016666666666666666
2 0.7829511165618896 0.5618274807929993 0.010416666666666666 0.016666666666666666
2 0.8074132800102234 0.5305290818214417 0.010416666666666666 0.016666666666666666
2 0.40020808577537537 0.795339822769165 0.010416666666666666 0.016666666666666666
2 0.29187119007110596 0.7531249523162842 0.011979166666666667 0.018518518518518517
2 0.1967378556728363 0.7178206443786621 0.011979166666666667 0.018518518518518517
2 0.19142189621925354 0.6179371476173401 0.011979166666666667 0.018518518518518517
2 0.25882065296173096 0.5803609490394592 0.011979166666666667 0.018518518518518517
2 0.31675130128860474 0.5448050498962402 0.011979166666666667 0.018518518518518517
2 0.41298210620880127 0.48801225423812866 0.005208333333333333 0.008333333333333333
2 0.45368894934654236 0.4644215703010559 0.0026041666666666665 0.004629629629629629
2 0.49039778113365173 0.44326189160346985 0.0026041666666666665 0.004629629629629629
2 0.6119228601455688 0.4304955303668976 0.0026041666666666665 0.004629629629629629
2 0.679986298084259 0.44048523902893066 0.004166666666666667 0.006481481481481481
2 0.752778172492981 0.4505886137485504 0.004166666666666667 0.006481481481481481
2 0.8290462493896484 0.4986398220062256 0.004166666666666667 0.006481481481481481
