4 0.23808345198631287 0.6545173525810242 0.019791666666666666 0.032407407407407406
3 0.2834709882736206 0.6865254640579224 0.0203125 0.03148148148148148
4 0.33839258551597595 0.6551061272621155 0.019791666666666666 0.032407407407407406
3 0.36275577545166016 0.6675336360931396 0.019791666666666666 0.032407407407407406
4 0.3601113557815552 0.6222404837608337 0.01875 0.02962962962962963
0 0.3755135238170624 0.5978164672851562 0.0171875 0.028703703703703703
3 0.41833558678627014 0.6789203882217407 0.019791666666666666 0.032407407407407406
4 0.46415507793426514 0.6748388409614563 0.019791666666666666 0.032407407407407406
3 0.4286222457885742 0.5743963122367859 0.016666666666666666 0.027777777777777776
4 0.452252060174942 0.579262375831604 0.017708333333333333 0.026851851851851852
4 0.5820217728614807 0.6685992479324341 0.019791666666666666 0.03333333333333333
3 0.5996760129928589 0.6361470818519592 0.01875 0.03148148148148148
3 0.5941587090492249 0.5971556305885315 0.018229166666666668 0.028703703703703703
1 0.5172411799430847 0.5134450197219849 0.015104166666666667 0.024074074074074074
3 0.5577577948570251 0.4871944189071655 0.013541666666666667 0.023148148148148147
4 0.561069905757904 0.44030216336250305 0.013020833333333334 0.020370370370370372
2 0.597603976726532 0.7336426973342896 0.005729166666666666 0.009259259259259259
2 0.38237884640693665 0.7678124308586121 0.005729166666666666 0.009259259259259259
2 0.29188352823257446 0.7280418276786804 0.005729166666666666 0.009259259259259259
2 0.6490484476089478 0.6736170649528503 0.005729166666666666 0.009259259259259259
2 0.6926461458206177 0.6241840720176697 0.005729166666666666 0.009259259259259259
2 0.34481537342071533 0.5192787647247314 0.005729166666666666 0.009259259259259259
2 0.2874441146850586 0.5519208312034607 0.005729166666666666 0.009259259259259259
2 0.21155567467212677 0.6895161867141724 0.005729166666666666 0.009259259259259259
2 0.2209930419921875 0.5913349986076355 0.004166666666666667 0.007407407407407408
2 0.7631521224975586 0.5422951579093933 0.004166666666666667 0.007407407407407408
2 0.7915870547294617 0.5098121166229248 0.003125 0.004629629629629629
2 0.8164872527122498 0.4794621765613556 0.003125 0.004629629629629629
2 0.7567604780197144 0.4313269555568695 0.003125 0.004629629629629629
2 0.6925914883613586 0.41799530386924744 0.003125 0.004629629629629629
2 0.6332410573959351 0.407563716173172 0.003125 0.004629629629629629
2 0.441667377948761 0.46334710717201233 0.003125 0.004629629629629629
2 0.5196264982223511 0.4184453785419464 0.003125 0.005555555555555556
2 0.48266109824180603 0.44004344940185547 0.003125 0.005555555555555556
