4 0.7712908387184143 0.6709308624267578 0.019791666666666666 0.032407407407407406
3 0.7251767516136169 0.7042610049247742 0.0203125 0.03148148148148148
4 0.6697149872779846 0.6711392998695374 0.019791666666666666 0.032407407407407406
3 0.6449548006057739 0.6840738654136658 0.019791666666666666 0.032407407407407406
4 0.6478108167648315 0.6365398168563843 0.01875 0.02962962962962963
0 0.6322487592697144 0.6107767820358276 0.0171875 0.028703703703703703
3 0.5885056257247925 0.6958013772964478 0.019791666666666666 0.032407407407407406
4 0.5419415831565857 0.6913471817970276 0.019791666666666666 0.032407407407407406
3 0.5782580971717834 0.5858261585235596 0.016666666666666666 0.027777777777777776
4 0.5541677474975586 0.5908345580101013 0.017708333333333333 0.026851851851851852
4 0.42184212803840637 0.6843384504318237 0.019791666666666666 0.03333333333333333
3 0.40372511744499207 0.6501012444496155 0.01875 0.03148148148148148
3 0.40925848484039307 0.6089946031570435 0.018229166666666668 0.028703703703703703
1 0.48781806230545044 0.5208734273910522 0.015104166666666667 0.024074074074074074
3 0.44629377126693726 0.49276575446128845 0.013541666666666667 0.023148148148148147
4 0.4428143799304962 0.44288378953933716 0.013020833333333334 0.020370370370370372
2 0.4061153531074524 0.7525756359100342 0.005729166666666666 0.009259259259259259
2 0.6247227191925049 0.7888752818107605 0.005729166666666666 0.009259259259259259
2 0.7164289951324463 0.74761962890625 0.005729166666666666 0.009259259259259259
2 0.3533836901187897 0.6893581748008728 0.005729166666666666 0.009259259259259259
2 0.3085058331489563 0.6370642781257629 0.005729166666666666 0.009259259259259259
2 0.6637815833091736 0.5281140804290771 0.005729166666666666 0.009259259259259259
2 0.7219454050064087 0.5629000067710876 0.005729166666666666 0.009259259259259259
2 0.7978271842002869 0.7076448798179626 0.005729166666666666 0.009259259259259259
2 0.7890534996986389 0.6047301888465881 0.004166666666666667 0.007407407407407408
2 0.2355368435382843 0.5499881505966187 0.004166666666666667 0.007407407407407408
2 0.20597782731056213 0.5152864456176758 0.003125 0.004629629629629629
2 0.18001244962215424 0.48279276490211487 0.003125 0.004629629629629629
2 0.24130024015903473 0.4318494200706482 0.003125 0.004629629629629629
2 0.30742448568344116 0.4181012809276581 0.003125 0.004629629629629629
2 0.36852550506591797 0.4074266850948334 0.003125 0.004629629629629629
2 0.5651392340660095 0.4682411253452301 0.003125 0.004629629629629629
2 0.485318660736084 0.419919490814209 0.003125 0.005555555555555556
2 0.5232134461402893 0.44318702816963196 0.003125 0.005555555555555556
