4 0.22331543266773224 0.678713321685791 0.019791666666666666 0.032407407407407406
3 0.2690625488758087 0.711776614189148 0.0203125 0.03148148148148148
4 0.3247866928577423 0.6799224615097046 0.019791666666666666 0.032407407407407406
3 0.34933915734291077 0.6928116679191589 0.019791666666666666 0.032407407407407406
4 0.34702906012535095 0.646297037601471 0.01875 0.02962962962962963
0 0.3628478944301605 0.6212464570999146 0.0171875 0.028703703703703703
3 0.40544891357421875 0.7048148512840271 0.019791666666666666 0.032407407407407406
4 0.4518427550792694 0.7009131908416748 0.019791666666666666 0.032407407407407406
3 0.41697484254837036 0.5974034667015076 0.016666666666666666 0.027777777777777776
4 0.4409148395061493 0.6025645732879639 0.017708333333333333 0.026851851851851852
4 0.571232259273529 0.6952350735664368 0.019791666666666666 0.03333333333333333
3 0.5896737575531006 0.6620271801948547 0.01875 0.03148148148148148
3 0.5847510099411011 0.621856153011322 0.018229166666666668 0.028703703703703703
1 0.507856547832489 0.5348361730575562 0.015104166666666667 0.024074074074074074
3 0.5495385527610779 0.507803201675415 0.013541666666666667 0.023148148148148147
4 0.5536710619926453 0.4589805603027344 0.013020833333333334 0.020370370370370372
2 0.5858896970748901 0.7618526220321655 0.005729166666666666 0.009259259259259259
2 0.3682994842529297 0.7953099608421326 0.005729166666666666 0.009259259259259259
2 0.27733954787254333 0.7542388439178467 0.005729166666666666 0.009259259259259259
2 0.6390169262886047 0.7007867097854614 0.005729166666666666 0.009259259259259259
2 0.6842137575149536 0.6502802968025208 0.005729166666666666 0.009259259259259259
2 0.3323030471801758 0.5399016737937927 0.005729166666666666 0.009259259259259259
2 0.2737810015678406 0.5733627080917358 0.005729166666666666 0.009259259259259259
2 0.19640858471393585 0.7143965363502502 0.005729166666666666 0.009259259259259259
2 0.20619818568229675 0.6136572360992432 0.004166666666666667 0.007407407407407408
2 0.7577391862869263 0.5661539435386658 0.004166666666666667 0.007407407407407408
2 0.7875175476074219 0.5326299667358398 0.003125 0.004629629629629629
2 0.8137092590332031 0.5012173056602478 0.003125 0.004629629629629629
2 0.7538737654685974 0.45068979263305664 0.003125 0.004629629629629629
2 0.6885358095169067 0.4364040195941925 0.003125 0.004629629629629629
2 0.6280269622802734 0.42516905069351196 0.003125 0.004629629629629629
2 0.43148162961006165 0.48233914375305176 0.003125 0.004629629629629629
2 0.5116603374481201 0.43592777848243713 0.003125 0.005555555555555556
2 0.47359970211982727 0.4582774043083191 0.003125 0.005555555555555556
