3 0.48641759157180786 0.6166855096817017 0.016145833333333335 0.016666666666666666
4 0.4714134633541107 0.6195657849311829 0.014583333333333334 0.017592592592592594
4 0.48485028743743896 0.6257497072219849 0.015625 0.019444444444444445
3 0.455891489982605 0.622451901435852 0.015104166666666667 0.014814814814814815
0 0.4690729081630707 0.6277339458465576 0.0140625 0.014814814814814815
3 0.48173025250434875 0.6357342004776001 0.016145833333333335 0.020370370370370372
3 0.44036826491355896 0.625790536403656 0.015104166666666667 0.013888888888888888
4 0.4527747333049774 0.6315332651138306 0.0171875 0.01574074074074074
3 0.4654354751110077 0.6386288404464722 0.015625 0.017592592592592594
4 0.47964414954185486 0.6461578011512756 0.0171875 0.022222222222222223
4 0.42509403824806213 0.636816143989563 0.015625 0.026851851851851852
3 0.4369845688343048 0.6421111226081848 0.015104166666666667 0.027777777777777776
4 0.44964954257011414 0.6469443440437317 0.016666666666666666 0.027777777777777776
3 0.46230965852737427 0.6535852551460266 0.015625 0.028703703703703703
4 0.47626277804374695 0.658402144908905 0.0171875 0.02962962962962963
1 0.5882092714309692 0.447519987821579 0.011979166666666667 0.019444444444444445
2 0.41280096769332886 0.7630043625831604 0.0046875 0.007407407407407408
2 0.33347663283348083 0.7214692831039429 0.0046875 0.007407407407407408
2 0.2644071578979492 0.6842877268791199 0.0046875 0.007407407407407408
2 0.28095754981040955 0.5926977396011353 0.0046875 0.007407407407407408
2 0.3436344265937805 0.5580398440361023 0.0046875 0.007407407407407408
2 0.6150465607643127 0.7403814196586609 0.0046875 0.007407407407407408
2 0.6691702008247375 0.6851518750190735 0.0046875 0.007407407407407408
2 0.7145150303840637 0.6394729018211365 0.0046875 0.007407407407407408
2 0.7897120118141174 0.5640434622764587 0.0046875 0.007407407407407408
2 0.8200749158859253 0.5324916243553162 0.0046875 0.007407407407407408
2 0.39906972646713257 0.5302501916885376 0.0046875 0.007407407407407408
2 0.4926118850708008 0.47983041405677795 0.0046875 0.007407407407407408
2 0.5325276851654053 0.4576352536678314 0.0046875 0.007407407407407408
2 0.5688184499740601 0.4381972551345825 0.0046875 0.007407407407407408
2 0.6765093207359314 0.43025827407836914 0.0046875 0.007407407407407408
2 0.7328547835350037 0.442817747592926 0.0046875 0.007407407407407408
2 0.793306291103363 0.45487290620803833 0.0046875 0.007407407407407408
2 0.8470709919929504 0.5050389766693115 0.0046875 0.007407407407407408
