3 0.47257813811302185 0.6023886203765869 0.016145833333333335 0.016666666666666666
4 0.45785701274871826 0.6051430106163025 0.014583333333333334 0.017592592592592594
4 0.47099941968917847 0.611070454120636 0.015625 0.019444444444444445
3 0.4426380693912506 0.6079010367393494 0.015104166666666667 0.014814814814814815
0 0.455523818731308 0.612963855266571 0.0140625 0.014814814814814815
3 0.46789342164993286 0.6206352114677429 0.016145833333333335 0.020370370370370372
3 0.42742544412612915 0.6110903024673462 0.015104166666666667 0.013888888888888888
4 0.43953973054885864 0.6165934801101685 0.0171875 0.01574074074074074
3 0.4519060254096985 0.6233971118927002 0.015625 0.017592592592592594
4 0.4657987058162689 0.6306232810020447 0.0171875 0.022222222222222223
4 0.41242319345474243 0.6216329336166382 0.015625 0.026851851851851852
3 0.424026757478714 0.6267101168632507 0.015104166666666667 0.027777777777777776
4 0.43639978766441345 0.631349503993988 0.016666666666666666 0.027777777777777776
3 0.4487685561180115 0.6377248167991638 0.015625 0.028703703703703703
4 0.46242454648017883 0.642358124256134 0.0171875 0.02962962962962963
1 0.573137640953064 0.4404434561729431 0.011979166666666667 0.019444444444444445
2 0.3996744751930237 0.7425963282585144 0.0046875 0.007407407407407408
2 0.32242515683174133 0.7025131583213806 0.0046875 0.007407407407407408
2 0.2554965317249298 0.6668108701705933 0.0046875 0.007407407407407408
2 0.27229544520378113 0.579491376876831 0.0046875 0.007407407407407408
2 0.3334537446498871 0.5464359521865845 0.0046875 0.007407407407407408
2 0.5987874865531921 0.721499502658844 0.0046875 0.007407407407407408
2 0.6524616479873657 0.6683688759803772 0.0046875 0.007407407407407408
2 0.6974627375602722 0.6243937015533447 0.0046875 0.007407407407407408
2 0.772159218788147 0.5517100691795349 0.0046875 0.007407407407407408
2 0.8023439049720764 0.5212835073471069 0.0046875 0.007407407407407408
2 0.3876250684261322 0.519877016544342 0.0046875 0.007407407407407408
2 0.47926709055900574 0.47159087657928467 0.0046875 0.007407407407407408
2 0.5184546709060669 0.45029544830322266 0.0046875 0.007407407407407408
2 0.5541217923164368 0.43161922693252563 0.0046875 0.007407407407407408
2 0.6601211428642273 0.42360472679138184 0.0046875 0.007407407407407408
2 0.7157811522483826 0.4354022741317749 0.0046875 0.007407407407407408
2 0.7756917476654053 0.44673845171928406 0.0046875 0.007407407407407408
2 0.8291934132575989 0.4947977066040039 0.0046875 0.007407407407407408
