3 0.5162312984466553 0.611694872379303 0.016145833333333335 0.016666666666666666
4 0.5308860540390015 0.6139912009239197 0.014583333333333334 0.017592592592592594
4 0.5177808403968811 0.6206177473068237 0.015625 0.019444444444444445
3 0.5460439920425415 0.6162736415863037 0.015104166666666667 0.014814814814814815
0 0.5331898927688599 0.6219968795776367 0.0140625 0.014814814814814815
3 0.5208489894866943 0.6303969025611877 0.016145833333333335 0.020370370370370372
3 0.561201810836792 0.61900395154953 0.015104166666666667 0.013888888888888888
4 0.5491088628768921 0.6251549124717712 0.0171875 0.01574074074074074
3 0.536766767501831 0.6326583027839661 0.015625 0.017592592592592594
4 0.5229089856147766 0.6406521201133728 0.0171875 0.022222222222222223
4 0.5761367678642273 0.629358172416687 0.015625 0.026851851851851852
3 0.5645484328269958 0.6350482106208801 0.015104166666666667 0.027777777777777776
4 0.552199125289917 0.6403112411499023 0.016666666666666666 0.027777777777777776
3 0.5398548245429993 0.6473681330680847 0.015625 0.028703703703703703
4 0.526238739490509 0.652667224407196 0.0171875 0.02962962962962963
1 0.41663724184036255 0.4481237530708313 0.011979166666666667 0.019444444444444445
2 0.5885183811187744 0.7541227340698242 0.0046875 0.007407407407407408
2 0.6658145785331726 0.7098497152328491 0.0046875 0.007407407407407408
2 0.7329642176628113 0.6703788042068481 0.0046875 0.007407407407407408
2 0.7164034247398376 0.5803619623184204 0.0046875 0.007407407407407408
2 0.6552545428276062 0.5484132170677185 0.0046875 0.007407407407407408
2 0.3905623257160187 0.739360511302948 0.0046875 0.007407407407407408
2 0.337516725063324 0.6864871382713318 0.0046875 0.007407407407407408
2 0.2931012213230133 0.6428046226501465 0.0046875 0.007407407407407408
2 0.21949657797813416 0.570734441280365 0.0046875 0.007407407407407408
2 0.18979735672473907 0.5405663847923279 0.0046875 0.007407407407407408
2 0.601177990436554 0.5229833126068115 0.0046875 0.007407407407407408
2 0.5099075436592102 0.4765840172767639 0.0046875 0.007407407407407408
2 0.4709574580192566 0.45611217617988586 0.0046875 0.007407407407407408
2 0.4355446994304657 0.43823057413101196 0.0046875 0.007407407407407408
2 0.33043017983436584 0.43424057960510254 0.0046875 0.007407407407407408
2 0.275351881980896 0.4486609995365143 0.0046875 0.007407407407407408
2 0.21618789434432983 0.4627479910850525 0.0046875 0.007407407407407408
2 0.16339917480945587 0.5143481492996216 0.0046875 0.007407407407407408
