1 0.6016231179237366 0.35782548785209656 0.0171875 0.02962962962962963
0 0.4164142906665802 0.6483997702598572 0.021354166666666667 0.03981481481481482
4 0.42564114928245544 0.659518301486969 0.022916666666666665 0.040740740740740744
2 0.39017853140830994 0.7466031312942505 0.008854166666666666 0.01574074074074074
2 0.4979667365550995 0.7450091242790222 0.008854166666666666 0.01574074074074074
2 0.6066368818283081 0.7412518262863159 0.008854166666666666 0.01574074074074074
2 0.7226961255073547 0.6552063822746277 0.009895833333333333 0.017592592592592594
2 0.7114092707633972 0.597664475440979 0.009895833333333333 0.017592592592592594
2 0.7008453607559204 0.5427083969116211 0.009895833333333333 0.017592592592592594
2 0.6850131154060364 0.45126786828041077 0.009895833333333333 0.017592592592592594
2 0.6777707934379578 0.4113563895225525 0.009895833333333333 0.017592592592592594
2 0.6720025539398193 0.37444692850112915 0.009895833333333333 0.017592592592592594
2 0.27470487356185913 0.6632118225097656 0.010416666666666666 0.018518518518518517
2 0.28998079895973206 0.6013416647911072 0.010416666666666666 0.018518518518518517
2 0.30227816104888916 0.5498880743980408 0.010416666666666666 0.018518518518518517
2 0.3241419494152069 0.457425594329834 0.010416666666666666 0.018518518518518517
2 0.33246010541915894 0.41512513160705566 0.010416666666666666 0.018518518518518517
2 0.3409034311771393 0.38059282302856445 0.010416666666666666 0.018518518518518517
2 0.5771589875221252 0.33437734842300415 0.004166666666666667 0.007407407407407408
2 0.5069296360015869 0.33535972237586975 0.004166666666666667 0.007407407407407408
2 0.43662288784980774 0.33677348494529724 0.004166666666666667 0.007407407407407408
