1 0.40467706322669983 0.3437974452972412 0.0171875 0.02962962962962963
0 0.5846019983291626 0.6480323076248169 0.021354166666666667 0.03981481481481482
4 0.5750693082809448 0.6596037745475769 0.022916666666666665 0.040740740740740744
2 0.6092618107795715 0.7515772581100464 0.008854166666666666 0.01574074074074074
2 0.5003599524497986 0.7485848069190979 0.008854166666666666 0.01574074074074074
2 0.39104729890823364 0.7433237433433533 0.008854166666666666 0.01574074074074074
2 0.27680620551109314 0.6519820094108582 0.009895833333333333 0.017592592592592594
2 0.28948643803596497 0.5920881032943726 0.009895833333333333 0.017592592592592594
2 0.30136221647262573 0.5349749326705933 0.009895833333333333 0.017592592592592594
2 0.3193417191505432 0.440131276845932 0.009895833333333333 0.017592592592592594
2 0.32750511169433594 0.3988153338432312 0.009895833333333333 0.017592592592592594
2 0.33412057161331177 0.36064445972442627 0.009895833333333333 0.017592592592592594
2 0.727832555770874 0.6650896072387695 0.010416666666666666 0.018518518518518517
2 0.7133790254592896 0.5998948216438293 0.010416666666666666 0.018518518518518517
2 0.7018007636070251 0.5458161234855652 0.010416666666666666 0.018518518518518517
2 0.6812975406646729 0.4489457309246063 0.010416666666666666 0.018518518518518517
2 0.6736443638801575 0.40476974844932556 0.010416666666666666 0.018518518518518517
2 0.6657409071922302 0.36875635385513306 0.010416666666666666 0.018518518518518517
2 0.42962005734443665 0.3196442723274231 0.004166666666666667 0.007407407407407408
2 0.4998246133327484 0.3209734559059143 0.004166666666666667 0.007407407407407408
2 0.5702766180038452 0.32275381684303284 0.004166666666666667 0.007407407407407408
