4 0.5588129162788391 0.22020094096660614 0.019791666666666666 0.032407407407407406
3 0.5842732191085815 0.4056638181209564 0.020833333333333332 0.037037037037037035
3 0.6727108359336853 0.6070544719696045 0.023958333333333335 0.04259259259259259
4 0.5747117400169373 0.671753466129303 0.024479166666666666 0.04537037037037037
3 0.49914225935935974 0.5259137153625488 0.022916666666666665 0.040740740740740744
3 0.49781593680381775 0.6899624466896057 0.025 0.044444444444444446
0 0.4238174557685852 0.2532769739627838 0.01875 0.03425925925925926
1 0.2793932557106018 0.48050108551979065 0.021875 0.040740740740740744
4 0.34554946422576904 0.7135385870933533 0.025520833333333333 0.04722222222222222
4 0.23990927636623383 0.7328235507011414 0.025520833333333333 0.03888888888888889
2 0.18174315989017487 0.653657853603363 0.007291666666666667 0.012962962962962963
2 0.19767434895038605 0.5717030763626099 0.007291666666666667 0.012962962962962963
2 0.21131859719753265 0.4970819056034088 0.007291666666666667 0.012962962962962963
2 0.23592106997966766 0.3681749403476715 0.007291666666666667 0.012962962962962963
2 0.24642936885356903 0.3104243874549866 0.007291666666666667 0.012962962962962963
2 0.25639212131500244 0.2574356496334076 0.007291666666666667 0.012962962962962963
2 0.3911276161670685 0.19456669688224792 0.007291666666666667 0.012962962962962963
2 0.4889250099658966 0.19372738897800446 0.007291666666666667 0.012962962962962963
2 0.5874432325363159 0.1928841769695282 0.007291666666666667 0.012962962962962963
2 0.7267637252807617 0.25626838207244873 0.007291666666666667 0.012962962962962963
2 0.736018180847168 0.3098651170730591 0.007291666666666667 0.012962962962962963
2 0.7460249066352844 0.37075039744377136 0.007291666666666667 0.012962962962962963
2 0.768391489982605 0.5046777129173279 0.007291666666666667 0.012962962962962963
2 0.780207633972168 0.5818398594856262 0.007291666666666667 0.012962962962962963
2 0.7938501238822937 0.6673973202705383 0.007291666666666667 0.012962962962962963
2 0.624548614025116 0.7837152481079102 0.007291666666666667 0.012962962962962963
2 0.4801555275917053 0.779765248298645 0.007291666666666667 0.012962962962962963
2 0.33787107467651367 0.7758746147155762 0.007291666666666667 0.012962962962962963
