4 0.4417567551136017 0.22273993492126465 0.019791666666666666 0.032407407407407406
3 0.4130072295665741 0.41000083088874817 0.020833333333333332 0.037037037037037035
3 0.3213845491409302 0.6104016900062561 0.023958333333333335 0.04259259259259259
4 0.4182073473930359 0.6761531829833984 0.024479166666666666 0.04537037037037037
3 0.4962569773197174 0.5319077968597412 0.022916666666666665 0.040740740740740744
3 0.49455028772354126 0.6953278183937073 0.025 0.044444444444444446
0 0.577294111251831 0.2583000063896179 0.01875 0.03425925925925926
1 0.7173346281051636 0.48960253596305847 0.021875 0.040740740740740744
4 0.6457876563072205 0.7208854556083679 0.025520833333333333 0.04722222222222222
4 0.7505319714546204 0.7414960861206055 0.025520833333333333 0.03888888888888889
2 0.8105536103248596 0.6638398766517639 0.007291666666666667 0.012962962962962963
2 0.7968199253082275 0.5820081830024719 0.007291666666666667 0.012962962962962963
2 0.7851265668869019 0.5072044730186462 0.007291666666666667 0.012962962962962963
2 0.7637802362442017 0.37727245688438416 0.007291666666666667 0.012962962962962963
2 0.7546868920326233 0.3187826871871948 0.007291666666666667 0.012962962962962963
2 0.7459953427314758 0.2649536728858948 0.007291666666666667 0.012962962962962963
2 0.6115291714668274 0.19910196959972382 0.007291666666666667 0.012962962962962963
2 0.5127882957458496 0.1968238204717636 0.007291666666666667 0.012962962962962963
2 0.41331595182418823 0.1945311278104782 0.007291666666666667 0.012962962962962963
2 0.27181681990623474 0.256931871175766 0.007291666666666667 0.012962962962962963
2 0.2618192136287689 0.3111090064048767 0.007291666666666667 0.012962962962962963
2 0.2510051727294922 0.3724747598171234 0.007291666666666667 0.012962962962962963
2 0.22698421776294708 0.5067613124847412 0.007291666666666667 0.012962962962962963
2 0.21429112553596497 0.5837167501449585 0.007291666666666667 0.012962962962962963
2 0.19973786175251007 0.6686731576919556 0.007291666666666667 0.012962962962962963
2 0.3668234646320343 0.7862615585327148 0.007291666666666667 0.012962962962962963
2 0.5104610323905945 0.7844361662864685 0.007291666666666667 0.012962962962962963
2 0.6520317196846008 0.7826385498046875 0.007291666666666667 0.012962962962962963
