4 0.423379510641098 0.21192900836467743 0.019791666666666666 0.032407407407407406
3 0.3964982330799103 0.4036594331264496 0.020833333333333332 0.037037037037037035
3 0.3074970841407776 0.607452929019928 0.023958333333333335 0.04259259259259259
4 0.4043912887573242 0.675577700138092 0.024479166666666666 0.04537037037037037
3 0.48135992884635925 0.5285812020301819 0.022916666666666665 0.040740740740740744
3 0.4812953770160675 0.6963440775871277 0.025 0.044444444444444446
0 0.5608328580856323 0.24656037986278534 0.01875 0.03425925925925926
1 0.7073574066162109 0.4856109619140625 0.021875 0.040740740740740744
4 0.6357358694076538 0.725200355052948 0.025520833333333333 0.04722222222222222
4 0.7444926500320435 0.7485517859458923 0.025520833333333333 0.03888888888888889
2 0.8065608143806458 0.6683534383773804 0.007291666666666667 0.012962962962962963
2 0.7912957072257996 0.5825088024139404 0.007291666666666667 0.012962962962962963
2 0.7782665491104126 0.5041688680648804 0.007291666666666667 0.012962962962962963
2 0.7545986175537109 0.3683721423149109 0.007291666666666667 0.012962962962962963
2 0.7445033192634583 0.3073557913303375 0.007291666666666667 0.012962962962962963
2 0.734886109828949 0.251266747713089 0.007291666666666667 0.012962962962962963
2 0.5952335596084595 0.18486617505550385 0.007291666666666667 0.012962962962962963
2 0.49466782808303833 0.18420086801052094 0.007291666666666667 0.012962962962962963
2 0.3946247696876526 0.18354138731956482 0.007291666666666667 0.012962962962962963
2 0.2551213502883911 0.24910521507263184 0.007291666666666667 0.012962962962962963
2 0.24585996568202972 0.3040541112422943 0.007291666666666667 0.012962962962962963
2 0.23588351905345917 0.3662061095237732 0.007291666666666667 0.012962962962962963
2 0.21375229954719543 0.501910924911499 0.007291666666666667 0.012962962962962963
2 0.20214563608169556 0.5794991254806519 0.007291666666666667 0.012962962962962963
2 0.18882833421230316 0.6650000214576721 0.007291666666666667 0.012962962962962963
2 0.35428887605667114 0.7869780659675598 0.007291666666666667 0.012962962962962963
2 0.4982810914516449 0.7881565093994141 0.007291666666666667 0.012962962962962963
2 0.6427955031394958 0.7893409132957458 0.007291666666666667 0.012962962962962963
