3 0.7221920490264893 0.5241905450820923 0.015401785714285715 0.024880952380952382
3 0.5864244103431702 0.64437335729599 0.01781547619047619 0.028747619047619046
3 0.4373387396335602 0.5230445861816406 0.015550595238095238 0.02584761904761905
1 0.5601762533187866 0.5525513887405396 0.01781547619047619 0.027299999999999998
0 0.38359323143959045 0.6416387557983398 0.017967261904761903 0.03043809523809524
3 0.2807190716266632 0.5634056329727173 0.017514880952380952 0.02899047619047619
3 0.45419007539749146 0.7532945275306702 0.020532738095238093 0.03430476190476191
4 0.2667734920978546 0.7084937691688538 0.020232142857142858 0.03189047619047619
2 0.31577926874160767 0.7696573138237 0.006223214285714286 0.006033333333333333
2 0.23719047009944916 0.726140558719635 0.0048095238095238095 0.0051285714285714285
2 0.1650232970714569 0.6869078278541565 0.00556547619047619 0.005580952380952381
2 0.17628420889377594 0.5905992388725281 0.005470238095238095 0.0037714285714285714
2 0.24186989665031433 0.5551587343215942 0.005535714285714286 0.00509047619047619
2 0.30102184414863586 0.5238100290298462 0.005124999999999999 0.004995238095238095
2 0.40297451615333557 0.4690699577331543 0.004830357142857143 0.004619047619047619
2 0.4479112923145294 0.4448058009147644 0.004241071428571428 0.004333333333333333
2 0.48888319730758667 0.4231012463569641 0.004300595238095238 0.004242857142857143
2 0.6078184843063354 0.41913527250289917 0.00412202380952381 0.004333333333333333
2 0.6667150855064392 0.4370955228805542 0.004654761904761905 0.003957142857142857
2 0.7289581298828125 0.45607292652130127 0.004005952380952381 0.0037714285714285714
2 0.7754912376403809 0.5162925124168396 0.004595238095238095 0.0054666666666666665
2 0.7421178817749023 0.5461608171463013 0.004476190476190476 0.0048047619047619046
2 0.7055076956748962 0.5791689157485962 0.004416666666666667 0.004523809523809524
2 0.6200578808784485 0.6562485098838806 0.005241071428571428 0.005842857142857143
2 0.5692043900489807 0.7014485001564026 0.005535714285714286 0.005652380952380952
2 0.5115754008293152 0.7535924911499023 0.006654761904761905 0.005938095238095238
