1 0.4557528793811798 0.5505913496017456 0.015732142857142858 0.02550952380952381
3 0.5828381776809692 0.7203516960144043 0.01424404761904762 0.023809523809523808
3 0.7745506763458252 0.7132309675216675 0.016157738095238097 0.025852380952380953
3 0.6461758613586426 0.23055163025856018 0.015732142857142858 0.02517142857142857
3 0.48467499017715454 0.33913174271583557 0.015517857142857142 0.02550952380952381
3 0.2906075417995453 0.713140070438385 0.01488095238095238 0.02312857142857143
0 0.6894012689590454 0.4905164837837219 0.014669642857142857 0.02482857142857143
4 0.8222296833992004 0.47192665934562683 0.016157738095238097 0.02550952380952381
2 0.7565066814422607 0.7789355516433716 0.0037648809523809523 0.006304761904761905
2 0.6729544997215271 0.7797533869743347 0.0037648809523809523 0.005880952380952381
2 0.5889395475387573 0.7807057499885559 0.004202380952380952 0.006861904761904762
2 0.4204173982143402 0.7822856307029724 0.004202380952380952 0.007004761904761905
2 0.3356506824493408 0.7828438878059387 0.004288690476190476 0.006580952380952381
2 0.2504138648509979 0.7838068008422852 0.00394047619047619 0.0064428571428571425
2 0.14089813828468323 0.6150111556053162 0.0037648809523809523 0.006580952380952381
2 0.14049050211906433 0.48231467604637146 0.0035892857142857146 0.006023809523809524
2 0.13982456922531128 0.3494052588939667 0.0035892857142857146 0.0064428571428571425
2 0.24860930442810059 0.18019966781139374 0.0040267857142857145 0.006161904761904762
2 0.3332774341106415 0.18027056753635406 0.0040267857142857145 0.006580952380952381
2 0.41795483231544495 0.18027041852474213 0.0040267857142857145 0.006304761904761905
2 0.5856526494026184 0.18086948990821838 0.004113095238095239 0.006161904761904762
2 0.669366180896759 0.18140964210033417 0.0040267857142857145 0.006723809523809523
2 0.7526606321334839 0.181741401553154 0.004113095238095239 0.006304761904761905
2 0.8603405356407166 0.349265456199646 0.004202380952380952 0.006580952380952381
2 0.8612504601478577 0.480099081993103 0.0037648809523809523 0.006161904761904762
2 0.8622864484786987 0.6108589172363281 0.004113095238095239 0.006723809523809523
