1 0.5433956980705261 0.554663360118866 0.015732142857142858 0.02550952380952381
3 0.4166848063468933 0.7288524508476257 0.01424404761904762 0.023809523809523808
3 0.22185465693473816 0.7217102646827698 0.016157738095238097 0.025852380952380953
3 0.34765124320983887 0.22516216337680817 0.015732142857142858 0.02517142857142857
3 0.5121267437934875 0.3377329707145691 0.015517857142857142 0.02550952380952381
3 0.7110276222229004 0.7211765646934509 0.01488095238095238 0.02312857142857143
0 0.30632317066192627 0.49236857891082764 0.014669642857142857 0.02482857142857143
4 0.1708538979291916 0.47278615832328796 0.016157738095238097 0.02550952380952381
2 0.24088577926158905 0.7894197106361389 0.0037648809523809523 0.006304761904761905
2 0.3258816599845886 0.7900873422622681 0.0037648809523809523 0.005880952380952381
2 0.4111030697822571 0.7908903956413269 0.004202380952380952 0.006861904761904762
2 0.5813009142875671 0.7921555638313293 0.004202380952380952 0.007004761904761905
2 0.6665364503860474 0.7925472855567932 0.004288690476190476 0.006580952380952381
2 0.7519993185997009 0.7933502197265625 0.00394047619047619 0.0064428571428571425
2 0.859728991985321 0.6209673285484314 0.0037648809523809523 0.006580952380952381
2 0.8588003516197205 0.48565831780433655 0.0035892857142857146 0.006023809523809524
2 0.8581272959709167 0.35015541315078735 0.0035892857142857146 0.0064428571428571425
2 0.7477578520774841 0.1767604649066925 0.0040267857142857145 0.006161904761904762
2 0.6629012227058411 0.17611928284168243 0.0040267857142857145 0.006580952380952381
2 0.5777879953384399 0.1754033863544464 0.0040267857142857145 0.006304761904761905
2 0.40850070118904114 0.17459502816200256 0.004113095238095239 0.006161904761904762
2 0.323629766702652 0.1744377464056015 0.0040267857142857145 0.006723809523809523
2 0.238938108086586 0.17406895756721497 0.004113095238095239 0.006304761904761905
2 0.13072378933429718 0.34604281187057495 0.004202380952380952 0.006580952380952381
2 0.1310727745294571 0.48109057545661926 0.0037648809523809523 0.006161904761904762
2 0.13129228353500366 0.6160861849784851 0.004113095238095239 0.006723809523809523
