3 0.37629812955856323 0.4039419889450073 0.017708333333333333 0.025925925925925925
4 0.3759329617023468 0.4277953505516052 0.01875 0.03148148148148148
4 0.565722644329071 0.6293251514434814 0.022395833333333334 0.03888888888888889
3 0.5827276706695557 0.5820923447608948 0.021354166666666667 0.03796296296296296
0 0.5869385004043579 0.6537244915962219 0.022395833333333334 0.03888888888888889
4 0.6052010655403137 0.6259623765945435 0.022395833333333334 0.03981481481481482
4 0.5798731446266174 0.6723595261573792 0.0234375 0.041666666666666664
1 0.6314924359321594 0.6140334606170654 0.022395833333333334 0.03888888888888889
2 0.611359179019928 0.755861759185791 0.008854166666666666 0.01574074074074074
2 0.5015372633934021 0.7565411329269409 0.008854166666666666 0.01574074074074074
2 0.3914535641670227 0.7558608651161194 0.008854166666666666 0.01574074074074074
2 0.2746622860431671 0.6658581495285034 0.013020833333333334 0.023148148148148147
2 0.2880595028400421 0.6049488186836243 0.013020833333333334 0.023148148148148147
2 0.29861214756965637 0.5476864576339722 0.013020833333333334 0.023148148148148147
2 0.31782621145248413 0.44945022463798523 0.0109375 0.019444444444444445
2 0.32571664452552795 0.4093668460845947 0.0109375 0.019444444444444445
2 0.33308735489845276 0.3702003061771393 0.0109375 0.019444444444444445
2 0.7312488555908203 0.6667740345001221 0.009895833333333333 0.017592592592592594
2 0.7185565829277039 0.60359126329422 0.009895833333333333 0.017592592592592594
2 0.7066566348075867 0.5459514856338501 0.009895833333333333 0.017592592592592594
2 0.68625408411026 0.44992390275001526 0.009895833333333333 0.017592592592592594
2 0.6777504086494446 0.4078681468963623 0.009895833333333333 0.017592592592592594
2 0.6687296628952026 0.36857643723487854 0.009895833333333333 0.017592592592592594
2 0.5728381872177124 0.32712364196777344 0.0046875 0.008333333333333333
2 0.5009788274765015 0.3270191550254822 0.0046875 0.008333333333333333
2 0.4295949935913086 0.32691216468811035 0.0046875 0.008333333333333333
