3 0.6148287057876587 0.41649916768074036 0.017708333333333333 0.025925925925925925
4 0.6148514151573181 0.4402056932449341 0.01875 0.03148148148148148
4 0.42478591203689575 0.6376850008964539 0.022395833333333334 0.03888888888888889
3 0.40872514247894287 0.5913228988647461 0.021354166666666667 0.03796296296296296
0 0.40382468700408936 0.6612685322761536 0.022395833333333334 0.03888888888888889
4 0.38635820150375366 0.6339619755744934 0.022395833333333334 0.03981481481481482
4 0.41049906611442566 0.6795454025268555 0.0234375 0.041666666666666664
1 0.360954612493515 0.6220471262931824 0.022395833333333334 0.03888888888888889
2 0.37898093461990356 0.7603716254234314 0.008854166666666666 0.01574074074074074
2 0.48609790205955505 0.7629845142364502 0.008854166666666666 0.01574074074074074
2 0.5947479605674744 0.7642960548400879 0.008854166666666666 0.01574074074074074
2 0.712835967540741 0.6772587895393372 0.013020833333333334 0.023148148148148147
2 0.7003113031387329 0.6166483759880066 0.013020833333333334 0.023148148148148147
2 0.6905866861343384 0.5596621632575989 0.013020833333333334 0.023148148148148147
2 0.672774612903595 0.461824506521225 0.0109375 0.019444444444444445
2 0.6654518246650696 0.4218805730342865 0.0109375 0.019444444444444445
2 0.6586350798606873 0.3828367292881012 0.0109375 0.019444444444444445
2 0.26424387097358704 0.6721231937408447 0.009895833333333333 0.017592592592592594
2 0.27700260281562805 0.6110159158706665 0.009895833333333333 0.017592592592592594
2 0.28898659348487854 0.5551034808158875 0.009895833333333333 0.017592592592592594
2 0.3095874488353729 0.461591899394989 0.009895833333333333 0.017592592592592594
2 0.31822383403778076 0.42049285769462585 0.009895833333333333 0.017592592592592594
2 0.3273521661758423 0.38201385736465454 0.009895833333333333 0.017592592592592594
2 0.42127031087875366 0.34094148874282837 0.0046875 0.008333333333333333
2 0.4919702112674713 0.3405112028121948 0.0046875 0.008333333333333333
2 0.5627419948577881 0.34007728099823 0.0046875 0.008333333333333333
