3 0.37666067481040955 0.40280959010124207 0.017708333333333333 0.025925925925925925
4 0.3763291537761688 0.42681217193603516 0.01875 0.03148148148148148
4 0.5630205869674683 0.6313209533691406 0.022395833333333334 0.03888888888888889
3 0.579736590385437 0.5842269659042358 0.021354166666666667 0.03796296296296296
0 0.5838086009025574 0.6559661030769348 0.022395833333333334 0.03888888888888889
4 0.6017382144927979 0.6283977031707764 0.022395833333333334 0.03981481481481482
4 0.5768672227859497 0.6745233535766602 0.0234375 0.041666666666666664
1 0.6275233030319214 0.6167580485343933 0.022395833333333334 0.03888888888888889
2 0.6076376438140869 0.7582620978355408 0.008854166666666666 0.01574074074074074
2 0.5000250935554504 0.7578229308128357 0.008854166666666666 0.01574074074074074
2 0.3919706344604492 0.7560212016105652 0.008854166666666666 0.01574074074074074
2 0.2769339978694916 0.6646928787231445 0.013020833333333334 0.023148148148148147
2 0.290005624294281 0.6037567257881165 0.013020833333333334 0.023148148148148147
2 0.3002927899360657 0.5463902950286865 0.013020833333333334 0.023148148148148147
2 0.3190593123435974 0.44786208868026733 0.0109375 0.019444444444444445
2 0.3267751634120941 0.4076143205165863 0.0109375 0.019444444444444445
2 0.3339846432209015 0.3682570159435272 0.0109375 0.019444444444444445
2 0.7251010537147522 0.670583188533783 0.009895833333333333 0.017592592592592594
2 0.7128174901008606 0.6072982549667358 0.009895833333333333 0.017592592592592594
2 0.7012816071510315 0.5494827032089233 0.009895833333333333 0.017592592592592594
2 0.6814631819725037 0.4529866874217987 0.009895833333333333 0.017592592592592594
2 0.6731935143470764 0.41066470742225647 0.009895833333333333 0.017592592592592594
2 0.6644039154052734 0.37107354402542114 0.009895833333333333 0.017592592592592594
2 0.5702100396156311 0.3280933201313019 0.0046875 0.008333333333333333
2 0.4994797110557556 0.327011376619339 0.0046875 0.008333333333333333
2 0.4291383624076843 0.32593217492103577 0.0046875 0.008333333333333333
