3 0.6272004842758179 0.41454845666885376 0.017708333333333333 0.025925925925925925
4 0.6273367404937744 0.43774667382240295 0.01875 0.03148148148148148
4 0.44016870856285095 0.6367630958557129 0.022395833333333334 0.03888888888888889
3 0.42383280396461487 0.5910996794700623 0.021354166666666667 0.03796296296296296
0 0.41918593645095825 0.6608794927597046 0.022395833333333334 0.03888888888888889
4 0.4014580547809601 0.6342042088508606 0.022395833333333334 0.03981481481481482
4 0.4259810745716095 0.6788637042045593 0.0234375 0.041666666666666664
1 0.37570616602897644 0.623059868812561 0.022395833333333334 0.03888888888888889
2 0.39451032876968384 0.7606064081192017 0.008854166666666666 0.01574074074074074
2 0.5019922852516174 0.7589990496635437 0.008854166666666666 0.01574074074074074
2 0.6092447638511658 0.7560796737670898 0.008854166666666666 0.01574074074074074
2 0.7233961820602417 0.6668350696563721 0.013020833333333334 0.023148148148148147
2 0.7110316753387451 0.6081993579864502 0.013020833333333334 0.023148148148148147
2 0.7013691663742065 0.552946925163269 0.013020833333333334 0.023148148148148147
2 0.6836779713630676 0.4579721987247467 0.0109375 0.019444444444444445
2 0.6763964295387268 0.41914528608322144 0.0109375 0.019444444444444445
2 0.6696035861968994 0.38116005063056946 0.0109375 0.019444444444444445
2 0.2771141827106476 0.6762963533401489 0.009895833333333333 0.017592592592592594
2 0.2900088131427765 0.6144219636917114 0.009895833333333333 0.017592592592592594
2 0.3020973801612854 0.5579317212104797 0.009895833333333333 0.017592592592592594
2 0.3228239417076111 0.4637300372123718 0.009895833333333333 0.017592592592592594
2 0.3314819633960724 0.42244866490364075 0.009895833333333333 0.017592592592592594
2 0.3406367599964142 0.3838489055633545 0.009895833333333333 0.017592592592592594
2 0.43540582060813904 0.34207919239997864 0.0046875 0.008333333333333333
2 0.5059750080108643 0.34112295508384705 0.0046875 0.008333333333333333
2 0.5758658051490784 0.34017276763916016 0.0046875 0.008333333333333333
