3 0.6235435009002686 0.40622997283935547 0.017708333333333333 0.025925925925925925
4 0.6240959763526917 0.43049606680870056 0.018229166666666668 0.03333333333333333
3 0.5919477939605713 0.450141042470932 0.01875 0.032407407407407406
4 0.6400676965713501 0.6092885136604309 0.022395833333333334 0.041666666666666664
4 0.42294952273368835 0.6673370003700256 0.022916666666666665 0.041666666666666664
0 0.4131391942501068 0.6547335982322693 0.020833333333333332 0.03796296296296296
1 0.3376491367816925 0.6383089423179626 0.0234375 0.03888888888888889
2 0.3888983726501465 0.7556382417678833 0.007291666666666667 0.012962962962962963
2 0.49776986241340637 0.7559918761253357 0.007291666666666667 0.012962962962962963
2 0.6078805327415466 0.755452573299408 0.007291666666666667 0.012962962962962963
2 0.27048906683921814 0.6672648787498474 0.0109375 0.019444444444444445
2 0.2845020294189453 0.6044396758079529 0.0109375 0.019444444444444445
2 0.29544779658317566 0.5501220226287842 0.0109375 0.019444444444444445
2 0.31480035185813904 0.45402246713638306 0.0109375 0.019444444444444445
2 0.32423168420791626 0.4100021421909332 0.0109375 0.019444444444444445
2 0.3318743109703064 0.3718118965625763 0.0109375 0.019444444444444445
2 0.7227192521095276 0.6683616638183594 0.009895833333333333 0.017592592592592594
2 0.7113212943077087 0.6055009365081787 0.009895833333333333 0.017592592592592594
2 0.701726496219635 0.5475612878799438 0.009895833333333333 0.017592592592592594
2 0.6825530529022217 0.4504886269569397 0.009895833333333333 0.017592592592592594
2 0.6745184063911438 0.41047367453575134 0.009895833333333333 0.017592592592592594
2 0.6677740812301636 0.37404921650886536 0.009895833333333333 0.017592592592592594
2 0.4284293055534363 0.3308277130126953 0.0046875 0.008333333333333333
2 0.4995395839214325 0.32976776361465454 0.0046875 0.008333333333333333
2 0.5703750252723694 0.3296062648296356 0.0046875 0.008333333333333333
