3 0.37401077151298523 0.4083578288555145 0.017708333333333333 0.025925925925925925
4 0.3736043870449066 0.4326736032962799 0.018229166666666668 0.03333333333333333
3 0.4057084918022156 0.45256364345550537 0.01875 0.032407407407407406
4 0.35876205563545227 0.611894428730011 0.022395833333333334 0.041666666666666664
4 0.5755990147590637 0.671881377696991 0.022916666666666665 0.041666666666666664
0 0.5853124856948853 0.6592807173728943 0.020833333333333332 0.03796296296296296
1 0.6606466770172119 0.6433393359184265 0.0234375 0.03888888888888889
2 0.6102312207221985 0.7610293626785278 0.007291666666666667 0.012962962962962963
2 0.5014832615852356 0.7604522705078125 0.007291666666666667 0.012962962962962963
2 0.39167746901512146 0.7589678168296814 0.007291666666666667 0.012962962962962963
2 0.7280576229095459 0.6730120182037354 0.0109375 0.019444444444444445
2 0.7135656476020813 0.6096548438072205 0.0109375 0.019444444444444445
2 0.7022149562835693 0.5549241900444031 0.0109375 0.019444444444444445
2 0.6821635365486145 0.45817962288856506 0.0109375 0.019444444444444445
2 0.6724201440811157 0.41389697790145874 0.0109375 0.019444444444444445
2 0.6645103693008423 0.37550100684165955 0.0109375 0.019444444444444445
2 0.2768811583518982 0.6705520749092102 0.009895833333333333 0.017592592592592594
2 0.28786659240722656 0.607567548751831 0.009895833333333333 0.017592592592592594
2 0.2970830798149109 0.5495279431343079 0.009895833333333333 0.017592592592592594
2 0.31559646129608154 0.4523526430130005 0.009895833333333333 0.017592592592592594
2 0.32335522770881653 0.41231146454811096 0.009895833333333333 0.017592592592592594
2 0.3298504650592804 0.37586766481399536 0.009895833333333333 0.017592592592592594
2 0.5678543448448181 0.3338494896888733 0.0046875 0.008333333333333333
2 0.4969707131385803 0.3324126601219177 0.0046875 0.008333333333333333
2 0.4264443814754486 0.3318789303302765 0.0046875 0.008333333333333333
