3 0.6096976399421692 0.4202907979488373 0.017708333333333333 0.025925925925925925
4 0.6099087595939636 0.44385218620300293 0.018229166666666668 0.03333333333333333
3 0.5785932540893555 0.4629979431629181 0.01875 0.032407407407407406
4 0.6229470372200012 0.6168586611747742 0.022395833333333334 0.041666666666666664
4 0.4149527847766876 0.6710876822471619 0.022916666666666665 0.041666666666666664
0 0.40581145882606506 0.6590166687965393 0.020833333333333332 0.03796296296296296
1 0.3349919319152832 0.6428977847099304 0.0234375 0.03888888888888889
2 0.38209399580955505 0.7545996904373169 0.007291666666666667 0.012962962962962963
2 0.4848969578742981 0.7562338709831238 0.007291666666666667 0.012962962962962963
2 0.5900225043296814 0.7570459842681885 0.007291666666666667 0.012962962962962963
2 0.27210962772369385 0.6698492765426636 0.0109375 0.019444444444444445
2 0.28557488322257996 0.6104838848114014 0.0109375 0.019444444444444445
2 0.2961653470993042 0.5589717626571655 0.0109375 0.019444444444444445
2 0.31497326493263245 0.4674318730831146 0.0109375 0.019444444444444445
2 0.3241564929485321 0.42532429099082947 0.0109375 0.019444444444444445
2 0.331635445356369 0.38870617747306824 0.0109375 0.019444444444444445
2 0.7022196650505066 0.674431562423706 0.009895833333333333 0.017592592592592594
2 0.6920779943466187 0.6135562062263489 0.009895833333333333 0.017592592592592594
2 0.6836047768592834 0.5573763847351074 0.009895833333333333 0.017592592592592594
2 0.6663674712181091 0.46309366822242737 0.009895833333333333 0.017592592592592594
2 0.659125030040741 0.4241771399974823 0.009895833333333333 0.017592592592592594
2 0.6530816555023193 0.3887227177619934 0.009895833333333333 0.017592592592592594
2 0.42332887649536133 0.3485797941684723 0.0046875 0.008333333333333333
2 0.49120447039604187 0.3469550609588623 0.0046875 0.008333333333333333
2 0.5592942833900452 0.3461940586566925 0.0046875 0.008333333333333333
