3 0.6360502243041992 0.40356916189193726 0.017708333333333333 0.025925925925925925
4 0.6365378499031067 0.4260602295398712 0.018229166666666668 0.032407407407407406
4 0.6747087240219116 0.5379605293273926 0.021354166666666667 0.03611111111111111
3 0.539614737033844 0.620967447757721 0.022916666666666665 0.03888888888888889
1 0.47174185514450073 0.6032382249832153 0.022395833333333334 0.03518518518518519
0 0.44368311762809753 0.6243220567703247 0.022395833333333334 0.03611111111111111
4 0.476925790309906 0.6232037544250488 0.022916666666666665 0.040740740740740744
3 0.43873876333236694 0.5704323053359985 0.021354166666666667 0.03796296296296296
4 0.4160088300704956 0.6137171983718872 0.022395833333333334 0.040740740740740744
4 0.44241783022880554 0.6582403779029846 0.022916666666666665 0.040740740740740744
4 0.5208173394203186 0.6913171410560608 0.0234375 0.04351851851851852
2 0.41126111149787903 0.7363808155059814 0.007291666666666667 0.012962962962962963
2 0.5184713006019592 0.7372450232505798 0.007291666666666667 0.012962962962962963
2 0.6234588027000427 0.7337976694107056 0.007291666666666667 0.012962962962962963
2 0.7320767641067505 0.6513476967811584 0.009895833333333333 0.017592592592592594
2 0.7209895253181458 0.5914888381958008 0.009895833333333333 0.017592592592592594
2 0.7100085616111755 0.5401161313056946 0.009895833333333333 0.017592592592592594
2 0.6920324563980103 0.4480217397212982 0.007291666666666667 0.012962962962962963
2 0.684561550617218 0.4077226221561432 0.007291666666666667 0.012962962962962963
2 0.6773924231529236 0.37250298261642456 0.007291666666666667 0.012962962962962963
2 0.293103963136673 0.6516857743263245 0.009375 0.016666666666666666
2 0.3065319061279297 0.5919314026832581 0.009375 0.016666666666666666
2 0.3173425793647766 0.5359099507331848 0.009375 0.016666666666666666
2 0.33740097284317017 0.4423372745513916 0.009375 0.016666666666666666
2 0.34614884853363037 0.40423449873924255 0.009375 0.016666666666666666
2 0.3530920743942261 0.3674941956996918 0.0067708333333333336 0.012037037037037037
2 0.4475094974040985 0.3274776041507721 0.005729166666666666 0.010185185185185186
2 0.5171418786048889 0.32876697182655334 0.005729166666666666 0.010185185185185186
2 0.5849691033363342 0.33001071214675903 0.005729166666666666 0.010185185185185186
