3 0.6335386037826538 0.38201355934143066 0.017708333333333333 0.025925925925925925
4 0.6337611675262451 0.4042551815509796 0.018229166666666668 0.032407407407407406
4 0.6717020273208618 0.5153416395187378 0.021354166666666667 0.03611111111111111
3 0.5316572785377502 0.5990591645240784 0.022916666666666665 0.03888888888888889
1 0.4626235365867615 0.5815190672874451 0.022395833333333334 0.03518518518518519
0 0.43363094329833984 0.6026629209518433 0.022395833333333334 0.03611111111111111
4 0.46752214431762695 0.6014611124992371 0.022916666666666665 0.040740740740740744
3 0.4297214150428772 0.5489501357078552 0.021354166666666667 0.03796296296296296
4 0.405729740858078 0.5921491980552673 0.022395833333333334 0.040740740740740744
4 0.4316405951976776 0.6366091966629028 0.022916666666666665 0.040740740740740744
4 0.5111790895462036 0.6698039174079895 0.0234375 0.04351851851851852
2 0.39820316433906555 0.7151195406913757 0.007291666666666667 0.012962962962962963
2 0.507961094379425 0.7161783576011658 0.007291666666666667 0.012962962962962963
2 0.6163693070411682 0.712863028049469 0.007291666666666667 0.012962962962962963
2 0.7300664782524109 0.6292696595191956 0.009895833333333333 0.017592592592592594
2 0.7190596461296082 0.5688561201095581 0.009895833333333333 0.017592592592592594
2 0.7081482410430908 0.517297625541687 0.009895833333333333 0.017592592592592594
2 0.6904861927032471 0.4255133271217346 0.007291666666666667 0.012962962962962963
2 0.6832134127616882 0.38560572266578674 0.007291666666666667 0.012962962962962963
2 0.6762247681617737 0.350863516330719 0.007291666666666667 0.012962962962962963
2 0.28052380681037903 0.6302605271339417 0.009375 0.016666666666666666
2 0.2956276535987854 0.5708402395248413 0.009375 0.016666666666666666
2 0.3079474866390228 0.5153546929359436 0.009375 0.016666666666666666
2 0.3304261267185211 0.42313042283058167 0.009375 0.016666666666666666
2 0.34012025594711304 0.38573482632637024 0.009375 0.016666666666666666
2 0.3479524850845337 0.34978187084198 0.0067708333333333336 0.012037037037037037
2 0.4435308873653412 0.30957621335983276 0.005729166666666666 0.010185185185185186
2 0.5137173533439636 0.30991050601005554 0.005729166666666666 0.010185185185185186
2 0.5824400782585144 0.31022584438323975 0.005729166666666666 0.010185185185185186
