3 0.3871459364891052 0.3968694806098938 0.017708333333333333 0.030555555555555555
1 0.5046231746673584 0.44177162647247314 0.01875 0.03333333333333333
3 0.5178261399269104 0.5166215896606445 0.0203125 0.03425925925925926
0 0.5923941135406494 0.6496862769126892 0.021354166666666667 0.03981481481481482
4 0.5818228125572205 0.6645545959472656 0.022916666666666665 0.04259259259259259
2 0.6147946715354919 0.7515297532081604 0.008854166666666666 0.01574074074074074
2 0.5062769055366516 0.7530301213264465 0.008854166666666666 0.01574074074074074
2 0.3977871537208557 0.7518293261528015 0.008854166666666666 0.01574074074074074
2 0.7320041656494141 0.6644493341445923 0.009895833333333333 0.017592592592592594
2 0.7194458246231079 0.6003942489624023 0.009895833333333333 0.017592592592592594
2 0.7085902094841003 0.5465865731239319 0.009895833333333333 0.017592592592592594
2 0.28038400411605835 0.6615942716598511 0.0109375 0.019444444444444445
2 0.2930874526500702 0.6009345650672913 0.0109375 0.019444444444444445
2 0.30397021770477295 0.5420863032341003 0.0109375 0.019444444444444445
2 0.3230536878108978 0.4452044367790222 0.0109375 0.019444444444444445
2 0.33127033710479736 0.4035521149635315 0.008854166666666666 0.01574074074074074
2 0.3386918306350708 0.3659733533859253 0.008854166666666666 0.01574074074074074
2 0.689848005771637 0.44825565814971924 0.008854166666666666 0.01574074074074074
2 0.6806685328483582 0.40734508633613586 0.008854166666666666 0.01574074074074074
2 0.6732405424118042 0.37090572714805603 0.008854166666666666 0.01574074074074074
2 0.5778790712356567 0.325583279132843 0.005729166666666666 0.010185185185185186
2 0.5068014860153198 0.32397881150245667 0.005729166666666666 0.010185185185185186
2 0.43549901247024536 0.32417842745780945 0.005729166666666666 0.010185185185185186
