3 0.6150056719779968 0.4070095419883728 0.017708333333333333 0.030555555555555555
1 0.4979090094566345 0.45188623666763306 0.01875 0.03333333333333333
3 0.4844430685043335 0.5270315408706665 0.0203125 0.03425925925925926
0 0.4096164107322693 0.6605456471443176 0.021354166666666667 0.03981481481481482
4 0.42009830474853516 0.6754446029663086 0.022916666666666665 0.04259259259259259
2 0.38691937923431396 0.762664258480072 0.008854166666666666 0.01574074074074074
2 0.494947612285614 0.7639422416687012 0.008854166666666666 0.01574074074074074
2 0.6026883721351624 0.7625178098678589 0.008854166666666666 0.01574074074074074
2 0.2701687514781952 0.6754966378211975 0.009895833333333333 0.017592592592592594
2 0.28290995955467224 0.6111336350440979 0.009895833333333333 0.017592592592592594
2 0.29392439126968384 0.5570411682128906 0.009895833333333333 0.017592592592592594
2 0.7194794416427612 0.6721717119216919 0.0109375 0.019444444444444445
2 0.7072422504425049 0.6115449070930481 0.0109375 0.019444444444444445
2 0.6967863440513611 0.5526673197746277 0.0109375 0.019444444444444445
2 0.6783921718597412 0.4556068778038025 0.0109375 0.019444444444444445
2 0.6704624891281128 0.41382768750190735 0.008854166666666666 0.01574074074074074
2 0.6632949709892273 0.3761085867881775 0.008854166666666666 0.01574074074074074
2 0.31296882033348083 0.4581271708011627 0.008854166666666666 0.01574074074074074
2 0.3222793638706207 0.4169526696205139 0.008854166666666666 0.01574074074074074
2 0.32982614636421204 0.3802657127380371 0.008854166666666666 0.01574074074074074
2 0.4253076910972595 0.33487066626548767 0.005729166666666666 0.010185185185185186
2 0.49623700976371765 0.333462655544281 0.005729166666666666 0.010185185185185186
2 0.5672664046287537 0.3338712453842163 0.005729166666666666 0.010185185185185186
