3 0.612819492816925 0.40670832991600037 0.017708333333333333 0.030555555555555555
1 0.49949565529823303 0.45017313957214355 0.01875 0.03333333333333333
3 0.48641160130500793 0.5210262537002563 0.0203125 0.03425925925925926
0 0.41247862577438354 0.6496933698654175 0.021354166666666667 0.03981481481481482
4 0.42280054092407227 0.6638486981391907 0.022916666666666665 0.04259259259259259
2 0.38938480615615845 0.7491623759269714 0.008854166666666666 0.01574074074074074
2 0.4969371557235718 0.7480966448783875 0.008854166666666666 0.01574074074074074
2 0.6037028431892395 0.7444161176681519 0.008854166666666666 0.01574074074074074
2 0.2737686038017273 0.6668281555175781 0.009895833333333333 0.017592592592592594
2 0.28728246688842773 0.6045660972595215 0.009895833333333333 0.017592592592592594
2 0.29885002970695496 0.5526612401008606 0.009895833333333333 0.017592592592592594
2 0.7174930572509766 0.6549211740493774 0.0109375 0.019444444444444445
2 0.704644501209259 0.5973113775253296 0.0109375 0.019444444444444445
2 0.6936435699462891 0.5417401790618896 0.0109375 0.019444444444444445
2 0.6745595932006836 0.45100465416908264 0.0109375 0.019444444444444445
2 0.6664014458656311 0.4122714102268219 0.008854166666666666 0.01574074074074074
2 0.6590628027915955 0.37746772170066833 0.008854166666666666 0.01574074074074074
2 0.3187044560909271 0.45875945687294006 0.008854166666666666 0.01574074074074074
2 0.32824355363845825 0.4200250208377838 0.008854166666666666 0.01574074074074074
2 0.3359666168689728 0.3857066333293915 0.008854166666666666 0.01574074074074074
2 0.4291035532951355 0.3424164950847626 0.005729166666666666 0.010185185185185186
2 0.4977389872074127 0.34024667739868164 0.005729166666666666 0.010185185185185186
2 0.5662650465965271 0.3397535979747772 0.005729166666666666 0.010185185185185186
