1 0.379175066947937 0.6200395822525024 0.013541666666666667 0.023148148148148147
3 0.39429542422294617 0.5470991134643555 0.0109375 0.017592592592592594
3 0.4758506715297699 0.5514994263648987 0.010416666666666666 0.017592592592592594
0 0.4919678270816803 0.5638013482093811 0.009375 0.019444444444444445
3 0.49784600734710693 0.5677583813667297 0.011458333333333333 0.020370370370370372
4 0.5959818363189697 0.6809168457984924 0.015625 0.023148148148148147
2 0.5457881689071655 0.6972874999046326 0.0046875 0.008333333333333333
2 0.4776429235935211 0.6959964632987976 0.0046875 0.008333333333333333
2 0.33852896094322205 0.6590802073478699 0.0067708333333333336 0.012037037037037037
2 0.34677913784980774 0.6356185078620911 0.0067708333333333336 0.012037037037037037
2 0.3540782332420349 0.613861620426178 0.0067708333333333336 0.012037037037037037
2 0.3663521409034729 0.577678382396698 0.005208333333333333 0.009259259259259259
2 0.37152907252311707 0.5610842108726501 0.005208333333333333 0.009259259259259259
2 0.3765202760696411 0.5475342869758606 0.005208333333333333 0.009259259259259259
2 0.6188417077064514 0.6621394157409668 0.008333333333333333 0.014814814814814815
2 0.6105865836143494 0.6383521556854248 0.008333333333333333 0.014814814814814815
2 0.6033684015274048 0.6158835291862488 0.008333333333333333 0.014814814814814815
2 0.590591311454773 0.5797443389892578 0.005208333333333333 0.009259259259259259
2 0.585494339466095 0.5629938840866089 0.005208333333333333 0.009259259259259259
2 0.58095383644104 0.5493264198303223 0.005208333333333333 0.009259259259259259
2 0.5222700238227844 0.5312741994857788 0.004166666666666667 0.007407407407407408
2 0.478791207075119 0.5321751832962036 0.004166666666666667 0.007407407407407408
2 0.43569234013557434 0.5317571759223938 0.004166666666666667 0.007407407407407408
