1 0.3861750364303589 0.6104556322097778 0.013541666666666667 0.023148148148148147
3 0.40277519822120667 0.537155270576477 0.0109375 0.017592592592592594
3 0.48524877429008484 0.5408971309661865 0.010416666666666666 0.017592592592592594
0 0.5013468265533447 0.5530760884284973 0.009375 0.019444444444444445
3 0.5072258710861206 0.5569875240325928 0.011458333333333333 0.020370370370370372
4 0.6046794652938843 0.6694673299789429 0.015625 0.023148148148148147
2 0.5537313222885132 0.6864129304885864 0.0046875 0.008333333333333333
2 0.4847696125507355 0.6858216524124146 0.0046875 0.008333333333333333
2 0.34418290853500366 0.6500939130783081 0.0067708333333333336 0.012037037037037037
2 0.3529951870441437 0.6264145374298096 0.0067708333333333336 0.012037037037037037
2 0.36080202460289 0.6044803261756897 0.0067708333333333336 0.012037037037037037
2 0.37390652298927307 0.5680458545684814 0.005208333333333333 0.009259259259259259
2 0.37945106625556946 0.5513589382171631 0.005208333333333333 0.009259259259259259
2 0.3847503066062927 0.5377357006072998 0.005208333333333333 0.009259259259259259
2 0.628001868724823 0.6504129767417908 0.008333333333333333 0.014814814814814815
2 0.6200010180473328 0.626661479473114 0.008333333333333333 0.014814814814814815
2 0.6130315661430359 0.604232668876648 0.008333333333333333 0.014814814814814815
2 0.600652813911438 0.5681915283203125 0.005208333333333333 0.009259259259259259
2 0.5957501530647278 0.5514892339706421 0.005208333333333333 0.009259259259259259
2 0.591366708278656 0.5378689765930176 0.005208333333333333 0.009259259259259259
2 0.5324488282203674 0.5202987790107727 0.004166666666666667 0.007407407407407408
2 0.4885266125202179 0.5215413570404053 0.004166666666666667 0.007407407407407408
2 0.444952130317688 0.521462619304657 0.004166666666666667 0.007407407407407408
