1 0.39029330015182495 0.6083123087882996 0.013541666666666667 0.023148148148148147
3 0.40697166323661804 0.5340670347213745 0.0109375 0.017592592592592594
3 0.489856094121933 0.5394640564918518 0.010416666666666666 0.017592592592592594
0 0.5059941411018372 0.5521314144134521 0.009375 0.019444444444444445
3 0.5118840932846069 0.5562105774879456 0.011458333333333333 0.020370370370370372
4 0.6092046499252319 0.6717945337295532 0.015625 0.023148148148148147
2 0.5583769679069519 0.6881304979324341 0.0046875 0.008333333333333333
2 0.4893866777420044 0.6864592432975769 0.0046875 0.008333333333333333
2 0.3479774594306946 0.6479145288467407 0.0067708333333333336 0.012037037037037037
2 0.3568510115146637 0.6239690780639648 0.0067708333333333336 0.012037037037037037
2 0.3647102415561676 0.6017858386039734 0.0067708333333333336 0.012037037037037037
2 0.3779001832008362 0.5649476647377014 0.005208333333333333 0.009259259259259259
2 0.3834790587425232 0.5480701923370361 0.005208333333333333 0.009259259259259259
2 0.3888120651245117 0.534307599067688 0.005208333333333333 0.009259259259259259
2 0.6324403285980225 0.6529159545898438 0.008333333333333333 0.014814814814814815
2 0.6244917511940002 0.6287801265716553 0.008333333333333333 0.014814814814814815
2 0.6175646185874939 0.6059841513633728 0.008333333333333333 0.014814814814814815
2 0.6052488684654236 0.569303035736084 0.005208333333333333 0.009259259259259259
2 0.6003691554069519 0.5523074269294739 0.005208333333333333 0.009259259259259259
2 0.5960035920143127 0.538435161113739 0.005208333333333333 0.009259259259259259
2 0.5371414422988892 0.5194833278656006 0.004166666666666667 0.007407407407407408
2 0.4931420385837555 0.5198777318000793 0.004166666666666667 0.007407407407407408
2 0.4493963122367859 0.5189368724822998 0.004166666666666667 0.007407407407407408
