4 0.3916323482990265 0.6819844841957092 0.025 0.04351851851851852
3 0.470527708530426 0.5379471182823181 0.022916666666666665 0.040740740740740744
3 0.38954684138298035 0.41923001408576965 0.020833333333333332 0.037037037037037035
4 0.42004552483558655 0.2337733507156372 0.019270833333333334 0.032407407407407406
0 0.5539763569831848 0.26209577918052673 0.01875 0.03425925925925926
1 0.6235302090644836 0.6044882535934448 0.023958333333333335 0.04259259259259259
4 0.6206464171409607 0.7290691137313843 0.025 0.046296296296296294
4 0.7312010526657104 0.7512140274047852 0.025520833333333333 0.03888888888888889
2 0.7949724793434143 0.6711680293083191 0.007291666666666667 0.012962962962962963
2 0.7806565165519714 0.5852753520011902 0.007291666666666667 0.012962962962962963
2 0.7683082222938538 0.5089858174324036 0.007291666666666667 0.012962962962962963
2 0.7457189559936523 0.37563300132751465 0.007291666666666667 0.012962962962962963
2 0.7365399599075317 0.3166998028755188 0.007291666666666667 0.012962962962962963
2 0.7275679111480713 0.2618732452392578 0.007291666666666667 0.012962962962962963
2 0.5890188813209534 0.20230036973953247 0.007291666666666667 0.012962962962962963
2 0.48981454968452454 0.2052016407251358 0.007291666666666667 0.012962962962962963
2 0.39156830310821533 0.2085142284631729 0.007291666666666667 0.012962962962962963
2 0.25585809350013733 0.27516934275627136 0.007291666666666667 0.012962962962962963
2 0.24544252455234528 0.32909315824508667 0.007291666666666667 0.012962962962962963
2 0.23446375131607056 0.38693001866340637 0.007291666666666667 0.012962962962962963
2 0.21075426042079926 0.5178197026252747 0.007291666666666667 0.012962962962962963
2 0.19674918055534363 0.5930546522140503 0.007291666666666667 0.012962962962962963
2 0.18188978731632233 0.6747960448265076 0.007291666666666667 0.012962962962962963
2 0.34011852741241455 0.7930795550346375 0.007291666666666667 0.012962962962962963
2 0.48282620310783386 0.7923769950866699 0.007291666666666667 0.012962962962962963
2 0.6275662183761597 0.7925586104393005 0.007291666666666667 0.012962962962962963
