4 0.5915151238441467 0.6390565037727356 0.025 0.04351851851851852
3 0.5186077952384949 0.4996011257171631 0.022916666666666665 0.040740740740740744
3 0.6016254425048828 0.38201385736465454 0.020833333333333332 0.037037037037037035
4 0.5774235129356384 0.20303981006145477 0.019270833333333334 0.032407407407407406
0 0.44654592871665955 0.23511618375778198 0.01875 0.03425925925925926
1 0.3681615889072418 0.5671914219856262 0.023958333333333335 0.04259259259259259
4 0.366698294878006 0.6880086660385132 0.025 0.046296296296296294
4 0.25996097922325134 0.7106887698173523 0.025520833333333333 0.03888888888888889
2 0.20228637754917145 0.6342620253562927 0.007291666666666667 0.012962962962962963
2 0.21894095838069916 0.5515061020851135 0.007291666666666667 0.012962962962962963
2 0.23336835205554962 0.47809872031211853 0.007291666666666667 0.012962962962962963
2 0.25949808955192566 0.34996023774147034 0.007291666666666667 0.012962962962962963
2 0.27026835083961487 0.2934355139732361 0.007291666666666667 0.012962962962962963
2 0.28068873286247253 0.24088217318058014 0.007291666666666667 0.012962962962962963
2 0.41480523347854614 0.17902718484401703 0.007291666666666667 0.012962962962962963
2 0.5104096531867981 0.17807762324810028 0.007291666666666667 0.012962962962962963
2 0.6060540676116943 0.1775524914264679 0.007291666666666667 0.012962962962962963
2 0.7380350828170776 0.23735623061656952 0.007291666666666667 0.012962962962962963
2 0.7468714118003845 0.28970232605934143 0.007291666666666667 0.012962962962962963
2 0.7561846971511841 0.34601837396621704 0.007291666666666667 0.012962962962962963
2 0.7762264609336853 0.47412562370300293 0.007291666666666667 0.012962962962962963
2 0.7881870865821838 0.548147439956665 0.007291666666666667 0.012962962962962963
2 0.8008756041526794 0.6289073824882507 0.007291666666666667 0.012962962962962963
2 0.639115035533905 0.7479336261749268 0.007291666666666667 0.012962962962962963
2 0.4984438717365265 0.7484567165374756 0.007291666666666667 0.012962962962962963
2 0.3578593134880066 0.7498501539230347 0.007291666666666667 0.012962962962962963
