4 0.587846577167511 0.6890548467636108 0.025 0.04351851851851852
3 0.5122914910316467 0.544708788394928 0.022916666666666665 0.040740740740740744
3 0.5940021872520447 0.4249851107597351 0.020833333333333332 0.037037037037037035
4 0.5664986371994019 0.23621058464050293 0.019270833333333334 0.032407407407407406
0 0.43345627188682556 0.2665446102619171 0.01875 0.03425925925925926
1 0.36236992478370667 0.6105625033378601 0.023958333333333335 0.04259259259259259
4 0.3641442358493805 0.733657956123352 0.025 0.046296296296296294
4 0.25791776180267334 0.7542665600776672 0.025520833333333333 0.03888888888888889
2 0.19741368293762207 0.6753042340278625 0.007291666666666667 0.012962962962962963
2 0.21133360266685486 0.5909037590026855 0.007291666666666667 0.012962962962962963
2 0.2234228104352951 0.5154681205749512 0.007291666666666667 0.012962962962962963
2 0.24569596350193024 0.3825313448905945 0.007291666666666667 0.012962962962962963
2 0.2548352777957916 0.32334548234939575 0.007291666666666667 0.012962962962962963
2 0.263794869184494 0.2680372893810272 0.007291666666666667 0.012962962962962963
2 0.3995682895183563 0.20606572926044464 0.007291666666666667 0.012962962962962963
2 0.49751970171928406 0.2077856957912445 0.007291666666666667 0.012962962962962963
2 0.5953209400177002 0.20995457470417023 0.007291666666666667 0.012962962962962963
2 0.7304764986038208 0.2769950330257416 0.007291666666666667 0.012962962962962963
2 0.739880383014679 0.3323139548301697 0.007291666666666667 0.012962962962962963
2 0.7497451305389404 0.3914864659309387 0.007291666666666667 0.012962962962962963
2 0.7708243727684021 0.5247801542282104 0.007291666666666667 0.012962962962962963
2 0.7832573652267456 0.6010075211524963 0.007291666666666667 0.012962962962962963
2 0.7963557839393616 0.6835060119628906 0.007291666666666667 0.012962962962962963
2 0.6367843747138977 0.8000146746635437 0.007291666666666667 0.012962962962962963
2 0.4970311224460602 0.797534167766571 0.007291666666666667 0.012962962962962963
2 0.3569713532924652 0.7959246039390564 0.007291666666666667 0.012962962962962963
