3 0.7636072039604187 0.5097251534461975 0.018104166666666668 0.029323809523809523
3 0.7278701066970825 0.5069403648376465 0.01944345238095238 0.03075238095238095
3 0.6509723663330078 0.4152684807777405 0.015645833333333335 0.02539047619047619
3 0.5626891851425171 0.46430104970932007 0.018327380952380953 0.02968095238095238
4 0.656074583530426 0.534551739692688 0.01944345238095238 0.03218571428571429
1 0.642198920249939 0.4724242687225342 0.018550595238095238 0.02968095238095238
3 0.5253394842147827 0.636252224445343 0.02257440476190476 0.03719047619047619
3 0.49420246481895447 0.7508145570755005 0.025032738095238094 0.039695238095238096
3 0.42794349789619446 0.6677101254463196 0.025032738095238094 0.036476190476190475
4 0.3844815194606781 0.7164992094039917 0.022797619047619046 0.040766666666666666
4 0.4489254653453827 0.5615238547325134 0.020785714285714286 0.032542857142857144
4 0.2500041425228119 0.6213419437408447 0.02324404761904762 0.0379047619047619
4 0.2839111387729645 0.5346119999885559 0.019666666666666666 0.0329
0 0.3090989589691162 0.5223987102508545 0.02011607142857143 0.03325714285714286
4 0.5222002863883972 0.44152989983558655 0.01743154761904762 0.02968095238095238
2 0.6723465919494629 0.3953148424625397 0.004419642857142857 0.004219047619047619
2 0.7465595006942749 0.41876840591430664 0.004419642857142857 0.00409047619047619
2 0.8253838419914246 0.44447794556617737 0.004961309523809524 0.00409047619047619
2 0.8798041343688965 0.5184329152107239 0.00550297619047619 0.004714285714285714
2 0.8326287269592285 0.5528244376182556 0.00550297619047619 0.0054571428571428575
2 0.7811872363090515 0.5905543565750122 0.0058125 0.005333333333333333
2 0.6624562740325928 0.6777048110961914 0.005889880952380952 0.005333333333333333
2 0.5923503041267395 0.7287864089012146 0.005967261904761905 0.0068190476190476195
2 0.5139734745025635 0.7858154773712158 0.006744047619047619 0.005704761904761905
2 0.2645060122013092 0.7945595979690552 0.007363095238095238 0.008061904761904761
2 0.1701771318912506 0.7403934597969055 0.006821428571428572 0.0064476190476190475
2 0.08393482118844986 0.6912343502044678 0.006898809523809524 0.005828571428571429
2 0.10618046671152115 0.5792447924613953 0.005657738095238096 0.004714285714285714
2 0.19143277406692505 0.5412094593048096 0.005657738095238096 0.003842857142857143
2 0.26939281821250916 0.5063478350639343 0.005657738095238096 0.004466666666666667
2 0.40395668148994446 0.4464452564716339 0.0054375 0.004895238095238095
2 0.4635019600391388 0.4197538495063782 0.004642857142857143 0.004347619047619048
2 0.5184081792831421 0.39504915475845337 0.004642857142857143 0.003533333333333333
