3 0.7622342109680176 0.5113533139228821 0.018104166666666668 0.029323809523809523
3 0.7263170480728149 0.5088506937026978 0.01944345238095238 0.03075238095238095
3 0.6490192413330078 0.4163362979888916 0.015645833333333335 0.02539047619047619
3 0.5605471134185791 0.46707218885421753 0.018327380952380953 0.02968095238095238
4 0.6542642712593079 0.537554919719696 0.01944345238095238 0.03218571428571429
1 0.6402769684791565 0.47456493973731995 0.018550595238095238 0.02968095238095238
3 0.523564338684082 0.6417272090911865 0.02257440476190476 0.03719047619047619
3 0.4927808344364166 0.7576947212219238 0.025032738095238094 0.039695238095238096
3 0.42644965648651123 0.67427659034729 0.025032738095238094 0.036476190476190475
4 0.38333407044410706 0.7238341569900513 0.022797619047619046 0.040766666666666666
4 0.4470224976539612 0.5667194128036499 0.020785714285714286 0.032542857142857144
4 0.24911658465862274 0.6288400292396545 0.02324404761904762 0.0379047619047619
4 0.2823870778083801 0.5409238338470459 0.019666666666666666 0.0329
0 0.3074096739292145 0.5283420085906982 0.02011607142857143 0.03325714285714286
4 0.5199428200721741 0.44433125853538513 0.01743154761904762 0.02968095238095238
2 0.6704702377319336 0.39579883217811584 0.004419642857142857 0.004219047619047619
2 0.7450963854789734 0.41893163323402405 0.004419642857142857 0.00409047619047619
2 0.8244380354881287 0.4443402588367462 0.004961309523809524 0.00409047619047619
2 0.879179835319519 0.5191487073898315 0.00550297619047619 0.004714285714285714
2 0.8316346406936646 0.5545591115951538 0.00550297619047619 0.0054571428571428575
2 0.7798822522163391 0.5933348536491394 0.0058125 0.005333333333333333
2 0.6608003377914429 0.6826249361038208 0.005889880952380952 0.005333333333333333
2 0.5907259583473206 0.7347864508628845 0.005967261904761905 0.0068190476190476195
2 0.5125930309295654 0.7928667664527893 0.006744047619047619 0.005704761904761905
2 0.2644481062889099 0.803239107131958 0.007363095238095238 0.008061904761904761
2 0.17058947682380676 0.7493765354156494 0.006821428571428572 0.0064476190476190475
2 0.08483617752790451 0.7005293965339661 0.006898809523809524 0.005828571428571429
2 0.1060769185423851 0.5875394344329834 0.005657738095238096 0.004714285714285714
2 0.1904471218585968 0.5484088063240051 0.005657738095238096 0.003842857142857143
2 0.26778724789619446 0.5124578475952148 0.005657738095238096 0.004466666666666667
2 0.40170466899871826 0.4504825472831726 0.0054375 0.004895238095238095
2 0.46113458275794983 0.4227917492389679 0.004642857142857143 0.004347619047619048
2 0.5160279870033264 0.39712026715278625 0.004642857142857143 0.003533333333333333
