2 0.4283934533596039 0.7902582287788391 0.004113095238095239 0.006161904761904762
2 0.3438068628311157 0.791172981262207 0.004113095238095239 0.006723809523809523
2 0.2589304745197296 0.79229336977005 0.00394047619047619 0.006580952380952381
2 0.14933347702026367 0.6226794123649597 0.0037648809523809523 0.006723809523809523
2 0.14883756637573242 0.48819857835769653 0.004202380952380952 0.006161904761904762
2 0.14833857119083405 0.3536304235458374 0.0037648809523809523 0.006723809523809523
2 0.25821080803871155 0.18095390498638153 0.0040267857142857145 0.006304761904761905
2 0.3438504636287689 0.1811818778514862 0.003851190476190476 0.006161904761904762
2 0.4290649890899658 0.18147386610507965 0.0037648809523809523 0.0064428571428571425
2 0.5976735949516296 0.18267016112804413 0.00394047619047619 0.006580952380952381
2 0.681675374507904 0.1834353506565094 0.003851190476190476 0.005880952380952381
2 0.765345573425293 0.18426737189292908 0.003675595238095238 0.0064428571428571425
2 0.8706374168395996 0.35455521941185 0.00394047619047619 0.0064428571428571425
2 0.8701054453849792 0.4867379665374756 0.003675595238095238 0.0064428571428571425
2 0.8692381381988525 0.6182398200035095 0.0037648809523809523 0.006861904761904762
2 0.7625297904014587 0.7866361737251282 0.00394047619047619 0.006723809523809523
2 0.6795445084571838 0.7876026034355164 0.003851190476190476 0.006580952380952381
2 0.596194863319397 0.7885733842849731 0.0037648809523809523 0.006723809523809523
3 0.3018799424171448 0.6523163318634033 0.014136904761904762 0.023809523809523808
3 0.3164867162704468 0.610538899898529 0.015068452380952382 0.024404761904761905
3 0.19414271414279938 0.3602439761161804 0.015997023809523808 0.024704761904761906
3 0.34780487418174744 0.3676523268222809 0.013952380952380954 0.023514285714285717
3 0.6868335008621216 0.5752097964286804 0.015625 0.024404761904761905
3 0.7332707047462463 0.7258709073066711 0.015068452380952382 0.0253
3 0.6069661974906921 0.6137981414794922 0.01488095238095238 0.02410952380952381
1 0.3111613690853119 0.4660307765007019 0.015306547619047619 0.02550952380952381
4 0.3324463367462158 0.2787243723869324 0.015306547619047619 0.02619047619047619
4 0.557070255279541 0.43443763256073 0.016157738095238097 0.02550952380952381
4 0.6137113571166992 0.23703892529010773 0.01594345238095238 0.02720952380952381
4 0.7257929444313049 0.3624730706214905 0.015732142857142858 0.02619047619047619
4 0.7504516839981079 0.6025880575180054 0.01594345238095238 0.02619047619047619
0 0.5853057503700256 0.2360384166240692 0.01424404761904762 0.02449047619047619
4 0.4046272337436676 0.585340142250061 0.016026785714285716 0.02600952380952381
