2 0.5800310969352722 0.7981400489807129 0.004113095238095239 0.006161904761904762
2 0.6654989123344421 0.799531877040863 0.004113095238095239 0.006723809523809523
2 0.7510253190994263 0.8011327385902405 0.00394047619047619 0.006580952380952381
2 0.85941481590271 0.6284506320953369 0.0037648809523809523 0.006723809523809523
2 0.8585822582244873 0.49223122000694275 0.004202380952380952 0.006161904761904762
2 0.857758104801178 0.3569275736808777 0.0037648809523809523 0.006723809523809523
2 0.7475563287734985 0.18308255076408386 0.0040267857142857145 0.006304761904761905
2 0.662701427936554 0.18200448155403137 0.003851190476190476 0.006161904761904762
2 0.5780317783355713 0.1809936910867691 0.0037648809523809523 0.0064428571428571425
2 0.40980103611946106 0.1796036958694458 0.00394047619047619 0.006580952380952381
2 0.3256362974643707 0.1790776550769806 0.003851190476190476 0.005880952380952381
2 0.24156951904296875 0.17862224578857422 0.003675595238095238 0.0064428571428571425
2 0.13373906910419464 0.34878018498420715 0.00394047619047619 0.0064428571428571425
2 0.1329372525215149 0.483249306678772 0.003675595238095238 0.0064428571428571425
2 0.13247905671596527 0.6180086731910706 0.0037648809523809523 0.006861904761904762
2 0.240101620554924 0.7925955653190613 0.00394047619047619 0.006723809523809523
2 0.32487159967422485 0.7940474152565002 0.003851190476190476 0.006580952380952381
2 0.40978318452835083 0.7955018281936646 0.0037648809523809523 0.006723809523809523
3 0.7069762349128723 0.6574488878250122 0.014136904761904762 0.023809523809523808
3 0.6920896768569946 0.6147260069847107 0.015068452380952382 0.024404761904761905
3 0.8124083876609802 0.3629893660545349 0.015997023809523808 0.024704761904761906
3 0.659589409828186 0.3685377538204193 0.013952380952380954 0.023514285714285717
3 0.3185100853443146 0.5754542946815491 0.015625 0.024404761904761905
3 0.2704078257083893 0.7299183011054993 0.015068452380952382 0.0253
3 0.3993128538131714 0.615636944770813 0.01488095238095238 0.02410952380952381
1 0.6966468691825867 0.4681437611579895 0.015306547619047619 0.02550952380952381
4 0.6744791865348816 0.2795240879058838 0.015306547619047619 0.02619047619047619
4 0.45005443692207336 0.43347927927970886 0.016157738095238097 0.02550952380952381
4 0.3935922384262085 0.23379984498023987 0.01594345238095238 0.02720952380952381
4 0.2802613079547882 0.3586251139640808 0.015732142857142858 0.02619047619047619
4 0.25372061133384705 0.6029378175735474 0.01594345238095238 0.02619047619047619
0 0.42205893993377686 0.23320862650871277 0.01424404761904762 0.02449047619047619
4 0.6034790277481079 0.5883013010025024 0.016026785714285716 0.02600952380952381
