2 0.5838742852210999 0.7831000685691833 0.004113095238095239 0.006161904761904762
2 0.6680383682250977 0.7833516597747803 0.004113095238095239 0.006723809523809523
2 0.7516831159591675 0.7838051319122314 0.00394047619047619 0.006580952380952381
2 0.8578091859817505 0.6147086024284363 0.0037648809523809523 0.006723809523809523
2 0.8577366471290588 0.48306190967559814 0.004202380952380952 0.006161904761904762
2 0.8576674461364746 0.3528421223163605 0.0037648809523809523 0.006723809523809523
2 0.7526546120643616 0.18512649834156036 0.0040267857142857145 0.006304761904761905
2 0.6704555153846741 0.1831563413143158 0.003851190476190476 0.006161904761904762
2 0.587880551815033 0.18123993277549744 0.0037648809523809523 0.0064428571428571425
2 0.4221365749835968 0.1779947131872177 0.00394047619047619 0.006580952380952381
2 0.3383684456348419 0.17651984095573425 0.003851190476190476 0.005880952380952381
2 0.2541259825229645 0.17510518431663513 0.003675595238095238 0.0064428571428571425
2 0.1423453986644745 0.34160950779914856 0.00394047619047619 0.0064428571428571425
2 0.13924872875213623 0.47482913732528687 0.003675595238095238 0.0064428571428571425
2 0.1364847868680954 0.6089193224906921 0.0037648809523809523 0.006861904761904762
2 0.24332159757614136 0.7820735573768616 0.00394047619047619 0.006723809523809523
2 0.32912692427635193 0.7824011445045471 0.003851190476190476 0.006580952380952381
2 0.41448497772216797 0.7827270030975342 0.0037648809523809523 0.006723809523809523
3 0.7097787261009216 0.6439258456230164 0.014136904761904762 0.023809523809523808
3 0.6955798864364624 0.6023703813552856 0.015068452380952382 0.024404761904761905
3 0.8140290975570679 0.35848134756088257 0.015997023809523808 0.024704761904761906
3 0.6658719182014465 0.3632318377494812 0.013952380952380954 0.023514285714285717
3 0.32576221227645874 0.5657057762145996 0.015625 0.024404761904761905
3 0.2750023901462555 0.7192413210868835 0.015068452380952382 0.0253
3 0.4062647521495819 0.6049639582633972 0.01488095238095238 0.02410952380952381
1 0.7011789083480835 0.45983895659446716 0.015306547619047619 0.02550952380952381
4 0.6811079978942871 0.27726149559020996 0.015306547619047619 0.02619047619047619
4 0.4590389132499695 0.42589688301086426 0.016157738095238097 0.02550952380952381
4 0.40536704659461975 0.23058706521987915 0.01594345238095238 0.02720952380952381
4 0.29037657380104065 0.35199159383773804 0.015732142857142858 0.02619047619047619
4 0.26000794768333435 0.5932305455207825 0.01594345238095238 0.02619047619047619
0 0.43364232778549194 0.23027531802654266 0.01424404761904762 0.02449047619047619
4 0.6089878082275391 0.5770441889762878 0.016026785714285716 0.02600952380952381
