2 0.5821482539176941 0.7957542538642883 0.004113095238095239 0.006161904761904762
2 0.6650238037109375 0.7952210307121277 0.004113095238095239 0.006723809523809523
2 0.7472072839736938 0.7948934435844421 0.00394047619047619 0.006580952380952381
2 0.8518911600112915 0.6262146234512329 0.0037648809523809523 0.006723809523809523
2 0.8523444533348083 0.4945980906486511 0.004202380952380952 0.006161904761904762
2 0.8527987003326416 0.36348414421081543 0.0037648809523809523 0.006723809523809523
2 0.7488777041435242 0.1934029906988144 0.0040267857142857145 0.006304761904761905
2 0.6667978763580322 0.1915116161108017 0.003851190476190476 0.006161904761904762
2 0.584154486656189 0.18967148661613464 0.0037648809523809523 0.0064428571428571425
2 0.4177058935165405 0.18658225238323212 0.00394047619047619 0.006580952380952381
2 0.3332936465740204 0.18518532812595367 0.003851190476190476 0.005880952380952381
2 0.2482079714536667 0.18384774029254913 0.003675595238095238 0.0064428571428571425
2 0.1376267969608307 0.3547040522098541 0.00394047619047619 0.0064428571428571425
2 0.13657066226005554 0.4901832938194275 0.003675595238095238 0.0064428571428571425
2 0.1358688324689865 0.6255661845207214 0.0037648809523809523 0.006861904761904762
2 0.2449367642402649 0.7979152798652649 0.00394047619047619 0.006723809523809523
2 0.3301852345466614 0.7974374294281006 0.003851190476190476 0.006580952380952381
2 0.41479843854904175 0.7969632148742676 0.0037648809523809523 0.006723809523809523
3 0.7060644030570984 0.6564079523086548 0.014136904761904762 0.023809523809523808
3 0.6920447945594788 0.6150482296943665 0.015068452380952382 0.024404761904761905
3 0.8095483183860779 0.36934658885002136 0.015997023809523808 0.024704761904761906
3 0.6624211072921753 0.3747189939022064 0.013952380952380954 0.023514285714285717
3 0.32462725043296814 0.580802321434021 0.015625 0.024404761904761905
3 0.2757062017917633 0.7350138425827026 0.015068452380952382 0.0253
3 0.40522629022598267 0.6196748614311218 0.01488095238095238 0.02410952380952381
1 0.6975489258766174 0.4720848500728607 0.015306547619047619 0.02550952380952381
4 0.6775138974189758 0.287439227104187 0.015306547619047619 0.02619047619047619
4 0.45650699734687805 0.439024955034256 0.016157738095238097 0.02550952380952381
4 0.40126192569732666 0.24049656093120575 0.01594345238095238 0.02720952380952381
4 0.2868640720844269 0.36473941802978516 0.015732142857142858 0.02619047619047619
4 0.2592606246471405 0.6089204549789429 0.01594345238095238 0.02619047619047619
0 0.42967650294303894 0.24011783301830292 0.01424404761904762 0.02449047619047619
4 0.6063541769981384 0.590307354927063 0.016026785714285716 0.02600952380952381
