2 0.41721951961517334 0.7896583080291748 0.004113095238095239 0.006161904761904762
2 0.3324073851108551 0.789824903011322 0.004113095238095239 0.006723809523809523
2 0.24794401228427887 0.790194034576416 0.00394047619047619 0.006580952380952381
2 0.14146274328231812 0.6206921339035034 0.0037648809523809523 0.006723809523809523
2 0.14226192235946655 0.48845818638801575 0.004202380952380952 0.006161904761904762
2 0.1430516242980957 0.35735130310058594 0.0037648809523809523 0.006723809523809523
2 0.25083091855049133 0.1889275759458542 0.0040267857142857145 0.006304761904761905
2 0.3342893719673157 0.18763203918933868 0.003851190476190476 0.006161904761904762
2 0.41796180605888367 0.18639639019966125 0.0037648809523809523 0.0064428571428571425
2 0.5853989124298096 0.18452847003936768 0.00394047619047619 0.006580952380952381
2 0.6697654128074646 0.18375332653522491 0.003851190476190476 0.005880952380952381
2 0.7544363737106323 0.1830441951751709 0.003675595238095238 0.0064428571428571425
2 0.8645148873329163 0.35062554478645325 0.00394047619047619 0.0064428571428571425
2 0.8660255670547485 0.4836132824420929 0.003675595238095238 0.0064428571428571425
2 0.8671905398368835 0.6171421408653259 0.0037648809523809523 0.006861904761904762
2 0.7586203217506409 0.788979172706604 0.00394047619047619 0.006723809523809523
2 0.6728675961494446 0.7892182469367981 0.003851190476190476 0.006580952380952381
2 0.5873839855194092 0.7894566059112549 0.0037648809523809523 0.006723809523809523
3 0.29123228788375854 0.6504004001617432 0.014136904761904762 0.023809523809523808
3 0.3058738112449646 0.6088365912437439 0.015068452380952382 0.024404761904761905
3 0.1873876452445984 0.3633089065551758 0.015997023809523808 0.024704761904761906
3 0.3376290500164032 0.3690120577812195 0.013952380952380954 0.023514285714285717
3 0.6784472465515137 0.5734597444534302 0.015625 0.024404761904761905
3 0.727649986743927 0.7265093326568604 0.015068452380952382 0.0253
3 0.597313642501831 0.6123551726341248 0.01488095238095238 0.02410952380952381
1 0.30119866132736206 0.4658821225166321 0.015306547619047619 0.02550952380952381
4 0.32281339168548584 0.28239962458610535 0.015306547619047619 0.02619047619047619
4 0.5459270477294922 0.43309643864631653 0.016157738095238097 0.02550952380952381
4 0.6017943024635315 0.23752664029598236 0.01594345238095238 0.02720952380952381
4 0.716153621673584 0.3600738048553467 0.015732142857142858 0.02619047619047619
4 0.7439962029457092 0.601129412651062 0.01594345238095238 0.02619047619047619
0 0.5733107328414917 0.23699307441711426 0.01424404761904762 0.02449047619047619
4 0.3935220241546631 0.5837729573249817 0.016026785714285716 0.02600952380952381
