2 0.5776723623275757 0.7996403574943542 0.004113095238095239 0.006161904761904762
2 0.6637466549873352 0.8005847930908203 0.004113095238095239 0.006723809523809523
2 0.7499134540557861 0.8017391562461853 0.00394047619047619 0.006580952380952381
2 0.8598750233650208 0.6275492310523987 0.0037648809523809523 0.006723809523809523
2 0.8595898747444153 0.4903523325920105 0.004202380952380952 0.006161904761904762
2 0.8593088984489441 0.3538629710674286 0.0037648809523809523 0.006723809523809523
2 0.7485344409942627 0.17892494797706604 0.0040267857142857145 0.006304761904761905
2 0.6627357006072998 0.1784142106771469 0.003851190476190476 0.006161904761904762
2 0.577158510684967 0.17797045409679413 0.0037648809523809523 0.0064428571428571425
2 0.4072250425815582 0.17771412432193756 0.00394047619047619 0.006580952380952381
2 0.3222593665122986 0.17775708436965942 0.003851190476190476 0.005880952380952381
2 0.23742668330669403 0.1778707206249237 0.003675595238095238 0.0064428571428571425
2 0.1286933571100235 0.35027655959129333 0.00394047619047619 0.0064428571428571425
2 0.12790942192077637 0.485705703496933 0.003675595238095238 0.0064428571428571425
2 0.12747235596179962 0.6212127208709717 0.0037648809523809523 0.006861904761904762
2 0.2356695979833603 0.7958792448043823 0.00394047619047619 0.006723809523809523
2 0.3209059238433838 0.7968860864639282 0.003851190476190476 0.006580952380952381
2 0.40631821751594543 0.797895073890686 0.0037648809523809523 0.006723809523809523
3 0.7059842348098755 0.6575900316238403 0.014136904761904762 0.023809523809523808
3 0.6911057233810425 0.6146986484527588 0.015068452380952382 0.024404761904761905
3 0.8134474754333496 0.3602721691131592 0.015997023809523808 0.024704761904761906
3 0.6590458750724792 0.3668454885482788 0.013952380952380954 0.023514285714285717
3 0.3147062659263611 0.5773599147796631 0.015625 0.024404761904761905
3 0.266178160905838 0.732827365398407 0.015068452380952382 0.0253
3 0.3960319757461548 0.6172981262207031 0.01488095238095238 0.02410952380952381
1 0.6961597800254822 0.46705958247184753 0.015306547619047619 0.02550952380952381
4 0.674349844455719 0.27688920497894287 0.015306547619047619 0.02619047619047619
4 0.4474468529224396 0.4336434602737427 0.016157738095238097 0.02550952380952381
4 0.3907858729362488 0.23257392644882202 0.01594345238095238 0.02720952380952381
4 0.27634334564208984 0.3592645823955536 0.015732142857142858 0.02619047619047619
4 0.24946151673793793 0.6053695678710938 0.01594345238095238 0.02619047619047619
0 0.4195210635662079 0.2317863553762436 0.01424404761904762 0.02449047619047619
4 0.6018241047859192 0.5886226296424866 0.016026785714285716 0.02600952380952381
