0 0.6034964919090271 0.27722397446632385 0.024479166666666666 0.04351851851851852
1 0.6711560487747192 0.2896074950695038 0.023958333333333335 0.04537037037037037
2 0.8398792147636414 0.5585055947303772 0.011458333333333333 0.012962962962962963
2 0.8131291270256042 0.4844084680080414 0.011458333333333333 0.012962962962962963
2 0.7898458242416382 0.4262202978134155 0.011458333333333333 0.012962962962962963
2 0.7517147064208984 0.3267306089401245 0.011458333333333333 0.012962962962962963
2 0.7222557663917542 0.24497771263122559 0.011458333333333333 0.012962962962962963
2 0.5856053233146667 0.20553597807884216 0.011458333333333333 0.012962962962962963
2 0.4883579611778259 0.20636281371116638 0.011458333333333333 0.012962962962962963
2 0.39010193943977356 0.2062985599040985 0.011458333333333333 0.012962962962962963
2 0.25761929154396057 0.2478611171245575 0.011458333333333333 0.012962962962962963
2 0.24584363400936127 0.28360530734062195 0.011458333333333333 0.012962962962962963
2 0.23303934931755066 0.3247166574001312 0.011458333333333333 0.012962962962962963
2 0.1997440904378891 0.42529842257499695 0.011458333333333333 0.012962962962962963
2 0.17796993255615234 0.4883527457714081 0.011458333333333333 0.012962962962962963
2 0.15413951873779297 0.5576866865158081 0.011458333333333333 0.012962962962962963
2 0.32874801754951477 0.6575765013694763 0.011458333333333333 0.012962962962962963
2 0.49822142720222473 0.6580238342285156 0.011458333333333333 0.012962962962962963
2 0.6682725548744202 0.659375786781311 0.011458333333333333 0.012962962962962963
