0 0.6105681657791138 0.2695610821247101 0.024479166666666666 0.04351851851851852
1 0.6771302819252014 0.2818620204925537 0.023958333333333335 0.04537037037037037
2 0.8409587144851685 0.5505278706550598 0.011458333333333333 0.012962962962962963
2 0.8152543306350708 0.4765945374965668 0.011458333333333333 0.012962962962962963
2 0.7928141951560974 0.41846874356269836 0.011458333333333333 0.012962962962962963
2 0.756026029586792 0.3189104199409485 0.011458333333333333 0.012962962962962963
2 0.7275784611701965 0.23694206774234772 0.011458333333333333 0.012962962962962963
2 0.5932832360267639 0.19743390381336212 0.011458333333333333 0.012962962962962963
2 0.4971233010292053 0.19833657145500183 0.011458333333333333 0.012962962962962963
2 0.39960411190986633 0.19834274053573608 0.011458333333333333 0.012962962962962963
2 0.2673601806163788 0.24054692685604095 0.011458333333333333 0.012962962962962963
2 0.25544649362564087 0.27677759528160095 0.011458333333333333 0.012962962962962963
2 0.24248021841049194 0.3184562921524048 0.011458333333333333 0.012962962962962963
2 0.2087741196155548 0.42047640681266785 0.011458333333333333 0.012962962962962963
2 0.18672993779182434 0.4844713509082794 0.011458333333333333 0.012962962962962963
2 0.16259174048900604 0.5548709034919739 0.011458333333333333 0.012962962962962963
2 0.3366028368473053 0.6543580889701843 0.011458333333333333 0.012962962962962963
2 0.504733681678772 0.6532002091407776 0.011458333333333333 0.012962962962962963
2 0.6723349094390869 0.6529512405395508 0.011458333333333333 0.012962962962962963
