0 0.38497093319892883 0.28114575147628784 0.024479166666666666 0.04351851851851852
1 0.31778019666671753 0.29383385181427 0.023958333333333335 0.04537037037037037
2 0.15286198258399963 0.5640037655830383 0.011458333333333333 0.012962962962962963
2 0.1786321997642517 0.4899056851863861 0.011458333333333333 0.012962962962962963
2 0.20117045938968658 0.4315561056137085 0.011458333333333333 0.012962962962962963
2 0.23817850649356842 0.3314506411552429 0.011458333333333333 0.012962962962962963
2 0.2668493986129761 0.24887749552726746 0.011458333333333333 0.012962962962962963
2 0.4025000333786011 0.20845147967338562 0.011458333333333333 0.012962962962962963
2 0.4996403157711029 0.2089034765958786 0.011458333333333333 0.012962962962962963
2 0.5981565713882446 0.20844580233097076 0.011458333333333333 0.012962962962962963
2 0.7315569519996643 0.2503196895122528 0.011458333333333333 0.012962962962962963
2 0.7434122562408447 0.28671929240226746 0.011458333333333333 0.012962962962962963
2 0.7562932372093201 0.3285605311393738 0.011458333333333333 0.012962962962962963
2 0.7897570133209229 0.43080994486808777 0.011458333333333333 0.012962962962962963
2 0.8116179704666138 0.4948294162750244 0.011458333333333333 0.012962962962962963
2 0.8355189561843872 0.5651543140411377 0.011458333333333333 0.012962962962962963
2 0.6600114107131958 0.6653299927711487 0.011458333333333333 0.012962962962962963
2 0.4910009503364563 0.6649634838104248 0.011458333333333333 0.012962962962962963
2 0.32252368330955505 0.6655011773109436 0.011458333333333333 0.012962962962962963
