4 0.21266183257102966 0.27736377716064453 0.018875 0.029566666666666668
3 0.326652854681015 0.33430731296539307 0.01549702380952381 0.02988095238095238
3 0.4747375547885895 0.30575352907180786 0.01688988095238095 0.028295238095238096
1 0.5770894885063171 0.30381590127944946 0.018479166666666668 0.02988095238095238
3 0.6948781609535217 0.27678337693214417 0.017485119047619048 0.031152380952380952
3 0.7266643643379211 0.4351554811000824 0.01811904761904762 0.02575238095238095
3 0.7045987248420715 0.45583513379096985 0.016910714285714286 0.027780952380952382
0 0.704581618309021 0.5104971528053284 0.016154761904761904 0.02609047619047619
4 0.5524598360061646 0.4820331335067749 0.01775892857142857 0.029838095238095236
4 0.5437073707580566 0.5138679146766663 0.018202380952380953 0.02936190476190476
3 0.1938919574022293 0.6411755084991455 0.018598214285714287 0.02678095238095238
3 0.488008588552475 0.7216993570327759 0.017976190476190475 0.024795238095238096
2 0.25785961747169495 0.8157453536987305 0.005583333333333333 0.008933333333333335
2 0.3440355956554413 0.8153951168060303 0.0045922619047619045 0.008538095238095239
2 0.42949897050857544 0.8145636320114136 0.005955357142857143 0.00873809523809524
2 0.5984496474266052 0.8139818906784058 0.005089285714285715 0.007347619047619047
2 0.6827880144119263 0.8125705122947693 0.005583333333333333 0.00873809523809524
2 0.7667934894561768 0.8114592432975769 0.005211309523809524 0.009133333333333334
2 0.8719488978385925 0.6393142342567444 0.005583333333333333 0.007742857142857143
2 0.8712811470031738 0.5055411458015442 0.0057083333333333335 0.009133333333333334
2 0.8707387447357178 0.3724290728569031 0.0060803571428571426 0.00873809523809524
2 0.7639426589012146 0.20079493522644043 0.0053363095238095236 0.009333333333333334
2 0.6806086301803589 0.19871091842651367 0.004717261904761905 0.008538095238095239
2 0.4278769791126251 0.19460853934288025 0.004717261904761905 0.007942857142857142
2 0.3425043821334839 0.19354574382305145 0.005089285714285715 0.008142857142857144
2 0.2565450072288513 0.19344677031040192 0.005089285714285715 0.008338095238095238
2 0.14603687822818756 0.3671143651008606 0.0062053571428571435 0.009133333333333334
2 0.1458289623260498 0.5037364363670349 0.0044672619047619044 0.007942857142857142
2 0.14599668979644775 0.6412427425384521 0.0049642857142857145 0.009333333333333334
