4 0.8006922602653503 0.28512486815452576 0.018875 0.029566666666666668
3 0.6865838766098022 0.34013742208480835 0.01549702380952381 0.02988095238095238
3 0.5375953912734985 0.30823954939842224 0.01688988095238095 0.028295238095238096
1 0.43390533328056335 0.30411407351493835 0.018479166666666668 0.02988095238095238
3 0.31368952989578247 0.2740401327610016 0.017485119047619048 0.031152380952380952
3 0.28246787190437317 0.4344886541366577 0.01811904761904762 0.02575238095238095
3 0.30513080954551697 0.4558194875717163 0.016910714285714286 0.027780952380952382
0 0.30556872487068176 0.5110651850700378 0.016154761904761904 0.02609047619047619
4 0.4596109390258789 0.4848170280456543 0.01775892857142857 0.029838095238095236
4 0.46856769919395447 0.5169755220413208 0.018202380952380953 0.02936190476190476
3 0.817693829536438 0.6487348675727844 0.018598214285714287 0.02678095238095238
3 0.5251636505126953 0.7253413200378418 0.017976190476190475 0.024795238095238096
2 0.7538590431213379 0.8203049302101135 0.005583333333333333 0.008933333333333335
2 0.6686256527900696 0.8193089365959167 0.0045922619047619045 0.008538095238095239
2 0.5837222337722778 0.8178387880325317 0.005955357142857143 0.00873809523809524
2 0.4147709310054779 0.8159664273262024 0.005089285714285715 0.007347619047619047
2 0.32986980676651 0.8139113783836365 0.005583333333333333 0.00873809523809524
2 0.2449313998222351 0.8121487498283386 0.005211309523809524 0.009133333333333334
2 0.13607098162174225 0.6386076211929321 0.005583333333333333 0.007742857142857143
2 0.13517208397388458 0.5034036040306091 0.0057083333333333335 0.009133333333333334
2 0.13414618372917175 0.367993026971817 0.0060803571428571426 0.00873809523809524
2 0.24222317337989807 0.19467251002788544 0.0053363095238095236 0.009333333333333334
2 0.3277169466018677 0.19455231726169586 0.004717261904761905 0.008538095238095239
2 0.584778904914856 0.19644759595394135 0.004717261904761905 0.007942857142857142
2 0.6708608865737915 0.19741015136241913 0.005089285714285715 0.008142857142857144
2 0.7571499943733215 0.19935868680477142 0.005089285714285715 0.008338095238095238
2 0.8664968609809875 0.3766312599182129 0.0062053571428571435 0.009133333333333334
2 0.8659057021141052 0.5130121111869812 0.0044672619047619044 0.007942857142857142
2 0.8649431467056274 0.6493734121322632 0.0049642857142857145 0.009333333333333334
