4 0.396028071641922 0.6649432182312012 0.023958333333333335 0.04537037037037037
1 0.4387305676937103 0.48088598251342773 0.021875 0.040740740740740744
3 0.39017409086227417 0.3981322646141052 0.020833333333333332 0.037037037037037035
4 0.4182277023792267 0.2129031866788864 0.01875 0.03425925925925926
0 0.5533192753791809 0.2438894808292389 0.01875 0.03425925925925926
4 0.6275960206985474 0.7160519361495972 0.026041666666666668 0.04722222222222222
4 0.7385988235473633 0.7369934916496277 0.025520833333333333 0.03981481481481482
2 0.7994468212127686 0.6568034887313843 0.007291666666666667 0.012962962962962963
2 0.7844981551170349 0.5721151232719421 0.007291666666666667 0.012962962962962963
2 0.770128071308136 0.49402379989624023 0.007291666666666667 0.012962962962962963
2 0.7467049956321716 0.3605436384677887 0.007291666666666667 0.012962962962962963
2 0.735563337802887 0.30145132541656494 0.007291666666666667 0.012962962962962963
2 0.726252019405365 0.24696390330791473 0.007291666666666667 0.012962962962962963
2 0.5871373414993286 0.1838812232017517 0.007291666666666667 0.012962962962962963
2 0.4879741668701172 0.18402418494224548 0.007291666666666667 0.012962962962962963
2 0.38969364762306213 0.18505045771598816 0.007291666666666667 0.012962962962962963
2 0.2522179186344147 0.24927829205989838 0.007291666666666667 0.012962962962962963
2 0.24297943711280823 0.3041408956050873 0.007291666666666667 0.012962962962962963
2 0.2319311797618866 0.36263307929039 0.007291666666666667 0.012962962962962963
2 0.20915190875530243 0.49548131227493286 0.007291666666666667 0.012962962962962963
2 0.19638627767562866 0.57168048620224 0.007291666666666667 0.012962962962962963
2 0.18149827420711517 0.6560834646224976 0.007291666666666667 0.012962962962962963
2 0.3445742428302765 0.7775143384933472 0.007291666666666667 0.012962962962962963
2 0.4893985092639923 0.7785251140594482 0.007291666666666667 0.012962962962962963
2 0.6350396275520325 0.7786346077919006 0.007291666666666667 0.012962962962962963
