4 0.39953455328941345 0.6586093902587891 0.023958333333333335 0.04537037037037037
1 0.44276630878448486 0.4789942502975464 0.021875 0.040740740740740744
3 0.39488309621810913 0.3980712592601776 0.020833333333333332 0.037037037037037035
4 0.423543244600296 0.2173801213502884 0.01875 0.03425925925925926
0 0.5577898621559143 0.24768035113811493 0.01875 0.03425925925925926
4 0.6300004720687866 0.7098786234855652 0.026041666666666668 0.04722222222222222
4 0.7409343719482422 0.7310639023780823 0.025520833333333333 0.03981481481481482
2 0.8021970987319946 0.6527205109596252 0.007291666666666667 0.012962962962962963
2 0.7875187993049622 0.5695587396621704 0.007291666666666667 0.012962962962962963
2 0.7734058499336243 0.49292218685150146 0.007291666666666667 0.012962962962962963
2 0.7504435777664185 0.36204203963279724 0.007291666666666667 0.012962962962962963
2 0.7395132780075073 0.30414363741874695 0.007291666666666667 0.012962962962962963
2 0.7304016351699829 0.2507822513580322 0.007291666666666667 0.012962962962962963
2 0.5917335748672485 0.18904848396778107 0.007291666666666667 0.012962962962962963
2 0.4929875135421753 0.18920128047466278 0.007291666666666667 0.012962962962962963
2 0.39533501863479614 0.19021490216255188 0.007291666666666667 0.012962962962962963
2 0.25881093740463257 0.25276869535446167 0.007291666666666667 0.012962962962962963
2 0.24941635131835938 0.30618852376937866 0.007291666666666667 0.012962962962962963
2 0.23821449279785156 0.363140344619751 0.007291666666666667 0.012962962962962963
2 0.21506182849407196 0.49249234795570374 0.007291666666666667 0.012962962962962963
2 0.20207875967025757 0.5666870474815369 0.007291666666666667 0.012962962962962963
2 0.18695831298828125 0.6488663554191589 0.007291666666666667 0.012962962962962963
2 0.34794414043426514 0.7682780623435974 0.007291666666666667 0.012962962962962963
2 0.49192094802856445 0.7701982259750366 0.007291666666666667 0.012962962962962963
2 0.6371914148330688 0.7712466716766357 0.007291666666666667 0.012962962962962963
