4 0.5343269109725952 0.793445885181427 0.022964285714285715 0.0379047619047619
4 0.6143239140510559 0.686635434627533 0.018130952380952383 0.031328571428571435
4 0.5036242008209229 0.6381398439407349 0.019339285714285715 0.030942857142857143
4 0.3973804712295532 0.6847216486930847 0.020065476190476193 0.03403809523809524
3 0.4570690989494324 0.6742533445358276 0.01982142857142857 0.03171428571428571
3 0.3703681528568268 0.6240692138671875 0.016922619047619047 0.02978095238095238
0 0.4324466288089752 0.6860874891281128 0.019339285714285715 0.03171428571428571
4 0.7094151377677917 0.6017075777053833 0.016678571428571428 0.02978095238095238
3 0.7358439564704895 0.6140658259391785 0.016678571428571428 0.027461904761904764
3 0.8011816740036011 0.5130403637886047 0.013779761904761904 0.02475238095238095
3 0.6968482136726379 0.5095325112342834 0.013779761904761904 0.022433333333333333
4 0.557472288608551 0.4901599586009979 0.01330952380952381 0.02184761904761905
4 0.6330532431602478 0.46464988589286804 0.012276785714285714 0.019457142857142857
2 0.6575915217399597 0.4524957835674286 0.004092261904761905 0.003880952380952381
2 0.7185124754905701 0.46466317772865295 0.003586309523809524 0.003880952380952381
2 0.7841305136680603 0.4780631363391876 0.004092261904761905 0.003557142857142857
2 0.8477636575698853 0.530240535736084 0.004345238095238095 0.004523809523809524
2 0.8242913484573364 0.5608007907867432 0.0047470238095238095 0.004285714285714286
2 0.7975885272026062 0.595335841178894 0.00525297619047619 0.004847619047619048
2 0.732184648513794 0.6809205412864685 0.005657738095238096 0.005980952380952381
2 0.6909782886505127 0.7345079183578491 0.005758928571428572 0.005495238095238095
2 0.6418280005455017 0.7985794544219971 0.006666666666666666 0.005252380952380952
2 0.4234159290790558 0.8349729776382446 0.007020833333333333 0.006709523809523809
2 0.3280540704727173 0.7908733487129211 0.00656547619047619 0.0058190476190476195
2 0.2430841326713562 0.7518870830535889 0.006214285714285714 0.00509047619047619
3 0.2963784337043762 0.7316221594810486 0.022160714285714284 0.036071428571428574
2 0.2479267716407776 0.6455557346343994 0.0056309523809523815 0.006147619047619048
2 0.3142819404602051 0.6048662662506104 0.005300595238095238 0.005404761904761904
2 0.371778279542923 0.5693495869636536 0.005166666666666667 0.004028571428571429
2 0.46707379817962646 0.5107760429382324 0.0040416666666666665 0.004771428571428571
2 0.5074016451835632 0.48618853092193604 0.003711309523809524 0.0033904761904761907
2 0.5437065362930298 0.4640076160430908 0.003642857142857143 0.004347619047619048
