4 0.5273618698120117 0.8014311194419861 0.022964285714285715 0.0379047619047619
4 0.6066416501998901 0.695563793182373 0.018130952380952383 0.031328571428571435
4 0.49685654044151306 0.6486668586730957 0.019339285714285715 0.030942857142857143
4 0.39208757877349854 0.6956750154495239 0.020065476190476193 0.03403809523809524
3 0.4508994221687317 0.6848022937774658 0.01982142857142857 0.03171428571428571
3 0.36518940329551697 0.6361331343650818 0.016922619047619047 0.02978095238095238
0 0.4266427457332611 0.6966980695724487 0.019339285714285715 0.03171428571428571
4 0.7016768455505371 0.610315203666687 0.016678571428571428 0.02978095238095238
3 0.7280488610267639 0.6223326325416565 0.016678571428571428 0.027461904761904764
3 0.7942458391189575 0.5205951929092407 0.013779761904761904 0.02475238095238095
3 0.6895034909248352 0.5184350609779358 0.013779761904761904 0.022433333333333333
4 0.5502585172653198 0.5008951425552368 0.01330952380952381 0.02184761904761905
4 0.6257722973823547 0.4743368625640869 0.012276785714285714 0.019457142857142857
2 0.6503761410713196 0.4618026912212372 0.004092261904761905 0.003880952380952381
2 0.7114387154579163 0.4731590747833252 0.003586309523809524 0.003880952380952381
2 0.7773321270942688 0.48571014404296875 0.004092261904761905 0.003557142857142857
2 0.8410149812698364 0.5372506380081177 0.004345238095238095 0.004523809523809524
2 0.8171299695968628 0.5681561231613159 0.0047470238095238095 0.004285714285714286
2 0.7900394797325134 0.602980375289917 0.00525297619047619 0.004847619047619048
2 0.7240389585494995 0.688805341720581 0.005657738095238096 0.005980952380952381
2 0.6827187538146973 0.742209255695343 0.005758928571428572 0.005495238095238095
2 0.6336922645568848 0.8057230114936829 0.006666666666666666 0.005252380952380952
2 0.4182906150817871 0.8428118228912354 0.007020833333333333 0.006709523809523809
2 0.32460689544677734 0.8003583550453186 0.00656547619047619 0.0058190476190476195
2 0.24124276638031006 0.7628809213638306 0.006214285714285714 0.00509047619047619
3 0.2931920289993286 0.7426207661628723 0.022160714285714284 0.036071428571428574
2 0.24504968523979187 0.6585586071014404 0.0056309523809523815 0.006147619047619048
2 0.30986517667770386 0.6177661418914795 0.005300595238095238 0.005404761904761904
2 0.3662937581539154 0.5819942355155945 0.005166666666666667 0.004028571428571429
2 0.4603741466999054 0.5226452350616455 0.0040416666666666665 0.004771428571428571
2 0.500397264957428 0.4975973069667816 0.003711309523809524 0.0033904761904761907
2 0.5365344285964966 0.4749350845813751 0.003642857142857143 0.004347619047619048
