4 0.47612497210502625 0.8013958930969238 0.022964285714285715 0.0379047619047619
4 0.39468157291412354 0.6963079571723938 0.018130952380952383 0.031328571428571435
4 0.5048952698707581 0.6470124125480652 0.019339285714285715 0.030942857142857143
4 0.6111985445022583 0.6919887065887451 0.020065476190476193 0.03403809523809524
3 0.5517416596412659 0.682289719581604 0.01982142857142857 0.03171428571428571
3 0.6372117400169373 0.6318088173866272 0.016922619047619047 0.02978095238095238
0 0.5763852000236511 0.693728506565094 0.019339285714285715 0.03171428571428571
4 0.29798704385757446 0.6127724647521973 0.016678571428571428 0.02978095238095238
3 0.2714475393295288 0.6253284215927124 0.016678571428571428 0.027461904761904764
3 0.20418722927570343 0.5251092910766602 0.013779761904761904 0.02475238095238095
3 0.30959248542785645 0.5209243297576904 0.013779761904761904 0.022433333333333333
4 0.4492972195148468 0.5008154511451721 0.01330952380952381 0.02184761904761905
4 0.3732452094554901 0.4759393334388733 0.012276785714285714 0.019457142857142857
2 0.3484452962875366 0.46399590373039246 0.004092261904761905 0.003880952380952381
2 0.28723010420799255 0.47640883922576904 0.003586309523809524 0.003880952380952381
2 0.22106671333312988 0.4901193380355835 0.004092261904761905 0.003557142857142857
2 0.15710631012916565 0.5426043272018433 0.004345238095238095 0.004523809523809524
2 0.18128210306167603 0.5729530453681946 0.0047470238095238095 0.004285714285714286
2 0.2087523639202118 0.6072098612785339 0.00525297619047619 0.004847619047619048
2 0.27591103315353394 0.6919402480125427 0.005657738095238096 0.005980952380952381
2 0.3181202709674835 0.7448659539222717 0.005758928571428572 0.005495238095238095
2 0.3683689534664154 0.8080225586891174 0.006666666666666666 0.005252380952380952
2 0.587233304977417 0.8409487009048462 0.007020833333333333 0.006709523809523809
2 0.6812365055084229 0.7959721684455872 0.00656547619047619 0.0058190476190476195
2 0.7645707726478577 0.7564051151275635 0.006214285714285714 0.00509047619047619
3 0.7117676734924316 0.7371045351028442 0.022160714285714284 0.036071428571428574
2 0.7584025263786316 0.6517953276634216 0.0056309523809523815 0.006147619047619048
2 0.6924451589584351 0.6123546361923218 0.005300595238095238 0.005404761904761904
2 0.6351178288459778 0.577820360660553 0.005166666666666667 0.004028571428571429
2 0.5397517085075378 0.5206582546234131 0.0040416666666666665 0.004771428571428571
2 0.49926266074180603 0.49658581614494324 0.003711309523809524 0.0033904761904761907
2 0.46274372935295105 0.4748283624649048 0.003642857142857143 0.004347619047619048
