4 0.4697555601596832 0.8006433844566345 0.022964285714285715 0.0379047619047619
4 0.390908807516098 0.6976519823074341 0.018130952380952383 0.031328571428571435
4 0.49915966391563416 0.6494723558425903 0.019339285714285715 0.030942857142857143
4 0.60374516248703 0.694026529788971 0.020065476190476193 0.03403809523809524
3 0.5450260043144226 0.684309720993042 0.01982142857142857 0.03171428571428571
3 0.6303220987319946 0.6345305442810059 0.016922619047619047 0.02978095238095238
0 0.5692558884620667 0.6956438422203064 0.019339285714285715 0.03171428571428571
4 0.29720160365104675 0.6157715320587158 0.016678571428571428 0.02978095238095238
3 0.27149635553359985 0.6280623078346252 0.016678571428571428 0.027461904761904764
3 0.20649704337120056 0.5300194025039673 0.013779761904761904 0.02475238095238095
3 0.30862873792648315 0.5254877805709839 0.013779761904761904 0.022433333333333333
4 0.44548067450523376 0.5049690008163452 0.01330952380952381 0.02184761904761905
4 0.37090834975242615 0.4806990921497345 0.012276785714285714 0.019457142857142857
2 0.3466760218143463 0.46901145577430725 0.004092261904761905 0.003880952380952381
2 0.28693917393684387 0.48166629672050476 0.003586309523809524 0.003880952380952381
2 0.2227601855993271 0.49555182456970215 0.004092261904761905 0.003557142857142857
2 0.16121265292167664 0.54732745885849 0.004345238095238095 0.004523809523809524
2 0.1845237910747528 0.5769455432891846 0.0047470238095238095 0.004285714285714286
2 0.2110101282596588 0.6103761196136475 0.00525297619047619 0.004847619047619048
2 0.2757589817047119 0.6930559277534485 0.005657738095238096 0.005980952380952381
2 0.31644967198371887 0.7446961402893066 0.005758928571428572 0.005495238095238095
2 0.36488640308380127 0.8063133358955383 0.006666666666666666 0.005252380952380952
2 0.5783936977386475 0.8400946855545044 0.007020833333333333 0.006709523809523809
2 0.671938955783844 0.7967747449874878 0.00656547619047619 0.0058190476190476195
2 0.7556967735290527 0.7582863569259644 0.006214285714285714 0.00509047619047619
3 0.703198254108429 0.7389454245567322 0.022160714285714284 0.036071428571428574
2 0.7512564063072205 0.6544841527938843 0.0056309523809523815 0.006147619047619048
2 0.6857227683067322 0.6152001023292542 0.005300595238095238 0.005404761904761904
2 0.6289142966270447 0.580891489982605 0.005166666666666667 0.004028571428571429
2 0.5347089767456055 0.5242847204208374 0.0040416666666666665 0.004771428571428571
2 0.4948246479034424 0.5005152821540833 0.003711309523809524 0.0033904761904761907
2 0.4589097499847412 0.4790661334991455 0.003642857142857143 0.004347619047619048
