3 0.7647387385368347 0.7155231237411499 0.017517857142857144 0.02760952380952381
3 0.7150017619132996 0.5486242771148682 0.016732142857142855 0.02760952380952381
4 0.8037745356559753 0.3471122086048126 0.01725595238095238 0.02677142857142857
4 0.684894859790802 0.2809208631515503 0.015163690476190476 0.02760952380952381
4 0.5268392562866211 0.6992734670639038 0.016732142857142855 0.027190476190476192
3 0.5173579454421997 0.7468616962432861 0.015163690476190476 0.024261904761904762
4 0.3567277491092682 0.6812994480133057 0.016732142857142855 0.028028571428571427
4 0.21364331245422363 0.6998448371887207 0.016732142857142855 0.028866666666666665
4 0.2688964903354645 0.4346858859062195 0.01699404761904762 0.028447619047619048
4 0.37346693873405457 0.4885026514530182 0.016732142857142855 0.028028571428571427
3 0.30421942472457886 0.4870316684246063 0.01725595238095238 0.028447619047619048
3 0.17965248227119446 0.391028493642807 0.017779761904761906 0.02593809523809524
3 0.33040735125541687 0.3028496503829956 0.015949404761904762 0.028866666666666665
0 0.2800425887107849 0.47608035802841187 0.015949404761904762 0.02677142857142857
2 0.7340468764305115 0.8139205574989319 0.004511904761904762 0.007533333333333334
2 0.65053790807724 0.8139774203300476 0.0044136904761904764 0.006747619047619047
2 0.567493200302124 0.8141844868659973 0.005199404761904762 0.007533333333333334
2 0.402788907289505 0.813910186290741 0.004511904761904762 0.007376190476190476
2 0.32050541043281555 0.8134254813194275 0.004315476190476191 0.008004761904761903
2 0.2388174831867218 0.8131713271141052 0.005101190476190476 0.007533333333333334
2 0.13363392651081085 0.6439417600631714 0.004904761904761905 0.007690476190476189
2 0.1329825222492218 0.5113826990127563 0.004806547619047618 0.006904761904761905
2 0.13232974708080292 0.37792161107063293 0.004315476190476191 0.008942857142857143
2 0.2365642786026001 0.20522336661815643 0.004904761904761905 0.007847619047619048
2 0.3191109895706177 0.20438271760940552 0.0047083333333333335 0.006904761904761905
2 0.4019242823123932 0.20299939811229706 0.004806547619047618 0.007061904761904762
2 0.5684731006622314 0.20099033415317535 0.0047083333333333335 0.007061904761904762
2 0.6522520780563354 0.20075441896915436 0.004806547619047618 0.007376190476190476
2 0.7362169027328491 0.19935497641563416 0.004217261904761905 0.00659047619047619
2 0.8440136909484863 0.37219691276550293 0.004904761904761905 0.007061904761904762
2 0.8432796001434326 0.5079690217971802 0.004511904761904762 0.007690476190476189
