3 0.7712646722793579 0.7157419919967651 0.017517857142857144 0.02760952380952381
3 0.7226241230964661 0.5508378744125366 0.016732142857142855 0.02760952380952381
4 0.8121579885482788 0.35347381234169006 0.01725595238095238 0.02677142857142857
4 0.6942980289459229 0.2874718904495239 0.015163690476190476 0.02760952380952381
4 0.5332218408584595 0.6986551880836487 0.016732142857142855 0.027190476190476192
3 0.5233140587806702 0.7457787990570068 0.015163690476190476 0.024261904761904762
4 0.3621978759765625 0.6800678968429565 0.016732142857142855 0.028028571428571427
4 0.21742205321788788 0.6978461146354675 0.016732142857142855 0.028866666666666665
4 0.27611643075942993 0.4352197051048279 0.01699404761904762 0.028447619047619048
4 0.38090717792510986 0.48921066522598267 0.016732142857142855 0.028028571428571427
3 0.31118664145469666 0.4872603714466095 0.01725595238095238 0.028447619047619048
3 0.1865159571170807 0.3913154900074005 0.017779761904761906 0.02593809523809524
3 0.3393954336643219 0.305609792470932 0.015949404761904762 0.028866666666666665
0 0.28692373633384705 0.47624969482421875 0.015949404761904762 0.02677142857142857
2 0.7400302886962891 0.8129385113716125 0.004511904761904762 0.007533333333333334
2 0.6564474701881409 0.8127550482749939 0.0044136904761904764 0.006747619047619047
2 0.5731454491615295 0.8127216100692749 0.005199404761904762 0.007533333333333334
2 0.40739527344703674 0.8119738101959229 0.004511904761904762 0.007376190476190476
2 0.3243224322795868 0.8112529516220093 0.004315476190476191 0.008004761904761903
2 0.24167008697986603 0.8107619881629944 0.005101190476190476 0.007533333333333334
2 0.13699355721473694 0.6418611407279968 0.004904761904761905 0.007690476190476189
2 0.1379084289073944 0.5101815462112427 0.004806547619047618 0.006904761904761905
2 0.13883019983768463 0.3779444694519043 0.004315476190476191 0.008942857142857143
2 0.24597784876823425 0.20847207307815552 0.004904761904761905 0.007847619047619048
2 0.32901808619499207 0.20853812992572784 0.0047083333333333335 0.006904761904761905
2 0.4121490716934204 0.20807361602783203 0.004806547619047618 0.007061904761904762
2 0.5787777304649353 0.20790046453475952 0.0047083333333333335 0.007061904761904762
2 0.6623144149780273 0.20857244729995728 0.004806547619047618 0.007376190476190476
2 0.7458592057228088 0.20810654759407043 0.004217261904761905 0.00659047619047619
2 0.8519896864891052 0.3784138560295105 0.004904761904761905 0.007061904761904762
2 0.8505932092666626 0.5116729736328125 0.004511904761904762 0.007690476190476189
