3 0.6675394773483276 0.6855738162994385 0.025520833333333333 0.044444444444444446
3 0.6543179750442505 0.5104824900627136 0.022395833333333334 0.040740740740740744
4 0.6579713821411133 0.29109784960746765 0.019270833333333334 0.03611111111111111
1 0.6176528334617615 0.4636531472206116 0.021354166666666667 0.040740740740740744
3 0.5779860615730286 0.4329860508441925 0.021354166666666667 0.03888888888888889
4 0.554336428642273 0.29343488812446594 0.019791666666666666 0.03518518518518519
4 0.50453120470047 0.40387067198753357 0.021354166666666667 0.03981481481481482
4 0.5367679595947266 0.5225563049316406 0.022916666666666665 0.03981481481481482
0 0.5155574083328247 0.6076713800430298 0.0234375 0.04351851851851852
4 0.5290957093238831 0.6350073218345642 0.024479166666666666 0.041666666666666664
4 0.42665183544158936 0.32859721779823303 0.019791666666666666 0.037037037037037035
3 0.42446041107177734 0.431743860244751 0.021354166666666667 0.03888888888888889
4 0.39026471972465515 0.7046862840652466 0.025 0.046296296296296294
2 0.2008376270532608 0.6602984070777893 0.007291666666666667 0.012962962962962963
2 0.21652789413928986 0.5758097171783447 0.007291666666666667 0.012962962962962963
2 0.23014135658740997 0.49823471903800964 0.007291666666666667 0.012962962962962963
2 0.2534635663032532 0.36726900935173035 0.007291666666666667 0.012962962962962963
2 0.2647176682949066 0.3039391040802002 0.007291666666666667 0.012962962962962963
2 0.2741703391075134 0.24965929985046387 0.007291666666666667 0.012962962962962963
2 0.4112750291824341 0.18548765778541565 0.007291666666666667 0.012962962962962963
2 0.5100057125091553 0.18639719486236572 0.007291666666666667 0.012962962962962963
2 0.6088183522224426 0.18596558272838593 0.007291666666666667 0.012962962962962963
2 0.745349645614624 0.25091466307640076 0.007291666666666667 0.012962962962962963
2 0.7549102902412415 0.3057655394077301 0.007291666666666667 0.012962962962962963
2 0.7655023336410522 0.36378324031829834 0.007291666666666667 0.012962962962962963
2 0.7880545258522034 0.4983188807964325 0.007291666666666667 0.012962962962962963
2 0.8007808923721313 0.5753180980682373 0.007291666666666667 0.012962962962962963
2 0.8148195147514343 0.6595796942710876 0.007291666666666667 0.012962962962962963
2 0.6515595316886902 0.780733585357666 0.007291666666666667 0.012962962962962963
2 0.507955014705658 0.7798517942428589 0.007291666666666667 0.012962962962962963
2 0.36476272344589233 0.7812196016311646 0.007291666666666667 0.012962962962962963
