3 0.3329393267631531 0.6708431839942932 0.025520833333333333 0.044444444444444446
3 0.3418588638305664 0.5012642741203308 0.022395833333333334 0.040740740740740744
4 0.33319154381752014 0.2878553569316864 0.019270833333333334 0.03611111111111111
1 0.37682411074638367 0.4566950798034668 0.021354166666666667 0.040740740740740744
3 0.41523075103759766 0.42782044410705566 0.021354166666666667 0.03888888888888889
4 0.43541157245635986 0.2921608090400696 0.019791666666666666 0.03518518518518519
4 0.4873029589653015 0.4011712968349457 0.021354166666666667 0.03981481481481482
4 0.4580395519733429 0.5162701606750488 0.022916666666666665 0.03981481481481482
0 0.48099616169929504 0.5999588966369629 0.0234375 0.04351851851851852
4 0.4682009518146515 0.6262010335922241 0.024479166666666666 0.041666666666666664
4 0.5631632208824158 0.32919010519981384 0.019791666666666666 0.037037037037037035
3 0.5676755309104919 0.43041175603866577 0.021354166666666667 0.03888888888888889
4 0.6079868078231812 0.6989630460739136 0.025 0.046296296296296294
2 0.7979050874710083 0.6618176102638245 0.007291666666666667 0.012962962962962963
2 0.7801395654678345 0.577914834022522 0.007291666666666667 0.012962962962962963
2 0.7646397948265076 0.5009407997131348 0.007291666666666667 0.012962962962962963
2 0.7381449341773987 0.37106046080589294 0.007291666666666667 0.012962962962962963
2 0.7253643870353699 0.3082924783229828 0.007291666666666667 0.012962962962962963
2 0.7146092653274536 0.25451672077178955 0.007291666666666667 0.012962962962962963
2 0.5753120183944702 0.18894559144973755 0.007291666666666667 0.012962962962962963
2 0.4769153296947479 0.18826811015605927 0.007291666666666667 0.012962962962962963
2 0.37912654876708984 0.18628591299057007 0.007291666666666667 0.012962962962962963
2 0.24671605229377747 0.24718043208122253 0.007291666666666667 0.012962962962962963
2 0.23867537081241608 0.30019864439964294 0.007291666666666667 0.012962962962962963
2 0.22971293330192566 0.35620397329330444 0.007291666666666667 0.012962962962962963
2 0.21092478930950165 0.4858688414096832 0.007291666666666667 0.012962962962962963
2 0.20036977529525757 0.5599326491355896 0.007291666666666667 0.012962962962962963
2 0.188728466629982 0.6408520340919495 0.007291666666666667 0.012962962962962963
2 0.35081082582473755 0.7637031078338623 0.007291666666666667 0.012962962962962963
2 0.4924456775188446 0.7681791186332703 0.007291666666666667 0.012962962962962963
2 0.6352345943450928 0.7748924493789673 0.007291666666666667 0.012962962962962963
