2 0.5428722500801086 0.709220826625824 0.005952380952380952 0.005504761904761905
2 0.6185638308525085 0.65133136510849 0.006139880952380952 0.005357142857142857
2 0.6840821504592896 0.6010703444480896 0.005395833333333333 0.005504761904761905
2 0.7909546494483948 0.5193014740943909 0.004928571428571428 0.004614285714285714
2 0.8359156847000122 0.48486533761024475 0.004836309523809524 0.004761904761904762
2 0.876301109790802 0.4537937045097351 0.004464285714285714 0.004314285714285715
2 0.824160099029541 0.3936786651611328 0.004279761904761905 0.003423809523809524
2 0.7545006275177002 0.3760722875595093 0.003720238095238095 0.0031238095238095235
2 0.6905914545059204 0.3596687912940979 0.004372023809523809 0.003719047619047619
2 0.560638964176178 0.36492183804512024 0.003535714285714286 0.0031238095238095235
2 0.5131894946098328 0.38615795969963074 0.0034404761904761904 0.0031238095238095235
2 0.4613747298717499 0.40899550914764404 0.0038125000000000004 0.0031238095238095235
2 0.342400461435318 0.46214863657951355 0.00418452380952381 0.002976190476190476
2 0.2731723487377167 0.49311673641204834 0.004651785714285714 0.002976190476190476
2 0.19508063793182373 0.5281510949134827 0.005208333333333333 0.003276190476190476
2 0.15831102430820465 0.6281132102012634 0.005952380952380952 0.005061904761904762
2 0.2279440015554428 0.6724841594696045 0.005672619047619047 0.005209523809523809
2 0.30744433403015137 0.722853422164917 0.005767857142857142 0.005657142857142857
1 0.41912803053855896 0.7612124681472778 0.023809523809523808 0.040080952380952384
0 0.4149433970451355 0.5793214440345764 0.018104166666666668 0.03055714285714286
3 0.4199323058128357 0.6541318297386169 0.020833333333333332 0.03610952380952381
3 0.4407970905303955 0.4449600875377655 0.01512797619047619 0.026585714285714285
3 0.5865371823310852 0.5480168461799622 0.017610119047619048 0.029366666666666666
3 0.7657161951065063 0.464061439037323 0.01636904761904762 0.026985714285714286
3 0.7857797741889954 0.4594256579875946 0.01612202380952381 0.02619047619047619
3 0.8236879706382751 0.4483858048915863 0.015625 0.025
4 0.6855648159980774 0.3911527693271637 0.013889880952380952 0.023014285714285713
4 0.6318345069885254 0.3843846917152405 0.013639880952380952 0.023014285714285713
4 0.5134710669517517 0.4588357210159302 0.01512797619047619 0.025795238095238097
4 0.4139203727245331 0.45718005299568176 0.015872023809523808 0.025395238095238096
4 0.3803483545780182 0.5432178378105164 0.018601190476190476 0.02976190476190476
4 0.18530535697937012 0.5744062066078186 0.019592261904761904 0.032538095238095234
