2 0.5401580929756165 0.7166134119033813 0.005952380952380952 0.005504761904761905
2 0.6151191592216492 0.6591909527778625 0.006139880952380952 0.005357142857142857
2 0.6802231073379517 0.6091687679290771 0.005395833333333333 0.005504761904761905
2 0.7868539690971375 0.527454137802124 0.004928571428571428 0.004614285714285714
2 0.8318756818771362 0.49291667342185974 0.004836309523809524 0.004761904761904762
2 0.8723992705345154 0.46169060468673706 0.004464285714285714 0.004314285714285715
2 0.8209331631660461 0.40156289935112 0.004279761904761905 0.003423809523809524
2 0.7515526413917542 0.3841189444065094 0.003720238095238095 0.0031238095238095235
2 0.6878849864006042 0.3678591251373291 0.004372023809523809 0.003719047619047619
2 0.558306872844696 0.3736138939857483 0.003535714285714286 0.0031238095238095235
2 0.5110297203063965 0.395107626914978 0.0034404761904761904 0.0031238095238095235
2 0.45948392152786255 0.4181889593601227 0.0038125000000000004 0.0031238095238095235
2 0.34144505858421326 0.4717599153518677 0.00418452380952381 0.002976190476190476
2 0.27296483516693115 0.502878725528717 0.004651785714285714 0.002976190476190476
2 0.1958964765071869 0.5380011796951294 0.005208333333333333 0.003276190476190476
2 0.16036072373390198 0.6372915506362915 0.005952380952380952 0.005061904761904762
2 0.22934018075466156 0.6810042262077332 0.005672619047619047 0.005209523809523809
2 0.30795904994010925 0.7305408716201782 0.005767857142857142 0.005657142857142857
1 0.4181087911128998 0.7681127786636353 0.023809523809523808 0.040080952380952384
0 0.41364654898643494 0.5882630944252014 0.018104166666666668 0.03055714285714286
3 0.41871482133865356 0.6624237298965454 0.020833333333333332 0.03610952380952381
3 0.4390696585178375 0.4542628824710846 0.01512797619047619 0.026585714285714285
3 0.583673357963562 0.5566641092300415 0.017610119047619048 0.029366666666666666
3 0.7621364593505859 0.4723256826400757 0.01636904761904762 0.026985714285714286
3 0.782149612903595 0.467621773481369 0.01612202380952381 0.02619047619047619
3 0.820004403591156 0.4564439654350281 0.015625 0.025
4 0.6827160120010376 0.39951324462890625 0.013889880952380952 0.023014285714285713
4 0.6291948556900024 0.39290741086006165 0.013639880952380952 0.023014285714285713
4 0.5112682580947876 0.46790358424186707 0.01512797619047619 0.025795238095238097
4 0.4124012291431427 0.4665673077106476 0.015872023809523808 0.025395238095238096
4 0.3793155550956726 0.5524650812149048 0.018601190476190476 0.02976190476190476
4 0.1865795999765396 0.5839921236038208 0.019592261904761904 0.032538095238095234
