2 0.5474504232406616 0.7030496001243591 0.005952380952380952 0.005504761904761905
2 0.6209962964057922 0.6444130539894104 0.006139880952380952 0.005357142857142857
2 0.6846088767051697 0.593546450138092 0.005395833333333333 0.005504761904761905
2 0.7882798910140991 0.5108605027198792 0.004928571428571428 0.004614285714285714
2 0.8318588733673096 0.4760671555995941 0.004836309523809524 0.004761904761904762
2 0.8709850311279297 0.44469138979911804 0.004464285714285714 0.004314285714285715
2 0.8201168775558472 0.38676562905311584 0.004279761904761905 0.003423809523809524
2 0.7521216869354248 0.37088534235954285 0.003720238095238095 0.0031238095238095235
2 0.6895385980606079 0.3560219705104828 0.004372023809523809 0.003719047619047619
2 0.5620076656341553 0.36390089988708496 0.003535714285714286 0.0031238095238095235
2 0.5154644846916199 0.3859182596206665 0.0034404761904761904 0.0031238095238095235
2 0.46457964181900024 0.40963900089263916 0.0038125000000000004 0.0031238095238095235
2 0.34752386808395386 0.464918315410614 0.00418452380952381 0.002976190476190476
2 0.279269278049469 0.497190922498703 0.004651785714285714 0.002976190476190476
2 0.20215018093585968 0.5337559580802917 0.005208333333333333 0.003276190476190476
2 0.16709035634994507 0.6335715651512146 0.005952380952380952 0.005061904761904762
2 0.23688891530036926 0.6754972338676453 0.005672619047619047 0.005209523809523809
2 0.31620657444000244 0.7228587865829468 0.005767857142857142 0.005657142857142857
1 0.42663177847862244 0.7573255896568298 0.023809523809523808 0.040080952380952384
0 0.4205581545829773 0.5789099335670471 0.018104166666666668 0.03055714285714286
3 0.4262774586677551 0.6523522138595581 0.020833333333333332 0.03610952380952381
3 0.4446348249912262 0.44568443298339844 0.01512797619047619 0.026585714285714285
3 0.5888997316360474 0.5439049601554871 0.017610119047619048 0.029366666666666666
3 0.7634708285331726 0.45723605155944824 0.01636904761904762 0.026985714285714286
3 0.7829965949058533 0.4522329270839691 0.01612202380952381 0.02619047619047619
3 0.8198487758636475 0.44054847955703735 0.015625 0.025
4 0.6848042607307434 0.3872041404247284 0.013889880952380952 0.023014285714285713
4 0.6321081519126892 0.38165706396102905 0.013639880952380952 0.023014285714285713
4 0.5164024829864502 0.45776471495628357 0.01512797619047619 0.025795238095238097
4 0.41822195053100586 0.4583771526813507 0.015872023809523808 0.025395238095238096
4 0.3860205411911011 0.5441696047782898 0.018601190476190476 0.02976190476190476
4 0.19311821460723877 0.5797900557518005 0.019592261904761904 0.032538095238095234
