2 0.6335988640785217 0.755176842212677 0.006139880952380952 0.005357142857142857
2 0.49036502838134766 0.7565808296203613 0.006416666666666666 0.005804761904761905
2 0.34653109312057495 0.7579935789108276 0.006416666666666666 0.005357142857142857
2 0.1815975308418274 0.6506291031837463 0.006139880952380952 0.00490952380952381
2 0.1951243132352829 0.5743952989578247 0.005580357142857143 0.004761904761904762
2 0.20743247866630554 0.5052739977836609 0.005952380952380952 0.004761904761904762
2 0.22921884059906006 0.3839140832424164 0.005672619047619047 0.00490952380952381
2 0.23904578387737274 0.3300994336605072 0.005395833333333333 0.005357142857142857
2 0.24808204174041748 0.2802475690841675 0.005300595238095238 0.004761904761904762
2 0.38623031973838806 0.22134636342525482 0.005860119047619048 0.005209523809523809
2 0.485493004322052 0.22080199420452118 0.005395833333333333 0.004166666666666667
2 0.584759533405304 0.22033312916755676 0.005300595238095238 0.004166666666666667
2 0.7221899032592773 0.278530091047287 0.005580357142857143 0.005504761904761905
2 0.7322143316268921 0.3276970088481903 0.004556547619047619 0.004466666666666667
2 0.7426068782806396 0.3812917470932007 0.005208333333333333 0.00490952380952381
2 0.766629159450531 0.501375675201416 0.005672619047619047 0.005357142857142857
2 0.7801222205162048 0.5701354146003723 0.005767857142857142 0.005061904761904762
2 0.794661283493042 0.6455755233764648 0.006139880952380952 0.005357142857142857
3 0.6141477823257446 0.6557343602180481 0.024404761904761905 0.040952380952380955
3 0.6016388535499573 0.48960983753204346 0.021726190476190475 0.03571428571428571
3 0.6320078372955322 0.328951895236969 0.019345238095238096 0.03190476190476191
3 0.64299476146698 0.3162609040737152 0.019345238095238096 0.03238095238095238
3 0.659877598285675 0.2894839644432068 0.01904761904761905 0.030476190476190476
3 0.27034324407577515 0.43911704421043396 0.020535714285714286 0.034761904761904765
4 0.36019983887672424 0.2782433032989502 0.01875 0.03238095238095238
4 0.4307802617549896 0.2663409411907196 0.018154761904761906 0.03142857142857143
4 0.3780105710029602 0.42437586188316345 0.020535714285714286 0.03571428571428571
4 0.39873382449150085 0.5764296054840088 0.022916666666666665 0.03857142857142857
4 0.26424044370651245 0.46642807126045227 0.02142857142857143 0.03666666666666667
4 0.25355756282806396 0.7028652429580688 0.025595238095238095 0.04285714285714286
0 0.4965056777000427 0.5955057740211487 0.02261904761904762 0.04
1 0.7555180191993713 0.7302137017250061 0.024404761904761905 0.029047619047619048
