2 0.6358115077018738 0.7547281384468079 0.006139880952380952 0.005357142857142857
2 0.4934908151626587 0.7573979496955872 0.006416666666666666 0.005804761904761905
2 0.3502407968044281 0.7600879669189453 0.006416666666666666 0.005357142857142857
2 0.18639621138572693 0.6542018055915833 0.006139880952380952 0.00490952380952381
2 0.2005033940076828 0.5778477787971497 0.005580357142857143 0.004761904761904762
2 0.21333813667297363 0.5086150765419006 0.005952380952380952 0.004761904761904762
2 0.23604990541934967 0.3870532214641571 0.005672619047619047 0.00490952380952381
2 0.24628761410713196 0.33314618468284607 0.005395833333333333 0.005357142857142857
2 0.255704402923584 0.2832081615924835 0.005300595238095238 0.004761904761904762
2 0.3940827250480652 0.2236223816871643 0.005860119047619048 0.005209523809523809
2 0.4929957389831543 0.22262652218341827 0.005395833333333333 0.004166666666666667
2 0.5917527079582214 0.22170761227607727 0.005300595238095238 0.004166666666666667
2 0.7277147769927979 0.27911216020584106 0.005580357142857143 0.005504761904761905
2 0.7372366189956665 0.3280726671218872 0.004556547619047619 0.004466666666666667
2 0.7470824718475342 0.3814273178577423 0.005208333333333333 0.00490952380952381
2 0.7698603868484497 0.5009012222290039 0.005672619047619047 0.005357142857142857
2 0.7826354503631592 0.5692712664604187 0.005767857142857142 0.005061904761904762
2 0.7963828444480896 0.6442506313323975 0.006139880952380952 0.005357142857142857
3 0.6173328161239624 0.6558119058609009 0.024404761904761905 0.040952380952380955
3 0.6062912344932556 0.4902895987033844 0.021726190476190475 0.03571428571428571
3 0.637792706489563 0.32986512780189514 0.019345238095238096 0.03190476190476191
3 0.648809015750885 0.3171466886997223 0.019345238095238096 0.03238095238095238
3 0.6657952666282654 0.29034966230392456 0.01904761904761905 0.030476190476190476
3 0.2767118215560913 0.44202518463134766 0.020535714285714286 0.034761904761904765
4 0.3676674962043762 0.2806386649608612 0.01875 0.03238095238095238
4 0.4381316900253296 0.26838967204093933 0.018154761904761906 0.03142857142857143
4 0.3842700719833374 0.42661306262016296 0.020535714285714286 0.03571428571428571
4 0.40371477603912354 0.5783656239509583 0.022916666666666665 0.03857142857142857
4 0.27040404081344604 0.4693780243396759 0.02142857142857143 0.03666666666666667
4 0.2579007148742676 0.7058292031288147 0.025595238095238095 0.04285714285714286
0 0.5009087920188904 0.5966728329658508 0.02261904761904762 0.04
1 0.7568965554237366 0.7288070917129517 0.024404761904761905 0.029047619047619048
