4 0.20229434967041016 0.6489195823669434 0.016145833333333335 0.026851851851851852
3 0.21817156672477722 0.3587538003921509 0.015625 0.026851851851851852
4 0.2629111111164093 0.5027079582214355 0.015104166666666667 0.026851851851851852
0 0.2904338240623474 0.5169445872306824 0.015104166666666667 0.026851851851851852
4 0.3763951063156128 0.4896102249622345 0.015625 0.027777777777777776
1 0.5268886089324951 0.7235967516899109 0.015625 0.027777777777777776
4 0.5178745985031128 0.5245951414108276 0.015104166666666667 0.027777777777777776
4 0.6197459697723389 0.6265851259231567 0.015104166666666667 0.027777777777777776
4 0.6710985898971558 0.45266279578208923 0.016145833333333335 0.026851851851851852
4 0.6740750074386597 0.3084638714790344 0.015104166666666667 0.026851851851851852
2 0.8359941244125366 0.6579594612121582 0.007291666666666667 0.012962962962962963
2 0.8350433111190796 0.5109743475914001 0.007291666666666667 0.012962962962962963
2 0.8351280093193054 0.3622381389141083 0.007291666666666667 0.012962962962962963
2 0.724420428276062 0.17874842882156372 0.007291666666666667 0.012962962962962963
2 0.6401048302650452 0.18188685178756714 0.007291666666666667 0.012962962962962963
2 0.556287944316864 0.18500804901123047 0.007291666666666667 0.012962962962962963
2 0.39138856530189514 0.19158460199832916 0.007291666666666667 0.012962962962962963
2 0.3100302517414093 0.1959211379289627 0.007291666666666667 0.012962962962962963
2 0.22938276827335358 0.19935016334056854 0.007291666666666667 0.012962962962962963
2 0.12792415916919708 0.38699573278427124 0.007291666666666667 0.012962962962962963
2 0.12783285975456238 0.5262566208839417 0.007291666666666667 0.012962962962962963
2 0.12822692096233368 0.6703752279281616 0.007291666666666667 0.012962962962962963
2 0.23152528703212738 0.8516611456871033 0.007291666666666667 0.012962962962962963
2 0.3128589689731598 0.8510991334915161 0.007291666666666667 0.012962962962962963
2 0.39416420459747314 0.851429283618927 0.007291666666666667 0.012962962962962963
2 0.5592027306556702 0.8502967953681946 0.007291666666666667 0.012962962962962963
2 0.6432099938392639 0.8479124903678894 0.007291666666666667 0.012962962962962963
