4 0.44039082527160645 0.7017025947570801 0.02649702380952381 0.04313809523809524
4 0.3838416039943695 0.6543872356414795 0.02533630952380952 0.044257142857142856
4 0.4732931852340698 0.4621448814868927 0.02161607142857143 0.03941904761904762
4 0.6584667563438416 0.4855477511882782 0.02208035714285714 0.03793333333333333
4 0.6691362857818604 0.32303106784820557 0.01905952380952381 0.03421428571428571
4 0.3574967086315155 0.28790780901908875 0.0206875 0.035328571428571424
4 0.40308940410614014 0.2610916197299957 0.018595238095238095 0.03421428571428571
0 0.382363885641098 0.26322057843208313 0.01905952380952381 0.033100000000000004
1 0.44367074966430664 0.2461979240179062 0.01975595238095238 0.033100000000000004
2 0.6403238773345947 0.7504006624221802 0.006794642857142857 0.006252380952380953
2 0.49489888548851013 0.7521145343780518 0.0072589285714285716 0.0079
2 0.34796303510665894 0.7533172965049744 0.007113095238095238 0.006738095238095238
2 0.1792851835489273 0.6456002593040466 0.0076934523809523815 0.006738095238095238
2 0.19335798919200897 0.5694864988327026 0.00537202380952381 0.006504761904761905
2 0.20696774125099182 0.4996543526649475 0.006532738095238095 0.006966666666666667
2 0.23027358949184418 0.37788885831832886 0.006711309523809524 0.00599047619047619
2 0.2405148446559906 0.32416728138923645 0.0064523809523809525 0.005576190476190477
2 0.2505536675453186 0.27460548281669617 0.005550595238095237 0.005371428571428571
2 0.3925074338912964 0.21722231805324554 0.005440476190476191 0.006385714285714285
2 0.4933881163597107 0.21746192872524261 0.0053125 0.00550952380952381
2 0.5940873026847839 0.2179168462753296 0.005705357142857143 0.004566666666666667
2 0.7329279780387878 0.276565819978714 0.005508928571428572 0.005352380952380952
2 0.7423535585403442 0.3252170979976654 0.006592261904761905 0.006614285714285715
2 0.752922773361206 0.37845805287361145 0.005116071428571429 0.005823809523809524
2 0.776039183139801 0.4978885352611542 0.00669047619047619 0.006614285714285715
2 0.7894904613494873 0.5658723711967468 0.0068869047619047625 0.006928571428571429
2 0.803877592086792 0.641483724117279 0.0068869047619047625 0.007557142857142857
