4 0.4275722801685333 0.6978759169578552 0.02649702380952381 0.04313809523809524
4 0.37220531702041626 0.6490254998207092 0.02533630952380952 0.044257142857142856
4 0.4604944884777069 0.45498543977737427 0.02161607142857143 0.03941904761904762
4 0.6448854804039001 0.47999632358551025 0.02208035714285714 0.03793333333333333
4 0.6559792757034302 0.3132553696632385 0.01905952380952381 0.03421428571428571
4 0.34722399711608887 0.2782668173313141 0.0206875 0.035328571428571424
4 0.39186814427375793 0.2509464621543884 0.018595238095238095 0.03421428571428571
0 0.37156960368156433 0.25319886207580566 0.01905952380952381 0.033100000000000004
1 0.431756854057312 0.2356354147195816 0.01975595238095238 0.033100000000000004
2 0.62607741355896 0.751284122467041 0.006794642857142857 0.006252380952380953
2 0.4812223017215729 0.7501078844070435 0.0072589285714285716 0.0079
2 0.33697110414505005 0.7484024167060852 0.007113095238095238 0.006738095238095238
2 0.17414231598377228 0.637202262878418 0.0076934523809523815 0.006738095238095238
2 0.18779253959655762 0.5611076354980469 0.00537202380952381 0.006504761904761905
2 0.2010049670934677 0.49120140075683594 0.006532738095238095 0.006966666666666667
2 0.22367750108242035 0.36907273530960083 0.006711309523809524 0.00599047619047619
2 0.2336580604314804 0.3150980472564697 0.0064523809523809525 0.005576190476190477
2 0.24344541132450104 0.26524999737739563 0.005550595238095237 0.005371428571428571
2 0.3815923035144806 0.2065759301185608 0.005440476190476191 0.006385714285714285
2 0.4808675944805145 0.20611873269081116 0.0053125 0.00550952380952381
2 0.5809599757194519 0.20587840676307678 0.005705357142857143 0.004566666666666667
2 0.7204924821853638 0.2652977705001831 0.005508928571428572 0.005352380952380952
2 0.7299337387084961 0.3153848946094513 0.006592261904761905 0.006614285714285715
2 0.7405338883399963 0.3702492415904999 0.005116071428571429 0.005823809523809524
2 0.763748288154602 0.49351945519447327 0.00669047619047619 0.006614285714285715
2 0.7772837281227112 0.5638143420219421 0.0068869047619047625 0.006928571428571429
2 0.7917736172676086 0.6420942544937134 0.0068869047619047625 0.007557142857142857
