4 0.5682240128517151 0.6981010437011719 0.02649702380952381 0.04313809523809524
4 0.6235159039497375 0.6518442630767822 0.02533630952380952 0.044257142857142856
4 0.5330964922904968 0.4570794105529785 0.02161607142857143 0.03941904761904762
4 0.3490230441093445 0.4754963517189026 0.02208035714285714 0.03793333333333333
4 0.3367968499660492 0.31151750683784485 0.01905952380952381 0.03421428571428571
4 0.6452921628952026 0.2865435779094696 0.0206875 0.035328571428571424
4 0.6001887917518616 0.25829774141311646 0.018595238095238095 0.03421428571428571
0 0.6205934882164001 0.2611199617385864 0.01905952380952381 0.033100000000000004
1 0.5600449442863464 0.24205507338047028 0.01975595238095238 0.033100000000000004
2 0.36974066495895386 0.7432369589805603 0.006794642857142857 0.006252380952380953
2 0.5147619843482971 0.7477033734321594 0.0072589285714285716 0.0079
2 0.6599520444869995 0.7516453862190247 0.007113095238095238 0.006738095238095238
2 0.8236446380615234 0.6474965810775757 0.0076934523809523815 0.006738095238095238
2 0.8090143203735352 0.5714597702026367 0.00537202380952381 0.006504761904761905
2 0.794912576675415 0.5016855001449585 0.006532738095238095 0.006966666666666667
2 0.7707390189170837 0.3800387978553772 0.006711309523809524 0.00599047619047619
2 0.7601144909858704 0.3263740837574005 0.0064523809523809525 0.005576190476190477
2 0.7497373223304749 0.2768470346927643 0.005550595238095237 0.005371428571428571
2 0.6101110577583313 0.21493969857692719 0.005440476190476191 0.006385714285714285
2 0.5106251239776611 0.21162071824073792 0.0053125 0.00550952380952381
2 0.4106934666633606 0.20850305259227753 0.005705357142857143 0.004566666666666667
2 0.2723989486694336 0.2626116871833801 0.005508928571428572 0.005352380952380952
2 0.26336589455604553 0.31133997440338135 0.006592261904761905 0.006614285714285715
2 0.2532118856906891 0.3647250235080719 0.005116071428571429 0.005823809523809524
2 0.23098249733448029 0.484756201505661 0.00669047619047619 0.006614285714285715
2 0.21800366044044495 0.5532346367835999 0.0068869047619047625 0.006928571428571429
2 0.20412227511405945 0.6295471787452698 0.0068869047619047625 0.007557142857142857
