4 0.5660544037818909 0.7017857432365417 0.02649702380952381 0.04313809523809524
4 0.6223655939102173 0.6548867225646973 0.02533630952380952 0.044257142857142856
4 0.5340189337730408 0.4602571427822113 0.02161607142857143 0.03941904761904762
4 0.34943172335624695 0.48055437207221985 0.02208035714285714 0.03793333333333333
4 0.33967429399490356 0.3170624077320099 0.01905952380952381 0.03421428571428571
4 0.6490595936775208 0.2882174849510193 0.0206875 0.035328571428571424
4 0.6040793061256409 0.26055213809013367 0.018595238095238095 0.03421428571428571
0 0.6245492100715637 0.2631036639213562 0.01905952380952381 0.033100000000000004
1 0.5639893412590027 0.24485650658607483 0.01975595238095238 0.033100000000000004
2 0.3661724030971527 0.7483877539634705 0.006794642857142857 0.006252380952380953
2 0.5115934014320374 0.7519885897636414 0.0072589285714285716 0.0079
2 0.6578227281570435 0.7550758123397827 0.007113095238095238 0.006738095238095238
2 0.8247351050376892 0.6489954590797424 0.0076934523809523815 0.006738095238095238
2 0.8108106851577759 0.5724923014640808 0.00537202380952381 0.006504761904761905
2 0.7973663806915283 0.5023941993713379 0.006532738095238095 0.006966666666666667
2 0.7743867635726929 0.38040390610694885 0.006711309523809524 0.00599047619047619
2 0.764306366443634 0.3266776502132416 0.0064523809523809525 0.005576190476190477
2 0.7544352412223816 0.27715030312538147 0.005550595238095237 0.005371428571428571
2 0.6146201491355896 0.2170761227607727 0.005440476190476191 0.006385714285714285
2 0.5148566961288452 0.21514683961868286 0.0053125 0.00550952380952381
2 0.41494035720825195 0.21343007683753967 0.005705357142857143 0.004566666666666667
2 0.2762601375579834 0.26917803287506104 0.005508928571428572 0.005352380952380952
2 0.26652222871780396 0.31779584288597107 0.006592261904761905 0.006614285714285715
2 0.25559303164482117 0.3710841238498688 0.005116071428571429 0.005823809523809524
2 0.23160147666931152 0.49097150564193726 0.00669047619047619 0.006614285714285715
2 0.21760860085487366 0.5594210028648376 0.0068869047619047625 0.006928571428571429
2 0.20258581638336182 0.635739266872406 0.0068869047619047625 0.007557142857142857
