2 0.7447018027305603 0.2036726325750351 0.004068452380952381 0.006666666666666667
2 0.6623029708862305 0.20178163051605225 0.004264880952380952 0.006823809523809524
2 0.5796778202056885 0.20018959045410156 0.0037708333333333335 0.006033333333333333
2 0.41470181941986084 0.19770677387714386 0.004464285714285714 0.006823809523809524
2 0.33152830600738525 0.19710351526737213 0.003967261904761905 0.006190476190476191
2 0.24879688024520874 0.19627736508846283 0.004166666666666667 0.006666666666666667
2 0.1417236328125 0.3644675314426422 0.004068452380952381 0.007142857142857143
2 0.14096854627132416 0.4977227449417114 0.004264880952380952 0.006823809523809524
2 0.14020894467830658 0.6315084099769592 0.003669642857142857 0.006666666666666667
2 0.24670395255088806 0.8042250275611877 0.003869047619047619 0.006190476190476191
2 0.3302965462207794 0.8056811690330505 0.003967261904761905 0.006347619047619047
2 0.41404813528060913 0.8068965077400208 0.003967261904761905 0.006666666666666667
2 0.5803135633468628 0.8085315227508545 0.003967261904761905 0.006666666666666667
2 0.6637512445449829 0.808876633644104 0.003869047619047619 0.006190476190476191
2 0.7470039129257202 0.8094617128372192 0.003967261904761905 0.006190476190476191
2 0.8527830839157104 0.6397973895072937 0.004068452380952381 0.006666666666666667
2 0.8523105382919312 0.5068330764770508 0.003967261904761905 0.006347619047619047
2 0.8514471650123596 0.3739933669567108 0.003869047619047619 0.006347619047619047
4 0.7355227470397949 0.3368348479270935 0.016169642857142858 0.026033333333333335
4 0.7830966114997864 0.3910399079322815 0.01636904761904762 0.02650952380952381
4 0.680418848991394 0.7194893956184387 0.015574404761904762 0.02491904761904762
4 0.47532373666763306 0.4784567952156067 0.014651785714285713 0.02344285714285714
4 0.4418729543685913 0.6804031133651733 0.01511011904761905 0.024542857142857144
4 0.20128020644187927 0.4478428363800049 0.016026785714285716 0.02600952380952381
4 0.24911309778690338 0.3922642767429352 0.016711309523809524 0.025276190476190476
0 0.7789196372032166 0.3662234842777252 0.014181547619047618 0.02437142857142857
1 0.8111343383789062 0.4415791928768158 0.01663095238095238 0.02492857142857143
