3 0.35631078481674194 0.6140475869178772 0.015625 0.026851851851851852
0 0.32339516282081604 0.5224975347518921 0.015104166666666667 0.026851851851851852
3 0.2901245653629303 0.311735600233078 0.015625 0.026851851851851852
3 0.3739640414714813 0.2569720447063446 0.014583333333333334 0.026851851851851852
4 0.40096983313560486 0.4639657139778137 0.015625 0.027777777777777776
4 0.4758530259132385 0.3409176766872406 0.015104166666666667 0.027777777777777776
1 0.5573092103004456 0.3157464861869812 0.016145833333333335 0.028703703703703703
3 0.5921275019645691 0.2895049750804901 0.015625 0.028703703703703703
3 0.5599485039710999 0.6138874888420105 0.015104166666666667 0.027777777777777776
3 0.5910406708717346 0.6658122539520264 0.015625 0.027777777777777776
3 0.6180604100227356 0.6600990891456604 0.015104166666666667 0.025925925925925925
4 0.7479422092437744 0.7047066688537598 0.015625 0.028703703703703703
2 0.8344202637672424 0.6302732825279236 0.007291666666666667 0.012962962962962963
2 0.8340040445327759 0.49589237570762634 0.007291666666666667 0.012962962962962963
2 0.833085834980011 0.3585262894630432 0.007291666666666667 0.012962962962962963
2 0.7305036187171936 0.18683509528636932 0.007291666666666667 0.012962962962962963
2 0.6503674983978271 0.1900757998228073 0.007291666666666667 0.012962962962962963
2 0.5703919529914856 0.19330741465091705 0.007291666666666667 0.012962962962962963
2 0.4099745452404022 0.2010689675807953 0.007291666666666667 0.012962962962962963
2 0.3285277187824249 0.2047935277223587 0.007291666666666667 0.012962962962962963
2 0.24725297093391418 0.20893937349319458 0.007291666666666667 0.012962962962962963
2 0.1484958678483963 0.3937772810459137 0.007291666666666667 0.012962962962962963
2 0.15205369889736176 0.532128095626831 0.007291666666666667 0.012962962962962963
2 0.15609250962734222 0.669907808303833 0.007291666666666667 0.012962962962962963
2 0.26395243406295776 0.8358063697814941 0.007291666666666667 0.012962962962962963
2 0.3432144224643707 0.8321734666824341 0.007291666666666667 0.012962962962962963
2 0.4228534698486328 0.8268555402755737 0.007291666666666667 0.012962962962962963
2 0.579504668712616 0.817211389541626 0.007291666666666667 0.012962962962962963
2 0.6577262282371521 0.8123958110809326 0.007291666666666667 0.012962962962962963
2 0.7358770966529846 0.8075845241546631 0.007291666666666667 0.012962962962962963
