3 0.46638599038124084 0.6187308430671692 0.025830357142857144 0.039342857142857145
4 0.5890012979507446 0.5619868040084839 0.025208333333333333 0.04066666666666667
0 0.5727417469024658 0.5110654234886169 0.02107738095238095 0.03537619047619048
4 0.3536943197250366 0.5168594717979431 0.02272916666666667 0.036699999999999997
4 0.2363649308681488 0.4682374596595764 0.021282738095238098 0.03504761904761904
4 0.2056029587984085 0.45772644877433777 0.020458333333333332 0.03537619047619048
1 0.23609134554862976 0.44253939390182495 0.021491071428571425 0.028104761904761907
3 0.1006423830986023 0.36060193181037903 0.017770833333333333 0.031409523809523804
3 0.30421382188796997 0.2971322238445282 0.016642857142857143 0.02791904761904762
3 0.35068392753601074 0.2647511661052704 0.01463095238095238 0.02662857142857143
4 0.3675772547721863 0.27034759521484375 0.015705357142857142 0.02577142857142857
3 0.4279879033565521 0.3375372290611267 0.01879166666666667 0.030923809523809524
4 0.5464870929718018 0.4268088936805725 0.02026785714285714 0.03371904761904762
3 0.6156742572784424 0.41789090633392334 0.019464285714285715 0.032
3 0.6933780312538147 0.48636186122894287 0.02174404761904762 0.03608095238095238
4 0.6908047199249268 0.5632089376449585 0.024428571428571428 0.03844285714285715
2 0.7201482653617859 0.728939950466156 0.007550595238095238 0.006966666666666667
2 0.8109802007675171 0.6638364195823669 0.0064523809523809525 0.006552380952380952
2 0.8909686803817749 0.6064601540565491 0.007074404761904762 0.006157142857142857
2 0.8543478846549988 0.4779219925403595 0.0069494047619047625 0.005361904761904762
2 0.7674282193183899 0.4341590106487274 0.007321428571428572 0.0047666666666666664
2 0.688172459602356 0.3944757282733917 0.0060803571428571426 0.004171428571428572
2 0.5517658591270447 0.3256840109825134 0.004904761904761905 0.004076190476190476
2 0.4920521378517151 0.2958540618419647 0.00556547619047619 0.004376190476190476
2 0.43697458505630493 0.26821279525756836 0.0051875 0.004076190476190476
2 0.28447628021240234 0.26336413621902466 0.004997023809523809 0.004
2 0.20976167917251587 0.28656354546546936 0.004755952380952381 0.005547619047619048
2 0.12851035594940186 0.3120216429233551 0.0057232142857142855 0.005419047619047619
2 0.07010432332754135 0.39374762773513794 0.005964285714285714 0.005676190476190476
2 0.11843450367450714 0.434060275554657 0.005803571428571429 0.005676190476190476
2 0.17139852046966553 0.47864478826522827 0.005803571428571429 0.00529047619047619
2 0.2964218556880951 0.5831868648529053 0.006919642857142857 0.006961904761904761
2 0.3716713786125183 0.6460116505622864 0.0067232142857142855 0.006009523809523809
2 0.45718351006507874 0.7172499895095825 0.0074136904761904765 0.0068
