3 0.45799314975738525 0.619105339050293 0.025830357142857144 0.039342857142857145
4 0.582033634185791 0.5639060735702515 0.025208333333333333 0.04066666666666667
0 0.5653854608535767 0.5129995346069336 0.02107738095238095 0.03537619047619048
4 0.34473735094070435 0.5170248746871948 0.02272916666666667 0.036699999999999997
4 0.22796158492565155 0.46825480461120605 0.021282738095238098 0.03504761904761904
4 0.19751907885074615 0.4577387273311615 0.020458333333333332 0.03537619047619048
1 0.22769179940223694 0.44297945499420166 0.021491071428571425 0.028104761904761907
3 0.09424503147602081 0.3621384799480438 0.017770833333333333 0.031409523809523804
3 0.2952726185321808 0.30016204714775085 0.016642857142857143 0.02791904761904762
3 0.3415316641330719 0.2682736814022064 0.01463095238095238 0.02662857142857143
4 0.35839664936065674 0.27377188205718994 0.015705357142857142 0.02577142857142857
3 0.418947696685791 0.3401120603084564 0.01879166666666667 0.030923809523809524
4 0.5385662913322449 0.42898520827293396 0.02026785714285714 0.03371904761904762
3 0.6087846159934998 0.42043107748031616 0.019464285714285715 0.032
3 0.6883177757263184 0.48923438787460327 0.02174404761904762 0.03608095238095238
4 0.6859394907951355 0.5661185383796692 0.024428571428571428 0.03844285714285715
2 0.7166222929954529 0.7327312231063843 0.007550595238095238 0.006966666666666667
2 0.810014009475708 0.668574333190918 0.0064523809523809525 0.006552380952380952
2 0.8926939964294434 0.6117305755615234 0.007074404761904762 0.006157142857142857
2 0.8540757894515991 0.4818774163722992 0.0069494047619047625 0.005361904761904762
2 0.7641428709030151 0.4374186396598816 0.007321428571428572 0.0047666666666666664
2 0.6826838850975037 0.3973693549633026 0.0060803571428571426 0.004171428571428572
2 0.5436834096908569 0.32854077219963074 0.004904761904761905 0.004076190476190476
2 0.4833070635795593 0.29892581701278687 0.00556547619047619 0.004376190476190476
2 0.427870512008667 0.2716082036495209 0.0051875 0.004076190476190476
2 0.2756502330303192 0.26697587966918945 0.004997023809523809 0.004
2 0.20167160034179688 0.2897875905036926 0.004755952380952381 0.005547619047619048
2 0.12163687497377396 0.31469056010246277 0.0057232142857142855 0.005419047619047619
2 0.06429339200258255 0.39443671703338623 0.005964285714285714 0.005676190476190476
2 0.11163629591464996 0.43406325578689575 0.005803571428571429 0.005676190476190476
2 0.1637367308139801 0.47807130217552185 0.005803571428571429 0.00529047619047619
2 0.28763750195503235 0.5820353031158447 0.006919642857142857 0.006961904761904761
2 0.3628377616405487 0.6450388431549072 0.0067232142857142855 0.006009523809523809
2 0.4488719403743744 0.71696537733078 0.0074136904761904765 0.0068
