3 0.4626808166503906 0.6146181225776672 0.025830357142857144 0.039342857142857145
4 0.5882689356803894 0.5603901147842407 0.025208333333333333 0.04066666666666667
0 0.571476399898529 0.5088192224502563 0.02107738095238095 0.03537619047619048
4 0.34766340255737305 0.5099453330039978 0.02272916666666667 0.036699999999999997
4 0.22860443592071533 0.45891261100769043 0.021282738095238098 0.03504761904761904
4 0.1974928379058838 0.4478081166744232 0.020458333333333332 0.03537619047619048
1 0.22833815217018127 0.4332687258720398 0.021491071428571425 0.028104761904761907
3 0.09173960983753204 0.34913313388824463 0.017770833333333333 0.031409523809523804
3 0.2973678708076477 0.2895110249519348 0.016642857142857143 0.02791904761904762
3 0.3445127308368683 0.25798994302749634 0.01463095238095238 0.02662857142857143
4 0.36167624592781067 0.2638491988182068 0.015705357142857142 0.02577142857142857
3 0.4231996536254883 0.33200010657310486 0.01879166666666667 0.030923809523809524
4 0.5444048643112183 0.4236513674259186 0.02026785714285714 0.03371904761904762
3 0.6153756976127625 0.41605323553085327 0.019464285714285715 0.032
3 0.6955198049545288 0.4865204095840454 0.02174404761904762 0.03608095238095238
4 0.693071186542511 0.563916027545929 0.024428571428571428 0.03844285714285715
2 0.7238345742225647 0.7319797277450562 0.007550595238095238 0.006966666666666667
2 0.8176935911178589 0.6684244871139526 0.0064523809523809525 0.006552380952380952
2 0.9005671739578247 0.6122622489929199 0.007074404761904762 0.006157142857142857
2 0.8620115518569946 0.4813860356807709 0.0069494047619047625 0.005361904761904762
2 0.7718234062194824 0.4354301989078522 0.007321428571428572 0.0047666666666666664
2 0.6899098753929138 0.39391282200813293 0.0060803571428571426 0.004171428571428572
2 0.5496416091918945 0.32232484221458435 0.004904761904761905 0.004076190476190476
2 0.48852023482322693 0.29141515493392944 0.00556547619047619 0.004376190476190476
2 0.43229562044143677 0.262854665517807 0.0051875 0.004076190476190476
2 0.27736857533454895 0.2555329501628876 0.004997023809523809 0.004
2 0.20179778337478638 0.27740350365638733 0.004755952380952381 0.005547619047619048
2 0.1198451817035675 0.30134841799736023 0.0057232142857142855 0.005419047619047619
2 0.06098688393831253 0.38150787353515625 0.005964285714285714 0.005676190476190476
2 0.10955752432346344 0.42251208424568176 0.005803571428571429 0.005676190476190476
2 0.162922203540802 0.46796914935112 0.005803571428571429 0.00529047619047619
2 0.289465993642807 0.5750600099563599 0.006919642857142857 0.006961904761904761
2 0.36602169275283813 0.6397497057914734 0.0067232142857142855 0.006009523809523809
2 0.4533773958683014 0.7134099006652832 0.0074136904761904765 0.0068
