2 0.7516657710075378 0.2029736042022705 0.003967261904761905 0.006547619047619048
2 0.6666369438171387 0.20329298079013824 0.003845238095238095 0.006547619047619048
2 0.5816095471382141 0.2033255696296692 0.003967261904761905 0.006747619047619047
2 0.41231769323349 0.20493310689926147 0.004217261904761905 0.006347619047619047
2 0.3276779055595398 0.20593081414699554 0.0035952380952380954 0.006152380952380953
2 0.24316661059856415 0.20701943337917328 0.003967261904761905 0.006547619047619048
2 0.13758254051208496 0.37715667486190796 0.003967261904761905 0.007142857142857143
2 0.13927575945854187 0.5085519552230835 0.003720238095238095 0.006942857142857143
2 0.1409580111503601 0.639214277267456 0.003967261904761905 0.007142857142857143
2 0.24981413781642914 0.8046496510505676 0.003720238095238095 0.006347619047619047
2 0.3332684338092804 0.8049684762954712 0.003967261904761905 0.006347619047619047
2 0.41678452491760254 0.8049039244651794 0.003845238095238095 0.006347619047619047
2 0.5837512612342834 0.803924560546875 0.003967261904761905 0.006547619047619048
2 0.667820930480957 0.8033867478370667 0.003967261904761905 0.006747619047619047
2 0.7517717480659485 0.8030368089675903 0.003967261904761905 0.006547619047619048
3 0.8016159534454346 0.7219815254211426 0.01612202380952381 0.02400952380952381
3 0.7935726642608643 0.4058534801006317 0.014651785714285713 0.024176190476190476
3 0.8277228474617004 0.28290456533432007 0.01625595238095238 0.024542857142857144
3 0.6501178741455078 0.34529563784599304 0.013505952380952382 0.02344285714285714
3 0.43530452251434326 0.3057994544506073 0.01511011904761905 0.025276190476190476
3 0.32491010427474976 0.34990453720092773 0.01488095238095238 0.024542857142857144
3 0.3230399787425995 0.7006217837333679 0.016026785714285716 0.025642857142857144
4 0.8033321499824524 0.2772071063518524 0.01648214285714286 0.025642857142857144
4 0.6028393507003784 0.7418495416641235 0.015797619047619046 0.024909523809523812
4 0.5757607817649841 0.7257281541824341 0.01488095238095238 0.025642857142857144
4 0.4629652202129364 0.682263195514679 0.01511011904761905 0.024542857142857144
4 0.31249621510505676 0.5425160527229309 0.015797619047619046 0.025276190476190476
4 0.2642616033554077 0.46309375762939453 0.016026785714285716 0.026371428571428573
4 0.46237897872924805 0.38673752546310425 0.015568452380952382 0.025642857142857144
0 0.3630780279636383 0.4908021092414856 0.015797619047619046 0.024909523809523812
1 0.602776288986206 0.7012802362442017 0.016026785714285716 0.026371428571428573
2 0.8609928488731384 0.3722141981124878 0.004166666666666667 0.006666666666666667
2 0.8606831431388855 0.5045183300971985 0.004005952380952381 0.006042857142857142
2 0.8602842688560486 0.6359328627586365 0.003892857142857143 0.00640952380952381
