2 0.24911664426326752 0.1966368407011032 0.003967261904761905 0.006547619047619048
2 0.33383238315582275 0.19635780155658722 0.003845238095238095 0.006547619047619048
2 0.4185965359210968 0.19578754901885986 0.003967261904761905 0.006747619047619047
2 0.5875194072723389 0.1962176263332367 0.004217261904761905 0.006347619047619047
2 0.6720525026321411 0.19662991166114807 0.0035952380952380954 0.006152380952380953
2 0.75650954246521 0.19713571667671204 0.003967261904761905 0.006547619047619048
2 0.863465428352356 0.3697270154953003 0.003967261904761905 0.007142857142857143
2 0.8628331422805786 0.50416100025177 0.003720238095238095 0.006942857142857143
2 0.8622035980224609 0.6383250951766968 0.003967261904761905 0.007142857142857143
2 0.7538074851036072 0.8094217777252197 0.003720238095238095 0.006347619047619047
2 0.6697306036949158 0.8101704716682434 0.003967261904761905 0.006347619047619047
2 0.5856379866600037 0.8105233311653137 0.003845238095238095 0.006347619047619047
2 0.4176637530326843 0.8103508949279785 0.003967261904761905 0.006547619047619048
2 0.33316221833229065 0.8102180361747742 0.003967261904761905 0.006747619047619047
2 0.2488306164741516 0.8102783560752869 0.003967261904761905 0.006547619047619048
3 0.19886411726474762 0.727062463760376 0.01612202380952381 0.02400952380952381
3 0.2072063386440277 0.4032486379146576 0.014651785714285713 0.024176190476190476
3 0.17327558994293213 0.2783145308494568 0.01625595238095238 0.024542857142857144
3 0.3504506051540375 0.34059810638427734 0.013505952380952382 0.02344285714285714
3 0.5649765133857727 0.2989408075809479 0.01511011904761905 0.025276190476190476
3 0.6756133437156677 0.34314608573913574 0.01488095238095238 0.024542857142857144
3 0.6794460415840149 0.7025225162506104 0.016026785714285716 0.025642857142857144
4 0.19759072363376617 0.27235841751098633 0.01648214285714286 0.025642857142857144
4 0.39836451411247253 0.7464639544487 0.015797619047619046 0.024909523809523812
4 0.42553144693374634 0.7297216653823853 0.01488095238095238 0.025642857142857144
4 0.5387076139450073 0.6843870282173157 0.01511011904761905 0.024542857142857144
4 0.6891422271728516 0.540016770362854 0.015797619047619046 0.025276190476190476
4 0.7370555996894836 0.4583783745765686 0.016026785714285716 0.026371428571428573
4 0.5382110476493835 0.3816179633140564 0.015568452380952382 0.025642857142857144
0 0.6381213068962097 0.48734480142593384 0.015797619047619046 0.024909523809523812
1 0.3983567953109741 0.7047064900398254 0.016026785714285716 0.026371428571428573
2 0.13996335864067078 0.3693995773792267 0.004166666666666667 0.006666666666666667
2 0.14003585278987885 0.5044044256210327 0.004005952380952381 0.006042857142857142
2 0.14019939303398132 0.6389860510826111 0.003892857142857143 0.00640952380952381
