2 0.7435181140899658 0.20600205659866333 0.003967261904761905 0.006547619047619048
2 0.6585581302642822 0.207105815410614 0.003845238095238095 0.006547619047619048
2 0.5738206505775452 0.20791901648044586 0.003967261904761905 0.006747619047619047
2 0.4057469069957733 0.2110755443572998 0.004217261904761905 0.006347619047619047
2 0.3220355212688446 0.21284157037734985 0.0035952380952380954 0.006152380952380953
2 0.2386622130870819 0.21469265222549438 0.003967261904761905 0.006547619047619048
2 0.13269297778606415 0.3856894075870514 0.003967261904761905 0.007142857142857143
2 0.13271862268447876 0.5176670551300049 0.003720238095238095 0.006942857142857143
2 0.13274282217025757 0.6494899392127991 0.003967261904761905 0.007142857142857143
2 0.2388065904378891 0.817247211933136 0.003720238095238095 0.006347619047619047
2 0.32195812463760376 0.8175836801528931 0.003967261904761905 0.006347619047619047
2 0.4053889811038971 0.8175296783447266 0.003845238095238095 0.006347619047619047
2 0.5728335380554199 0.8165507912635803 0.003967261904761905 0.006547619047619048
2 0.6574687957763672 0.8160102367401123 0.003967261904761905 0.006747619047619047
2 0.7422019839286804 0.8156610131263733 0.003967261904761905 0.006547619047619048
3 0.7927388548851013 0.7325291633605957 0.01612202380952381 0.02400952380952381
3 0.7851366996765137 0.41049468517303467 0.014651785714285713 0.024176190476190476
3 0.8196142315864563 0.2858939468860626 0.01625595238095238 0.024542857142857144
3 0.6415030360221863 0.35020291805267334 0.013505952380952382 0.02344285714285714
3 0.427749902009964 0.31200864911079407 0.01511011904761905 0.025276190476190476
3 0.31794673204421997 0.3571021258831024 0.01488095238095238 0.024542857142857144
3 0.3127560615539551 0.7113754749298096 0.016026785714285716 0.025642857142857144
4 0.7951398491859436 0.28033968806266785 0.01648214285714286 0.025642857142857144
4 0.5923356413841248 0.7530563473701477 0.015797619047619046 0.024909523809523812
4 0.5652210712432861 0.736617386341095 0.01488095238095238 0.025642857142857144
4 0.452504962682724 0.6924795508384705 0.01511011904761905 0.024542857142857144
4 0.3037976920604706 0.5511992573738098 0.015797619047619046 0.025276190476190476
4 0.2567819356918335 0.47129660844802856 0.016026785714285716 0.026371428571428573
4 0.4540528655052185 0.3932429850101471 0.015568452380952382 0.025642857142857144
0 0.35450810194015503 0.49874749779701233 0.015797619047619046 0.024909523809523812
1 0.5924714207649231 0.7116296291351318 0.016026785714285716 0.026371428571428573
2 0.8529934883117676 0.3759795129299164 0.004166666666666667 0.006666666666666667
2 0.8526123762130737 0.5103299617767334 0.004005952380952381 0.006042857142857142
2 0.852139949798584 0.644370436668396 0.003892857142857143 0.00640952380952381
