2 0.7504527568817139 0.19881762564182281 0.003967261904761905 0.006547619047619048
2 0.6662883758544922 0.19924801588058472 0.003845238095238095 0.006547619047619048
2 0.5820646286010742 0.19939057528972626 0.003967261904761905 0.006747619047619047
2 0.4141661524772644 0.20122581720352173 0.004217261904761905 0.006347619047619047
2 0.33012476563453674 0.2023395448923111 0.0035952380952380954 0.006152380952380953
2 0.24614576995372772 0.2035454362630844 0.003967261904761905 0.006547619047619048
2 0.13889893889427185 0.37516507506370544 0.003967261904761905 0.007142857142857143
2 0.1388413906097412 0.5078696608543396 0.003720238095238095 0.006942857142857143
2 0.13878260552883148 0.6400712728500366 0.003967261904761905 0.007142857142857143
2 0.2452721744775772 0.807368278503418 0.003720238095238095 0.006347619047619047
2 0.3285254240036011 0.8073573112487793 0.003967261904761905 0.006347619047619047
2 0.4117831885814667 0.806957483291626 0.003845238095238095 0.006347619047619047
2 0.5780565738677979 0.8052975535392761 0.003967261904761905 0.006547619047619048
2 0.6616833209991455 0.8044174909591675 0.003967261904761905 0.006747619047619047
2 0.7451272010803223 0.8037286400794983 0.003967261904761905 0.006547619047619048
3 0.7953472137451172 0.7215456366539001 0.01612202380952381 0.02400952380952381
3 0.79013592004776 0.40268510580062866 0.014651785714285713 0.024176190476190476
3 0.8250010013580322 0.2789808511734009 0.01625595238095238 0.024542857142857144
3 0.6485503315925598 0.3420327305793762 0.013505952380952382 0.02344285714285714
3 0.43584728240966797 0.3026729226112366 0.01511011904761905 0.025276190476190476
3 0.32565417885780334 0.34730470180511475 0.01488095238095238 0.024542857142857144
3 0.3195818364620209 0.7016432285308838 0.016026785714285716 0.025642857142857144
4 0.80091792345047 0.27329638600349426 0.01648214285714286 0.025642857142857144
4 0.597676157951355 0.7423697113990784 0.015797619047619046 0.024909523809523812
4 0.5709108114242554 0.7261540293693542 0.01488095238095238 0.025642857142857144
4 0.45915260910987854 0.6825702786445618 0.01511011904761905 0.024542857142857144
4 0.3109864592552185 0.5417237281799316 0.015797619047619046 0.025276190476190476
4 0.26393839716911316 0.4616221785545349 0.016026785714285716 0.026371428571428573
4 0.46183454990386963 0.3841458857059479 0.015568452380952382 0.025642857142857144
0 0.36194267868995667 0.4893495440483093 0.015797619047619046 0.024909523809523812
1 0.5980234146118164 0.7013222575187683 0.016026785714285716 0.026371428571428573
2 0.8571709990501404 0.36869603395462036 0.004166666666666667 0.006666666666666667
2 0.8557670712471008 0.5018858909606934 0.004005952380952381 0.006042857142857142
2 0.854279637336731 0.6344213485717773 0.003892857142857143 0.00640952380952381
