3 0.19553521275520325 0.6177207231521606 0.015104166666666667 0.025925925925925925
3 0.20843683183193207 0.3334386944770813 0.016145833333333335 0.027777777777777776
4 0.27429434657096863 0.4415675699710846 0.015104166666666667 0.025
4 0.28810131549835205 0.3762139081954956 0.016145833333333335 0.028703703703703703
4 0.31742700934410095 0.5540004968643188 0.015625 0.027777777777777776
1 0.33953067660331726 0.5046903491020203 0.015625 0.027777777777777776
0 0.46178582310676575 0.4935820400714874 0.015104166666666667 0.026851851851851852
3 0.46390315890312195 0.4648118317127228 0.015104166666666667 0.026851851851851852
3 0.6110019087791443 0.5216875672340393 0.015104166666666667 0.028703703703703703
3 0.6626721620559692 0.4289482533931732 0.015104166666666667 0.026851851851851852
4 0.6462513208389282 0.38156118988990784 0.015625 0.026851851851851852
3 0.6470709443092346 0.25975146889686584 0.015625 0.025925925925925925
4 0.7099617123603821 0.248244509100914 0.015104166666666667 0.026851851851851852
3 0.7568865418434143 0.6561851501464844 0.016145833333333335 0.030555555555555555
2 0.8582379817962646 0.6497633457183838 0.007291666666666667 0.012962962962962963
2 0.8549442291259766 0.5106214284896851 0.007291666666666667 0.012962962962962963
2 0.8512238264083862 0.3733104467391968 0.007291666666666667 0.012962962962962963
2 0.7469910979270935 0.194968581199646 0.007291666666666667 0.012962962962962963
2 0.6688394546508789 0.19033098220825195 0.007291666666666667 0.012962962962962963
2 0.588689386844635 0.1864345669746399 0.007291666666666667 0.012962962962962963
2 0.4261225461959839 0.17895427346229553 0.007291666666666667 0.012962962962962963
2 0.34369462728500366 0.1762373000383377 0.007291666666666667 0.012962962962962963
2 0.2593499422073364 0.17258131504058838 0.007291666666666667 0.012962962962962963
2 0.152029350399971 0.35257843136787415 0.007291666666666667 0.012962962962962963
2 0.1519349366426468 0.49891555309295654 0.007291666666666667 0.012962962962962963
2 0.15291087329387665 0.6464089155197144 0.007291666666666667 0.012962962962962963
2 0.2661120593547821 0.8342607021331787 0.007291666666666667 0.012962962962962963
2 0.3521951735019684 0.833357572555542 0.007291666666666667 0.012962962962962963
2 0.43604907393455505 0.8324778079986572 0.007291666666666667 0.012962962962962963
2 0.6006046533584595 0.8311945199966431 0.007291666666666667 0.012962962962962963
2 0.6820709705352783 0.8298966288566589 0.007291666666666667 0.012962962962962963
2 0.7624313831329346 0.8286163210868835 0.007291666666666667 0.012962962962962963
