3 0.8145525455474854 0.6217334270477295 0.015104166666666667 0.025925925925925925
3 0.7922853231430054 0.33722439408302307 0.016145833333333335 0.027777777777777776
4 0.7344914078712463 0.4436815083026886 0.015104166666666667 0.025
4 0.7190076112747192 0.37733107805252075 0.016145833333333335 0.028703703703703703
4 0.6979528069496155 0.5558428764343262 0.015625 0.027777777777777776
1 0.675075888633728 0.5055886507034302 0.015625 0.027777777777777776
0 0.5569602251052856 0.4912061393260956 0.015104166666666667 0.026851851851851852
3 0.5537362694740295 0.46172890067100525 0.015104166666666667 0.026851851851851852
3 0.41104409098625183 0.5163630843162537 0.015104166666666667 0.028703703703703703
3 0.3551280200481415 0.41855984926223755 0.015104166666666667 0.026851851851851852
4 0.36960792541503906 0.36974257230758667 0.015625 0.026851851851851852
3 0.36343616247177124 0.24251486361026764 0.015625 0.025925925925925925
4 0.29904451966285706 0.22731252014636993 0.015104166666666667 0.026851851851851852
3 0.2695727050304413 0.6535529494285583 0.016145833333333335 0.030555555555555555
2 0.16467121243476868 0.6455498933792114 0.007291666666666667 0.012962962962962963
2 0.1614951640367508 0.4986293613910675 0.007291666666666667 0.012962962962962963
2 0.15884160995483398 0.35316386818885803 0.007291666666666667 0.012962962962962963
2 0.25864407420158386 0.16913317143917084 0.007291666666666667 0.012962962962962963
2 0.3383267819881439 0.16861462593078613 0.007291666666666667 0.012962962962962963
2 0.4189375936985016 0.16898678243160248 0.007291666666666667 0.012962962962962963
2 0.5789830088615417 0.17016009986400604 0.007291666666666667 0.012962962962962963
2 0.6584461331367493 0.17184025049209595 0.007291666666666667 0.012962962962962963
2 0.738551914691925 0.1726474016904831 0.007291666666666667 0.012962962962962963
2 0.8453686237335205 0.3585238456726074 0.007291666666666667 0.012962962962962963
2 0.8506316542625427 0.5043728351593018 0.007291666666666667 0.012962962962962963
2 0.8549298644065857 0.650770366191864 0.007291666666666667 0.012962962962962963
2 0.7567164301872253 0.8368869423866272 0.007291666666666667 0.012962962962962963
2 0.675605833530426 0.8363533020019531 0.007291666666666667 0.012962962962962963
2 0.5954192876815796 0.8358258008956909 0.007291666666666667 0.012962962962962963
2 0.43460458517074585 0.8352218866348267 0.007291666666666667 0.012962962962962963
2 0.35320812463760376 0.8342322707176208 0.007291666666666667 0.012962962962962963
2 0.27174368500709534 0.8332418203353882 0.007291666666666667 0.012962962962962963
