3 0.8063637018203735 0.6238572001457214 0.015104166666666667 0.025925925925925925
3 0.7959142327308655 0.3334125280380249 0.016145833333333335 0.027777777777777776
4 0.7312431335449219 0.44357603788375854 0.015104166666666667 0.025
4 0.7180896401405334 0.37608063220977783 0.016145833333333335 0.028703703703703703
4 0.6886909604072571 0.5584152936935425 0.015625 0.027777777777777776
1 0.6672576069831848 0.5076855421066284 0.015625 0.027777777777777776
0 0.5466943383216858 0.49502360820770264 0.015104166666666667 0.026851851851851852
3 0.5445818305015564 0.465196818113327 0.015104166666666667 0.026851851851851852
3 0.3973802328109741 0.5227882266044617 0.015104166666666667 0.028703703703703703
3 0.344510555267334 0.425150603055954 0.015104166666666667 0.026851851851851852
4 0.36093613505363464 0.3755697011947632 0.015625 0.026851851851851852
3 0.3593957722187042 0.24685218930244446 0.015625 0.025925925925925925
4 0.29485374689102173 0.23305222392082214 0.015104166666666667 0.026851851851851852
3 0.25016582012176514 0.6622456908226013 0.016145833333333335 0.030555555555555555
2 0.14593686163425446 0.6554158926010132 0.007291666666666667 0.012962962962962963
2 0.14765681326389313 0.5089192390441895 0.007291666666666667 0.012962962962962963
2 0.1498570442199707 0.36321747303009033 0.007291666666666667 0.012962962962962963
2 0.2561987638473511 0.1751580536365509 0.007291666666666667 0.012962962962962963
2 0.3366873860359192 0.17245833575725555 0.007291666666666667 0.012962962962962963
2 0.41851910948753357 0.17062631249427795 0.007291666666666667 0.012962962962962963
2 0.582288384437561 0.16740460693836212 0.007291666666666667 0.012962962962962963
2 0.6642109751701355 0.1669197678565979 0.007291666666666667 0.012962962962962963
2 0.7472778558731079 0.16551506519317627 0.007291666666666667 0.012962962962962963
2 0.8503015041351318 0.35412710905075073 0.007291666666666667 0.012962962962962963
2 0.849156379699707 0.5035766959190369 0.007291666666666667 0.012962962962962963
2 0.8469884395599365 0.6529410481452942 0.007291666666666667 0.012962962962962963
2 0.7371514439582825 0.8423824906349182 0.007291666666666667 0.012962962962962963
2 0.6539088487625122 0.842244565486908 0.007291666666666667 0.012962962962962963
2 0.5720569491386414 0.8421089053153992 0.007291666666666667 0.012962962962962963
2 0.40919655561447144 0.842292308807373 0.007291666666666667 0.012962962962962963
2 0.3274502754211426 0.8417035937309265 0.007291666666666667 0.012962962962962963
2 0.24607379734516144 0.8411175012588501 0.007291666666666667 0.012962962962962963
