3 0.17990277707576752 0.6228269338607788 0.015104166666666667 0.025925925925925925
3 0.19517435133457184 0.3340371251106262 0.016145833333333335 0.027777777777777776
4 0.25893962383270264 0.4443593919277191 0.015104166666666667 0.025
4 0.2734322249889374 0.37715649604797363 0.016145833333333335 0.028703703703703703
4 0.30021509528160095 0.5592138767242432 0.015625 0.027777777777777776
1 0.3228757977485657 0.508898913860321 0.015625 0.027777777777777776
0 0.44608795642852783 0.49751412868499756 0.015104166666666667 0.026851851851851852
3 0.44879138469696045 0.46770426630973816 0.015104166666666667 0.026851851851851852
3 0.5987713932991028 0.5269069671630859 0.015104166666666667 0.028703703703703703
3 0.6551852822303772 0.4294013977050781 0.015104166666666667 0.026851851851851852
4 0.6392089128494263 0.379409521818161 0.015625 0.026851851851851852
3 0.6433380246162415 0.24984043836593628 0.015625 0.025925925925925925
4 0.7103980779647827 0.23623479902744293 0.015104166666666667 0.026851851851851852
3 0.7479219436645508 0.6686728596687317 0.016145833333333335 0.030555555555555555
2 0.8561691045761108 0.6632757782936096 0.007291666666666667 0.012962962962962963
2 0.8575116395950317 0.5156841278076172 0.007291666666666667 0.012962962962962963
2 0.8583394885063171 0.3685813844203949 0.007291666666666667 0.012962962962962963
2 0.7516810297966003 0.1779087334871292 0.007291666666666667 0.012962962962962963
2 0.6682958602905273 0.17491021752357483 0.007291666666666667 0.012962962962962963
2 0.5837989449501038 0.1727919578552246 0.007291666666666667 0.012962962962962963
2 0.4155851900577545 0.16902171075344086 0.007291666666666667 0.012962962962962963
2 0.33186614513397217 0.16827492415905 0.007291666666666667 0.012962962962962963
2 0.24729619920253754 0.16660699248313904 0.007291666666666667 0.012962962962962963
2 0.1398114562034607 0.3542936444282532 0.007291666666666667 0.012962962962962963
2 0.13860447704792023 0.5029075145721436 0.007291666666666667 0.012962962962962963
2 0.13843294978141785 0.651133120059967 0.007291666666666667 0.012962962962962963
2 0.24630743265151978 0.8405717611312866 0.007291666666666667 0.012962962962962963
2 0.3306790590286255 0.8419078588485718 0.007291666666666667 0.012962962962962963
2 0.41393807530403137 0.8432263731956482 0.007291666666666667 0.012962962962962963
2 0.5804716944694519 0.8463160395622253 0.007291666666666667 0.012962962962962963
2 0.6645203828811646 0.8471946716308594 0.007291666666666667 0.012962962962962963
2 0.7484874725341797 0.848072350025177 0.007291666666666667 0.012962962962962963
