4 0.474107950925827 0.31550294160842896 0.016053571428571427 0.026580952380952382
4 0.5548000335693359 0.46786218881607056 0.016720238095238094 0.027642857142857143
0 0.6935663223266602 0.5140859484672546 0.015678571428571427 0.02449047619047619
4 0.7358133792877197 0.45740383863449097 0.01680059523809524 0.026880952380952384
3 0.8246512413024902 0.5179441571235657 0.015642857142857142 0.02405714285714286
3 0.7943141460418701 0.7465018630027771 0.016574404761904762 0.025528571428571428
4 0.6902996897697449 0.6865629553794861 0.01595833333333333 0.026404761904761907
1 0.6536353230476379 0.6737897396087646 0.01731845238095238 0.026404761904761907
4 0.8037235736846924 0.34773680567741394 0.017145833333333332 0.027176190476190475
4 0.3240759074687958 0.7517344355583191 0.015217261904761905 0.02434761904761905
2 0.2505670189857483 0.8057641386985779 0.004651785714285714 0.006323809523809523
2 0.3330093026161194 0.8076782822608948 0.004497023809523809 0.006942857142857143
2 0.41525521874427795 0.8094328045845032 0.00430654761904762 0.0067857142857142855
2 0.5815765261650085 0.8125195503234863 0.004107142857142857 0.007528571428571429
2 0.6657042503356934 0.8138496279716492 0.0047708333333333335 0.007738095238095238
2 0.7505583763122559 0.81468665599823 0.004571428571428571 0.007738095238095238
2 0.8603752255439758 0.6493076682090759 0.004175595238095238 0.006995238095238095
2 0.8609304428100586 0.5173289775848389 0.0047708333333333335 0.0071047619047619045
2 0.8613869547843933 0.385215699672699 0.004372023809523809 0.007419047619047619
2 0.7516112327575684 0.21521173417568207 0.004458333333333333 0.007338095238095238
2 0.6661620140075684 0.21510350704193115 0.004523809523809524 0.007033333333333333
2 0.5808054804801941 0.2152467668056488 0.005032738095238095 0.008052380952380953
2 0.412878155708313 0.21591313183307648 0.004714285714285714 0.007642857142857143
2 0.32916879653930664 0.21673549711704254 0.003886904761904762 0.00621904761904762
2 0.2463514655828476 0.21764598786830902 0.004267857142857143 0.007033333333333333
2 0.14214497804641724 0.38406193256378174 0.004586309523809524 0.006728571428571429
2 0.14336620271205902 0.5129185914993286 0.003886904761904762 0.006728571428571429
2 0.1447352021932602 0.6407910585403442 0.004523809523809524 0.007542857142857143
