3 0.8160029649734497 0.6116674542427063 0.015104166666666667 0.025925925925925925
3 0.8025653958320618 0.3327198624610901 0.015625 0.027777777777777776
3 0.5584619045257568 0.4571264684200287 0.015625 0.025925925925925925
0 0.5607019066810608 0.4870474338531494 0.014583333333333334 0.027777777777777776
1 0.523136556148529 0.5369340181350708 0.016145833333333335 0.027777777777777776
3 0.4127049148082733 0.5139994025230408 0.015104166666666667 0.028703703703703703
3 0.35825929045677185 0.41667601466178894 0.015625 0.026851851851851852
4 0.3735118508338928 0.36811643838882446 0.016145833333333335 0.025925925925925925
3 0.37028247117996216 0.2419816255569458 0.015625 0.025925925925925925
4 0.30501943826675415 0.2283046692609787 0.015104166666666667 0.027777777777777776
3 0.2663443386554718 0.6497692465782166 0.015625 0.027777777777777776
2 0.1601741909980774 0.6428240537643433 0.007291666666666667 0.012962962962962963
2 0.16048169136047363 0.4989968240261078 0.007291666666666667 0.012962962962962963
2 0.16003528237342834 0.3552190661430359 0.007291666666666667 0.012962962962962963
2 0.2644696533679962 0.16869010031223297 0.007291666666666667 0.012962962962962963
2 0.34605270624160767 0.1683213859796524 0.007291666666666667 0.012962962962962963
2 0.42845815420150757 0.16795435547828674 0.007291666666666667 0.012962962962962963
2 0.5904969573020935 0.16853955388069153 0.007291666666666667 0.012962962962962963
2 0.672123908996582 0.16861240565776825 0.007291666666666667 0.012962962962962963
2 0.753327488899231 0.16956225037574768 0.007291666666666667 0.012962962962962963
2 0.8556473255157471 0.35324999690055847 0.007291666666666667 0.012962962962962963
2 0.8552120327949524 0.4965904653072357 0.007291666666666667 0.012962962962962963
2 0.8552699685096741 0.6395386457443237 0.007291666666666667 0.012962962962962963
2 0.7510411739349365 0.8232707381248474 0.007291666666666667 0.012962962962962963
2 0.6707637310028076 0.8230167627334595 0.007291666666666667 0.012962962962962963
2 0.5900667905807495 0.8245254158973694 0.007291666666666667 0.012962962962962963
2 0.428652822971344 0.8253421783447266 0.007291666666666667 0.012962962962962963
2 0.3474368453025818 0.8250913023948669 0.007291666666666667 0.012962962962962963
2 0.2655448615550995 0.825728178024292 0.007291666666666667 0.012962962962962963
