2 0.6379795670509338 0.7471144199371338 0.00637797619047619 0.0054428571428571425
2 0.49413251876831055 0.7487130165100098 0.006270833333333333 0.005614285714285714
2 0.3500942289829254 0.7508888244628906 0.006589285714285714 0.005614285714285714
2 0.18503694236278534 0.6445348262786865 0.006485119047619048 0.0054428571428571425
2 0.1992049515247345 0.5690523386001587 0.005741071428571429 0.0051
2 0.21203888952732086 0.5005101561546326 0.006163690476190476 0.005271428571428572
2 0.2345137894153595 0.3810146749019623 0.005741071428571429 0.0051
2 0.24463115632534027 0.3282068371772766 0.004997023809523809 0.004761904761904762
2 0.2540075480937958 0.27937403321266174 0.004889880952380952 0.0051
2 0.3912968635559082 0.2214365452528 0.005101190476190476 0.0044238095238095234
2 0.49002236127853394 0.22070084512233734 0.005526785714285714 0.004761904761904762
2 0.5884578824043274 0.22004792094230652 0.004675595238095238 0.004252380952380952
2 0.7254061698913574 0.27594372630119324 0.005526785714285714 0.004761904761904762
2 0.7352324724197388 0.324351966381073 0.004889880952380952 0.004080952380952381
2 0.7458685636520386 0.3766162693500519 0.004997023809523809 0.004933333333333333
2 0.7701261043548584 0.4947797954082489 0.00531547619047619 0.004590476190476191
2 0.7840259075164795 0.5627481937408447 0.005419642857142857 0.004590476190476191
2 0.7991365790367126 0.6372483372688293 0.005741071428571429 0.004761904761904762
3 0.6578316688537598 0.599496603012085 0.02338392857142857 0.03877619047619048
3 0.7018295526504517 0.5064679980278015 0.021470238095238094 0.03707619047619048
3 0.5618725419044495 0.5040531754493713 0.02274702380952381 0.03775714285714286
3 0.3218785524368286 0.677888035774231 0.02550892857142857 0.0414952380952381
3 0.3627132475376129 0.6027986407279968 0.023172619047619046 0.03877619047619048
3 0.33806654810905457 0.5188782811164856 0.02211011904761905 0.03707619047619048
1 0.4034883677959442 0.3227144479751587 0.019982142857142858 0.034352380952380954
0 0.4830080270767212 0.5763227343559265 0.02338392857142857 0.03843333333333333
4 0.24495595693588257 0.596800684928894 0.024660714285714286 0.04081428571428571
4 0.29954972863197327 0.5319088697433472 0.022532738095238092 0.03673333333333333
4 0.5110632181167603 0.504401683807373 0.023172619047619046 0.0380952380952381
4 0.42783859372138977 0.4190131425857544 0.020833333333333332 0.03503333333333333
4 0.470674991607666 0.4156474471092224 0.021470238095238094 0.0363952380952381
4 0.6295962929725647 0.3234211206436157 0.019345238095238096 0.03265238095238095
4 0.6483157277107239 0.3285594582557678 0.019982142857142858 0.03333333333333333
