1 0.3114640712738037 0.3941328823566437 0.01525297619047619 0.024404761904761905
4 0.463766485452652 0.4292902648448944 0.01525297619047619 0.025
4 0.45831742882728577 0.47799500823020935 0.014508928571428572 0.024404761904761905
4 0.5816290378570557 0.5222851634025574 0.014508928571428572 0.024404761904761905
3 0.5807154774665833 0.577136754989624 0.014285714285714285 0.024285714285714285
3 0.5852757096290588 0.7292391657829285 0.01488095238095238 0.023809523809523808
3 0.6971743106842041 0.6696652770042419 0.013988095238095239 0.023809523809523808
0 0.6697409749031067 0.4925825893878937 0.013988095238095239 0.023809523809523808
4 0.31521639227867126 0.6718667149543762 0.015773809523809523 0.025238095238095237
4 0.3234627842903137 0.6949859857559204 0.01488095238095238 0.024285714285714285
4 0.6915069818496704 0.25132688879966736 0.01488095238095238 0.025714285714285714
3 0.6997237205505371 0.37100476026535034 0.013988095238095239 0.023809523809523808
4 0.6163662672042847 0.2988530993461609 0.013988095238095239 0.024761904761904763
3 0.5989811420440674 0.33783698081970215 0.013988095238095239 0.024285714285714285
3 0.7803981304168701 0.3372706472873688 0.013889880952380952 0.023014285714285713
2 0.2491992563009262 0.20105688273906708 0.003663690476190476 0.005495238095238095
2 0.3332539200782776 0.2007041871547699 0.0035714285714285713 0.005952380952380952
2 0.4175010323524475 0.1999506950378418 0.003720238095238095 0.005952380952380952
2 0.5864286422729492 0.2000514715909958 0.0040178571428571425 0.005952380952380952
2 0.6713352203369141 0.20056329667568207 0.0034226190476190476 0.005714285714285714
2 0.7562954425811768 0.2004990428686142 0.003720238095238095 0.005714285714285714
2 0.8639314770698547 0.3706871569156647 0.0034226190476190476 0.0054761904761904765
2 0.8631386756896973 0.5033071041107178 0.003720238095238095 0.005952380952380952
2 0.8619725108146667 0.6357523798942566 0.0035714285714285713 0.006190476190476191
2 0.7517815232276917 0.8036119341850281 0.0040178571428571425 0.0064285714285714285
2 0.6670907735824585 0.8033205270767212 0.003869047619047619 0.006190476190476191
2 0.5825222730636597 0.8031452298164368 0.0035714285714285713 0.005714285714285714
2 0.41442540287971497 0.8015270233154297 0.003869047619047619 0.0064285714285714285
2 0.3304493725299835 0.800545871257782 0.003869047619047619 0.006190476190476191
2 0.24659432470798492 0.7996817827224731 0.0040178571428571425 0.006666666666666667
2 0.13988398015499115 0.6318600177764893 0.004315476190476191 0.0064285714285714285
2 0.14040963351726532 0.5006133317947388 0.004315476190476191 0.006904761904761905
2 0.1408631056547165 0.3693113923072815 0.003869047619047619 0.006904761904761905
