3 0.18185564875602722 0.6250267624855042 0.015625 0.025925925925925925
3 0.19757016003131866 0.33957329392433167 0.015625 0.027777777777777776
0 0.4435817003250122 0.49204525351524353 0.015104166666666667 0.026851851851851852
3 0.44618919491767883 0.46149107813835144 0.015104166666666667 0.026851851851851852
3 0.5956499576568604 0.5150265693664551 0.015104166666666667 0.026851851851851852
3 0.6515294909477234 0.4163188338279724 0.015625 0.026851851851851852
3 0.6388129591941833 0.2380336970090866 0.015625 0.026851851851851852
1 0.6823403835296631 0.22494931519031525 0.015625 0.028703703703703703
4 0.7061899900436401 0.22395022213459015 0.015625 0.02962962962962963
3 0.7462151050567627 0.6523748636245728 0.016666666666666666 0.027777777777777776
2 0.8552901148796082 0.6430858969688416 0.007291666666666667 0.012962962962962963
2 0.8555046916007996 0.4974314272403717 0.007291666666666667 0.012962962962962963
2 0.8556973338127136 0.3469637632369995 0.007291666666666667 0.012962962962962963
2 0.7463634610176086 0.1616639941930771 0.007291666666666667 0.012962962962962963
2 0.6630528569221497 0.1636953502893448 0.007291666666666667 0.012962962962962963
2 0.5795174241065979 0.16528628766536713 0.007291666666666667 0.012962962962962963
2 0.4138125777244568 0.16977262496948242 0.007291666666666667 0.012962962962962963
2 0.3303748369216919 0.17180708050727844 0.007291666666666667 0.012962962962962963
2 0.24823112785816193 0.17381000518798828 0.007291666666666667 0.012962962962962963
2 0.14289270341396332 0.3629273772239685 0.007291666666666667 0.012962962962962963
2 0.14248886704444885 0.5071878433227539 0.007291666666666667 0.012962962962962963
2 0.14156773686408997 0.6538462042808533 0.007291666666666667 0.012962962962962963
2 0.24681243300437927 0.8400647044181824 0.007291666666666667 0.012962962962962963
2 0.3297446668148041 0.8382863998413086 0.007291666666666667 0.012962962962962963
2 0.4127011001110077 0.8383166193962097 0.007291666666666667 0.012962962962962963
2 0.5781927704811096 0.8356636762619019 0.007291666666666667 0.012962962962962963
2 0.6630418300628662 0.8338573575019836 0.007291666666666667 0.012962962962962963
2 0.7471536993980408 0.8338800668716431 0.007291666666666667 0.012962962962962963
