3 0.8177645206451416 0.6343302130699158 0.015625 0.025925925925925925
3 0.8072620034217834 0.3517438471317291 0.015625 0.027777777777777776
0 0.557792067527771 0.5053279995918274 0.015104166666666667 0.026851851851851852
3 0.555341899394989 0.4751218557357788 0.015104166666666667 0.026851851851851852
3 0.4057408571243286 0.5289382934570312 0.015104166666666667 0.026851851851851852
3 0.34945857524871826 0.43166667222976685 0.015625 0.026851851851851852
3 0.36136141419410706 0.2527058720588684 0.015625 0.026851851851851852
1 0.31723180413246155 0.2397998422384262 0.015625 0.028703703703703703
4 0.29308855533599854 0.2389802783727646 0.015625 0.02962962962962963
3 0.2569825053215027 0.6639805436134338 0.016666666666666666 0.027777777777777776
2 0.1490040272474289 0.6555531024932861 0.007291666666666667 0.012962962962962963
2 0.1465146243572235 0.5132365226745605 0.007291666666666667 0.012962962962962963
2 0.14393267035484314 0.36396485567092896 0.007291666666666667 0.012962962962962963
2 0.25179487466812134 0.1759808212518692 0.007291666666666667 0.012962962962962963
2 0.33638179302215576 0.17734307050704956 0.007291666666666667 0.012962962962962963
2 0.42126816511154175 0.17825497686862946 0.007291666666666667 0.012962962962962963
2 0.5898678302764893 0.18142540752887726 0.007291666666666667 0.012962962962962963
2 0.6748703122138977 0.18279436230659485 0.007291666666666667 0.012962962962962963
2 0.758624792098999 0.18414320051670074 0.007291666666666667 0.012962962962962963
2 0.8621329665184021 0.37479060888290405 0.007291666666666667 0.012962962962962963
2 0.8594993352890015 0.5183883905410767 0.007291666666666667 0.012962962962962963
2 0.8573706746101379 0.6621986031532288 0.007291666666666667 0.012962962962962963
2 0.7497251629829407 0.8421669602394104 0.007291666666666667 0.012962962962962963
2 0.6680187582969666 0.8408160209655762 0.007291666666666667 0.012962962962962963
2 0.5863449573516846 0.8411908745765686 0.007291666666666667 0.012962962962962963
2 0.4236566722393036 0.8393527865409851 0.007291666666666667 0.012962962962962963
2 0.34035345911979675 0.8379868268966675 0.007291666666666667 0.012962962962962963
2 0.2578624188899994 0.838360071182251 0.007291666666666667 0.012962962962962963
