4 0.7177966833114624 0.47883865237236023 0.021875 0.040740740740740744
4 0.6964760422706604 0.5730313658714294 0.022916666666666665 0.04351851851851852
3 0.6809003353118896 0.5900428295135498 0.0234375 0.04259259259259259
3 0.5648438930511475 0.6177389621734619 0.0234375 0.04259259259259259
3 0.5246993899345398 0.6183678507804871 0.023958333333333335 0.041666666666666664
4 0.5973539352416992 0.5829398036003113 0.0234375 0.041666666666666664
4 0.5232014060020447 0.5616297721862793 0.022916666666666665 0.041666666666666664
0 0.4841335415840149 0.5538995265960693 0.022916666666666665 0.041666666666666664
3 0.5893588662147522 0.5030264854431152 0.021875 0.03888888888888889
4 0.5238903164863586 0.5084154009819031 0.022395833333333334 0.03888888888888889
4 0.4432266056537628 0.477174311876297 0.021354166666666667 0.03981481481481482
4 0.6482342481613159 0.3654719889163971 0.0203125 0.03611111111111111
3 0.6784902811050415 0.24210789799690247 0.01875 0.03333333333333333
1 0.5803413987159729 0.24669265747070312 0.01875 0.03333333333333333
3 0.38756072521209717 0.26858270168304443 0.01875 0.03333333333333333
3 0.3864433169364929 0.3101586699485779 0.019270833333333334 0.03518518518518519
2 0.1890093982219696 0.6721700429916382 0.007291666666666667 0.012962962962962963
2 0.20690862834453583 0.5886355638504028 0.007291666666666667 0.012962962962962963
2 0.22185364365577698 0.5138092041015625 0.007291666666666667 0.012962962962962963
2 0.24803009629249573 0.3833226263523102 0.007291666666666667 0.012962962962962963
2 0.259836345911026 0.32460853457450867 0.007291666666666667 0.012962962962962963
2 0.27078482508659363 0.27026277780532837 0.007291666666666667 0.012962962962962963
2 0.40814754366874695 0.20589686930179596 0.007291666666666667 0.012962962962962963
2 0.5062963366508484 0.20431402325630188 0.007291666666666667 0.012962962962962963
2 0.606003999710083 0.20270605385303497 0.007291666666666667 0.012962962962962963
2 0.7426841855049133 0.26659929752349854 0.007291666666666667 0.012962962962962963
2 0.7499067783355713 0.32098063826560974 0.007291666666666667 0.012962962962962963
2 0.7587939500808716 0.3802662491798401 0.007291666666666667 0.012962962962962963
2 0.7774384021759033 0.5140634179115295 0.007291666666666667 0.012962962962962963
2 0.7879183888435364 0.5903608798980713 0.007291666666666667 0.012962962962962963
2 0.799759566783905 0.6733756065368652 0.007291666666666667 0.012962962962962963
2 0.6308255791664124 0.7934386730194092 0.007291666666666667 0.012962962962962963
2 0.4880428612232208 0.7920746207237244 0.007291666666666667 0.012962962962962963
2 0.3456079065799713 0.7916028499603271 0.007291666666666667 0.012962962962962963
