4 0.29607459902763367 0.46538159251213074 0.021875 0.040740740740740744
4 0.31545162200927734 0.5575695633888245 0.022916666666666665 0.04351851851851852
3 0.33063775300979614 0.5736719369888306 0.0234375 0.04259259259259259
3 0.4452768862247467 0.5954841375350952 0.0234375 0.04259259259259259
3 0.48489129543304443 0.5941726565361023 0.023958333333333335 0.041666666666666664
4 0.41374632716178894 0.562699019908905 0.0234375 0.041666666666666664
4 0.4873513877391815 0.5382538437843323 0.022916666666666665 0.041666666666666664
0 0.5259021520614624 0.5288649201393127 0.022916666666666665 0.041666666666666664
3 0.42311999201774597 0.4835824966430664 0.021875 0.03888888888888889
4 0.4875946044921875 0.4859854280948639 0.022395833333333334 0.03888888888888889
4 0.5672563910484314 0.45184755325317383 0.021354166666666667 0.03981481481481482
4 0.367422878742218 0.3507818579673767 0.0203125 0.03611111111111111
3 0.3398156464099884 0.2308497428894043 0.01875 0.03333333333333333
1 0.43665677309036255 0.23186591267585754 0.01875 0.03333333333333333
3 0.6247978210449219 0.24635052680969238 0.01875 0.03333333333333333
3 0.6252480745315552 0.2867005467414856 0.019270833333333334 0.03518518518518519
2 0.8112704753875732 0.6306432485580444 0.007291666666666667 0.012962962962962963
2 0.7950899600982666 0.5501173138618469 0.007291666666666667 0.012962962962962963
2 0.7816595435142517 0.47801077365875244 0.007291666666666667 0.012962962962962963
2 0.7581614255905151 0.3524474501609802 0.007291666666666667 0.012962962962962963
2 0.7475748658180237 0.29602211713790894 0.007291666666666667 0.012962962962962963
2 0.737763524055481 0.24383553862571716 0.007291666666666667 0.012962962962962963
2 0.6057593822479248 0.18622736632823944 0.007291666666666667 0.012962962962962963
2 0.5100632905960083 0.18798717856407166 0.007291666666666667 0.012962962962962963
2 0.4121832549571991 0.18978716433048248 0.007291666666666667 0.012962962962962963
2 0.2755659818649292 0.25719720125198364 0.007291666666666667 0.012962962962962963
2 0.2672606110572815 0.310977965593338 0.007291666666666667 0.012962962962962963
2 0.2571755051612854 0.3697736859321594 0.007291666666666667 0.012962962962962963
2 0.23574548959732056 0.5028938055038452 0.007291666666666667 0.012962962962962963
2 0.22362913191318512 0.5790990591049194 0.007291666666666667 0.012962962962962963
2 0.20996545255184174 0.662284791469574 0.007291666666666667 0.012962962962962963
2 0.37657850980758667 0.7728325128555298 0.007291666666666667 0.012962962962962963
2 0.5180433392524719 0.7637247443199158 0.007291666666666667 0.012962962962962963
2 0.6577479243278503 0.7556037902832031 0.007291666666666667 0.012962962962962963
