4 0.2839757800102234 0.48097020387649536 0.021875 0.040740740740740744
4 0.3030158281326294 0.5727424621582031 0.022916666666666665 0.04351851851851852
3 0.31784090399742126 0.5891706943511963 0.0234375 0.04259259259259259
3 0.43024176359176636 0.6151392459869385 0.0234375 0.04259259259259259
3 0.46937647461891174 0.6154140830039978 0.023958333333333335 0.041666666666666664
4 0.3992994427680969 0.5815107822418213 0.0234375 0.041666666666666664
4 0.47213655710220337 0.5600343346595764 0.022916666666666665 0.041666666666666664
0 0.5105252861976624 0.5521120429039001 0.022916666666666665 0.041666666666666664
3 0.40878555178642273 0.5033374428749084 0.021875 0.03888888888888889
4 0.47268372774124146 0.5079591274261475 0.022395833333333334 0.03888888888888889
4 0.5525094270706177 0.4764668643474579 0.021354166666666667 0.03981481481481482
4 0.35403257608413696 0.3688259720802307 0.0203125 0.03611111111111111
3 0.32678088545799255 0.24722683429718018 0.01875 0.03333333333333333
1 0.42313849925994873 0.25041067600250244 0.01875 0.03333333333333333
3 0.6128036379814148 0.2695131003856659 0.01875 0.03333333333333333
3 0.6127880215644836 0.3108173906803131 0.019270833333333334 0.03518518518518519
2 0.796848475933075 0.665185272693634 0.007291666666666667 0.012962962962962963
2 0.7818531394004822 0.5835971236228943 0.007291666666666667 0.012962962962962963
2 0.7694448828697205 0.5102277994155884 0.007291666666666667 0.012962962962962963
2 0.7475862503051758 0.38165009021759033 0.007291666666666667 0.012962962962962963
2 0.7376781702041626 0.32353121042251587 0.007291666666666667 0.012962962962962963
2 0.7284616827964783 0.26958978176116943 0.007291666666666667 0.012962962962962963
2 0.5941044092178345 0.20733949542045593 0.007291666666666667 0.012962962962962963
2 0.49709317088127136 0.20719347894191742 0.007291666666666667 0.012962962962962963
2 0.39882245659828186 0.2070455551147461 0.007291666666666667 0.012962962962962963
2 0.2634185254573822 0.2723754942417145 0.007291666666666667 0.012962962962962963
2 0.25541529059410095 0.3262086510658264 0.007291666666666667 0.012962962962962963
2 0.24573065340518951 0.38471630215644836 0.007291666666666667 0.012962962962962963
2 0.22536805272102356 0.5160050392150879 0.007291666666666667 0.012962962962962963
2 0.2139737457036972 0.5904185771942139 0.007291666666666667 0.012962962962962963
2 0.20120912790298462 0.6710171103477478 0.007291666666666667 0.012962962962962963
2 0.36249738931655884 0.7858187556266785 0.007291666666666667 0.012962962962962963
2 0.5010518431663513 0.7836616635322571 0.007291666666666667 0.012962962962962963
2 0.6398335695266724 0.7823610901832581 0.007291666666666667 0.012962962962962963
