0 0.3760133683681488 0.5194941163063049 0.015104166666666667 0.026851851851851852
3 0.3075881898403168 0.47129833698272705 0.014583333333333334 0.026851851851851852
3 0.3081449568271637 0.424704909324646 0.015104166666666667 0.025925925925925925
3 0.257899671792984 0.3481842875480652 0.015625 0.026851851851851852
4 0.3662090301513672 0.4732562303543091 0.015104166666666667 0.028703703703703703
4 0.3446219265460968 0.38680949807167053 0.015104166666666667 0.028703703703703703
3 0.31131666898727417 0.2859762907028198 0.015104166666666667 0.026851851851851852
4 0.3542817533016205 0.2725035846233368 0.015104166666666667 0.026851851851851852
4 0.4603305757045746 0.23396341502666473 0.015104166666666667 0.025925925925925925
4 0.4253283143043518 0.47342103719711304 0.015625 0.026851851851851852
4 0.4636021852493286 0.5733433961868286 0.014583333333333334 0.028703703703703703
4 0.6068369746208191 0.3097020089626312 0.016145833333333335 0.028703703703703703
3 0.6911306977272034 0.6686305403709412 0.015625 0.027777777777777776
1 0.7112210392951965 0.4747736155986786 0.016145833333333335 0.028703703703703703
2 0.7429472208023071 0.16450992226600647 0.007291666666666667 0.012962962962962963
2 0.6587331295013428 0.16581349074840546 0.007291666666666667 0.012962962962962963
2 0.5747544765472412 0.16666299104690552 0.007291666666666667 0.012962962962962963
2 0.40876758098602295 0.16923493146896362 0.007291666666666667 0.012962962962962963
2 0.32674407958984375 0.17095239460468292 0.007291666666666667 0.012962962962962963
2 0.24444293975830078 0.17267157137393951 0.007291666666666667 0.012962962962962963
2 0.14111487567424774 0.36082905530929565 0.007291666666666667 0.012962962962962963
2 0.1410197615623474 0.5064266920089722 0.007291666666666667 0.012962962962962963
2 0.14142145216464996 0.6523292660713196 0.007291666666666667 0.012962962962962963
2 0.2456163465976715 0.8383299112319946 0.007291666666666667 0.012962962962962963
2 0.3275616466999054 0.8389897346496582 0.007291666666666667 0.012962962962962963
2 0.4097288250923157 0.8405555486679077 0.007291666666666667 0.012962962962962963
2 0.5749863982200623 0.8409819602966309 0.007291666666666667 0.012962962962962963
2 0.659109890460968 0.8412032127380371 0.007291666666666667 0.012962962962962963
2 0.7426912784576416 0.8418748378753662 0.007291666666666667 0.012962962962962963
2 0.8518535494804382 0.6524696350097656 0.007291666666666667 0.012962962962962963
2 0.8517138361930847 0.5033498406410217 0.007291666666666667 0.012962962962962963
2 0.8515743017196655 0.3545423746109009 0.007291666666666667 0.012962962962962963
