0 0.37867552042007446 0.5124923586845398 0.015104166666666667 0.026851851851851852
3 0.30995628237724304 0.46592655777931213 0.014583333333333334 0.026851851851851852
3 0.3096933960914612 0.4214562177658081 0.015104166666666667 0.025925925925925925
3 0.25792396068573 0.347186416387558 0.015625 0.026851851851851852
4 0.3682628571987152 0.46852031350135803 0.015104166666666667 0.028703703703703703
4 0.345434308052063 0.3857664465904236 0.015104166666666667 0.028703703703703703
3 0.31042468547821045 0.28822383284568787 0.015104166666666667 0.026851851851851852
4 0.35322296619415283 0.27612778544425964 0.015104166666666667 0.026851851851851852
4 0.4582494795322418 0.24134021997451782 0.015104166666666667 0.025925925925925925
4 0.42671844363212585 0.46940669417381287 0.015625 0.026851851851851852
4 0.4655904173851013 0.5640833377838135 0.014583333333333334 0.028703703703703703
4 0.6030709743499756 0.31685870885849 0.016145833333333335 0.028703703703703703
3 0.6865139007568359 0.654194176197052 0.015625 0.027777777777777776
1 0.7050216794013977 0.47414636611938477 0.016145833333333335 0.028703703703703703
2 0.7346798777580261 0.1815824806690216 0.007291666666666667 0.012962962962962963
2 0.6528050899505615 0.18069328367710114 0.007291666666666667 0.012962962962962963
2 0.5705366730690002 0.17936666309833527 0.007291666666666667 0.012962962962962963
2 0.40609011054039 0.17757996916770935 0.007291666666666667 0.012962962962962963
2 0.32391706109046936 0.1771213859319687 0.007291666666666667 0.012962962962962963
2 0.2408488541841507 0.17665380239486694 0.007291666666666667 0.012962962962962963
2 0.1401282697916031 0.3573092818260193 0.007291666666666667 0.012962962962962963
2 0.14347948133945465 0.49751830101013184 0.007291666666666667 0.012962962962962963
2 0.14730282127857208 0.6365798115730286 0.007291666666666667 0.012962962962962963
2 0.255175918340683 0.8114555478096008 0.007291666666666667 0.012962962962962963
2 0.3359554409980774 0.811805784702301 0.007291666666666667 0.012962962962962963
2 0.4163656234741211 0.8129903078079224 0.007291666666666667 0.012962962962962963
2 0.5762596726417542 0.8128476738929749 0.007291666666666667 0.012962962962962963
2 0.6567503809928894 0.8127796649932861 0.007291666666666667 0.012962962962962963
2 0.7361292243003845 0.8131241798400879 0.007291666666666667 0.012962962962962963
2 0.8391198515892029 0.6399766206741333 0.007291666666666667 0.012962962962962963
2 0.8391473293304443 0.5023483633995056 0.007291666666666667 0.012962962962962963
2 0.8391749262809753 0.3635943830013275 0.007291666666666667 0.012962962962962963
