1 0.26183274388313293 0.3395901918411255 0.016145833333333335 0.027777777777777776
3 0.31258442997932434 0.4414978623390198 0.014583333333333334 0.026851851851851852
3 0.31242644786834717 0.4879816174507141 0.015104166666666667 0.026851851851851852
0 0.38194262981414795 0.5345848202705383 0.015625 0.026851851851851852
4 0.34885215759277344 0.4028802514076233 0.016145833333333335 0.02962962962962963
4 0.3569498062133789 0.28749048709869385 0.015625 0.027777777777777776
4 0.3715173006057739 0.4890086352825165 0.015104166666666667 0.028703703703703703
4 0.4645565152168274 0.24722547829151154 0.015625 0.025925925925925925
4 0.43151339888572693 0.48644131422042847 0.015625 0.027777777777777776
4 0.469948947429657 0.5857640504837036 0.015625 0.028703703703703703
4 0.6117215752601624 0.32045528292655945 0.016145833333333335 0.027777777777777776
3 0.6949171423912048 0.670490026473999 0.016145833333333335 0.027777777777777776
2 0.7463902235031128 0.17543375492095947 0.007291666666666667 0.012962962962962963
2 0.6627327799797058 0.1775227189064026 0.007291666666666667 0.012962962962962963
2 0.5791895389556885 0.17870241403579712 0.007291666666666667 0.012962962962962963
2 0.41195011138916016 0.18242302536964417 0.007291666666666667 0.012962962962962963
2 0.32723870873451233 0.18544583022594452 0.007291666666666667 0.012962962962962963
2 0.2431572526693344 0.1879996806383133 0.007291666666666667 0.012962962962962963
2 0.13946647942066193 0.3820227086544037 0.007291666666666667 0.012962962962962963
2 0.14262530207633972 0.5275528430938721 0.007291666666666667 0.012962962962962963
2 0.14653530716896057 0.6726827621459961 0.007291666666666667 0.012962962962962963
2 0.2556315064430237 0.8509050011634827 0.007291666666666667 0.012962962962962963
2 0.3378000855445862 0.8483231663703918 0.007291666666666667 0.012962962962962963
2 0.5820180177688599 0.8410851359367371 0.007291666666666667 0.012962962962962963
2 0.6634112596511841 0.8372215628623962 0.007291666666666667 0.012962962962962963
2 0.7446820139884949 0.835538387298584 0.007291666666666667 0.012962962962962963
2 0.8505725860595703 0.6504859328269958 0.007291666666666667 0.012962962962962963
2 0.8510134816169739 0.50710129737854 0.007291666666666667 0.012962962962962963
2 0.8514637351036072 0.36068496108055115 0.007291666666666667 0.012962962962962963
