1 0.25925853848457336 0.31752845644950867 0.016145833333333335 0.027777777777777776
3 0.3080476224422455 0.4195499122142792 0.014583333333333334 0.026851851851851852
3 0.3072144091129303 0.46590736508369446 0.015104166666666667 0.026851851851851852
0 0.3761652112007141 0.5143263339996338 0.015625 0.026851851851851852
4 0.3447176516056061 0.3819102346897125 0.016145833333333335 0.02962962962962963
4 0.3542692959308624 0.2678270936012268 0.015625 0.027777777777777776
4 0.3662669360637665 0.46834662556648254 0.015104166666666667 0.028703703703703703
4 0.46191221475601196 0.22984759509563446 0.015625 0.025925925925925925
4 0.4265173077583313 0.4672114849090576 0.015625 0.027777777777777776
4 0.46435806155204773 0.568291962146759 0.015625 0.028703703703703703
4 0.6094950437545776 0.3049764931201935 0.016145833333333335 0.027777777777777776
3 0.6939048767089844 0.6613124012947083 0.016145833333333335 0.027777777777777776
2 0.7462354302406311 0.16288723051548004 0.007291666666666667 0.012962962962962963
2 0.6614362001419067 0.16384847462177277 0.007291666666666667 0.012962962962962963
2 0.5772401094436646 0.1639094054698944 0.007291666666666667 0.012962962962962963
2 0.41013017296791077 0.1653623878955841 0.007291666666666667 0.012962962962962963
2 0.3261924684047699 0.16720464825630188 0.007291666666666667 0.012962962962962963
2 0.24335524439811707 0.16858768463134766 0.007291666666666667 0.012962962962962963
2 0.13792641460895538 0.3570146858692169 0.007291666666666667 0.012962962962962963
2 0.13802318274974823 0.5012374520301819 0.007291666666666667 0.012962962962962963
2 0.13887494802474976 0.6466732621192932 0.007291666666666667 0.012962962962962963
2 0.24455617368221283 0.831342875957489 0.007291666666666667 0.012962962962962963
2 0.32756683230400085 0.8317466378211975 0.007291666666666667 0.012962962962962963
2 0.5770829319953918 0.8334118723869324 0.007291666666666667 0.012962962962962963
2 0.6611893177032471 0.8324652910232544 0.007291666666666667 0.012962962962962963
2 0.745641827583313 0.8337805867195129 0.007291666666666667 0.012962962962962963
2 0.8553133606910706 0.6455661058425903 0.007291666666666667 0.012962962962962963
2 0.8549224138259888 0.49848243594169617 0.007291666666666667 0.012962962962962963
2 0.8545275330543518 0.34992459416389465 0.007291666666666667 0.012962962962962963
