4 0.4202747941017151 0.4913955628871918 0.0078125 0.009259259259259259
3 0.41004931926727295 0.49389225244522095 0.0078125 0.013888888888888888
3 0.4210454821586609 0.5007442831993103 0.0078125 0.014814814814814815
0 0.417724609375 0.5042452216148376 0.0078125 0.012037037037037037
4 0.3878059983253479 0.5099784135818481 0.008854166666666666 0.016666666666666666
3 0.3660446107387543 0.5122924447059631 0.008854166666666666 0.01574074074074074
4 0.3688805401325226 0.5252357721328735 0.008854166666666666 0.011111111111111112
4 0.41696369647979736 0.516230583190918 0.008854166666666666 0.016666666666666666
3 0.4718349874019623 0.5086876749992371 0.0078125 0.014814814814814815
1 0.544003427028656 0.5585593581199646 0.010416666666666666 0.019444444444444445
3 0.4964647889137268 0.5874826312065125 0.010416666666666666 0.016666666666666666
2 0.465176522731781 0.5795049071311951 0.007291666666666667 0.009259259259259259
2 0.4368912875652313 0.5657968521118164 0.007291666666666667 0.009259259259259259
2 0.41187426447868347 0.5534448623657227 0.007291666666666667 0.009259259259259259
2 0.3660731017589569 0.5318599343299866 0.007291666666666667 0.009259259259259259
2 0.34581324458122253 0.5213086605072021 0.007291666666666667 0.009259259259259259
2 0.3270666003227234 0.5112132430076599 0.007291666666666667 0.009259259259259259
2 0.34371432662010193 0.495900422334671 0.007291666666666667 0.009259259259259259
2 0.37344399094581604 0.4906090497970581 0.007291666666666667 0.009259259259259259
2 0.40134677290916443 0.4861837923526764 0.007291666666666667 0.009259259259259259
2 0.45858198404312134 0.4893733263015747 0.007291666666666667 0.009259259259259259
2 0.47872409224510193 0.4968169033527374 0.007291666666666667 0.009259259259259259
2 0.5008760690689087 0.5056155323982239 0.007291666666666667 0.009259259259259259
2 0.5501667261123657 0.5223719477653503 0.007291666666666667 0.009259259259259259
2 0.5770345330238342 0.5320943593978882 0.007291666666666667 0.009259259259259259
2 0.6056278347969055 0.5422701835632324 0.007291666666666667 0.009259259259259259
2 0.6096011996269226 0.5661783218383789 0.007291666666666667 0.009259259259259259
2 0.5799678564071655 0.5736822485923767 0.007291666666666667 0.009259259259259259
2 0.5467440485954285 0.5842351913452148 0.007291666666666667 0.009259259259259259
