4 0.5933948159217834 0.4778297245502472 0.0078125 0.009259259259259259
3 0.6037378311157227 0.48045286536216736 0.0078125 0.013888888888888888
3 0.5926307439804077 0.48727744817733765 0.0078125 0.014814814814814815
0 0.5959950685501099 0.4908505976200104 0.0078125 0.012037037037037037
4 0.6262565851211548 0.4969342350959778 0.008854166666666666 0.016666666666666666
3 0.6482555270195007 0.4994805157184601 0.008854166666666666 0.01574074074074074
4 0.6454227566719055 0.5125482678413391 0.008854166666666666 0.011111111111111112
4 0.5967850089073181 0.5029850602149963 0.008854166666666666 0.016666666666666666
3 0.5412472486495972 0.4948318600654602 0.0078125 0.014814814814814815
1 0.4681050181388855 0.5447092056274414 0.010416666666666666 0.019444444444444445
3 0.5163300037384033 0.5744894742965698 0.010416666666666666 0.016666666666666666
2 0.5480492115020752 0.5666667819023132 0.007291666666666667 0.009259259259259259
2 0.5766914486885071 0.553013265132904 0.007291666666666667 0.009259259259259259
2 0.6019996404647827 0.5407180190086365 0.007291666666666667 0.009259259259259259
2 0.6482775211334229 0.5192780494689941 0.007291666666666667 0.009259259259259259
2 0.6687214374542236 0.5087903738021851 0.007291666666666667 0.009259259259259259
2 0.6876236796379089 0.49875709414482117 0.007291666666666667 0.009259259259259259
2 0.6707659959793091 0.483119934797287 0.007291666666666667 0.009259259259259259
2 0.6407247185707092 0.47748616337776184 0.007291666666666667 0.009259259259259259
2 0.6125200986862183 0.4727434515953064 0.007291666666666667 0.009259259259259259
2 0.5546445250511169 0.47541457414627075 0.007291666666666667 0.009259259259259259
2 0.5342645645141602 0.48275133967399597 0.007291666666666667 0.009259259259259259
2 0.5118359923362732 0.49144554138183594 0.007291666666666667 0.009259259259259259
2 0.46187353134155273 0.5079538822174072 0.007291666666666667 0.009259259259259259
2 0.4346069395542145 0.5175600051879883 0.007291666666666667 0.009259259259259259
2 0.4055640399456024 0.527618408203125 0.007291666666666667 0.009259259259259259
2 0.40148845314979553 0.5518534779548645 0.007291666666666667 0.009259259259259259
2 0.43158188462257385 0.5597392916679382 0.007291666666666667 0.009259259259259259
2 0.4653094708919525 0.570750892162323 0.007291666666666667 0.009259259259259259
