4 0.40239059925079346 0.47361525893211365 0.0078125 0.009259259259259259
3 0.3922230899333954 0.476052850484848 0.0078125 0.013888888888888888
3 0.4031914472579956 0.48294034600257874 0.0078125 0.014814814814814815
0 0.399896502494812 0.4864150583744049 0.0078125 0.012037037037037037
4 0.3701494336128235 0.49196815490722656 0.008854166666666666 0.016666666666666666
3 0.3485455811023712 0.49415141344070435 0.008854166666666666 0.01574074074074074
4 0.3513762652873993 0.507071852684021 0.008854166666666666 0.011111111111111112
4 0.39917972683906555 0.4983741343021393 0.008854166666666666 0.016666666666666666
3 0.4539248049259186 0.4911501705646515 0.0078125 0.014814814814814815
1 0.5267813205718994 0.541693389415741 0.010416666666666666 0.019444444444444445
3 0.47913727164268494 0.570454478263855 0.010416666666666666 0.016666666666666666
2 0.4476603865623474 0.5621491074562073 0.007291666666666667 0.009259259259259259
2 0.41926345229148865 0.5481407046318054 0.007291666666666667 0.009259259259259259
2 0.3942289352416992 0.5355631709098816 0.007291666666666667 0.009259259259259259
2 0.34859684109687805 0.5136635899543762 0.007291666666666667 0.009259259259259259
2 0.32849210500717163 0.5030154585838318 0.007291666666666667 0.009259259259259259
2 0.30993467569351196 0.49285635352134705 0.007291666666666667 0.009259259259259259
2 0.32640743255615234 0.4777192771434784 0.007291666666666667 0.009259259259259259
2 0.35585638880729675 0.4726046323776245 0.007291666666666667 0.009259259259259259
2 0.38354790210723877 0.468333899974823 0.007291666666666667 0.009259259259259259
2 0.4405725598335266 0.471784383058548 0.007291666666666667 0.009259259259259259
2 0.4607451856136322 0.4793184697628021 0.007291666666666667 0.009259259259259259
2 0.4829879105091095 0.4882369339466095 0.007291666666666667 0.009259259259259259
2 0.5326578617095947 0.5053285956382751 0.007291666666666667 0.009259259259259259
2 0.5598526000976562 0.5152767896652222 0.007291666666666667 0.009259259259259259
2 0.5888820886611938 0.525724470615387 0.007291666666666667 0.009259259259259259
2 0.593195915222168 0.5498962998390198 0.007291666666666667 0.009259259259259259
2 0.5632625818252563 0.5572389364242554 0.007291666666666667 0.009259259259259259
2 0.5297830700874329 0.5676172375679016 0.007291666666666667 0.009259259259259259
