2 0.33784231543540955 0.4660365879535675 0.0034434523809523812 0.0034095238095238098
2 0.3978371322154999 0.4532148241996765 0.0034434523809523812 0.0029714285714285715
2 0.5115734338760376 0.46623948216438293 0.003660714285714286 0.003761904761904762
2 0.548335075378418 0.49096301198005676 0.0039880952380952385 0.003495238095238095
2 0.5894657969474792 0.518961489200592 0.0034970238095238097 0.0032333333333333333
2 0.685811460018158 0.5838044285774231 0.004208333333333334 0.003933333333333333
2 0.7440811991691589 0.6229194402694702 0.004699404761904761 0.003933333333333333
2 0.8102835416793823 0.6677752137184143 0.005300595238095238 0.004457142857142857
2 0.8171594738960266 0.7821815609931946 0.005574404761904762 0.005419047619047619
2 0.7351423501968384 0.8229548335075378 0.005901785714285714 0.006380952380952381
2 0.643425703048706 0.868598461151123 0.006175595238095238 0.00690952380952381
2 0.42911481857299805 0.8275777697563171 0.006392857142857143 0.006380952380952381
2 0.37853363156318665 0.759322464466095 0.005136904761904763 0.006119047619047619
2 0.335537850856781 0.7013676762580872 0.005136904761904763 0.005333333333333333
2 0.26669326424598694 0.6086806058883667 0.004589285714285714 0.0048095238095238095
2 0.23917843401432037 0.5703931450843811 0.004318452380952381 0.004023809523809523
2 0.21427051723003387 0.5365332961082458 0.004318452380952381 0.003761904761904762
4 0.36187809705734253 0.4849705398082733 0.011866071428571427 0.02036190476190476
4 0.30802440643310547 0.5151201486587524 0.012294642857142858 0.0215047619047619
4 0.30604004859924316 0.5660656094551086 0.014011904761904762 0.022876190476190477
4 0.2891033887863159 0.5724601149559021 0.01386904761904762 0.023790476190476192
4 0.6742040514945984 0.6245741844177246 0.015726190476190477 0.02630952380952381
4 0.6679182052612305 0.689778745174408 0.018157738095238095 0.030195238095238094
4 0.6478891968727112 0.703791618347168 0.017157738095238094 0.030880952380952377
3 0.4197888672351837 0.7246001362800598 0.017729166666666667 0.030652380952380955
3 0.6957746148109436 0.7249708771705627 0.01787202380952381 0.030880952380952377
3 0.5137724876403809 0.49361827969551086 0.013011904761904761 0.021961904761904762
3 0.48513418436050415 0.5429950952529907 0.01286904761904762 0.02264761904761905
3 0.4513927400112152 0.47936245799064636 0.012008928571428571 0.019671428571428572
3 0.3216674327850342 0.5556943416595459 0.013011904761904761 0.02356190476190476
3 0.27019891142845154 0.5691913962364197 0.014440476190476191 0.02356190476190476
0 0.5962051749229431 0.6969554424285889 0.017151785714285717 0.030366666666666667
1 0.8020358085632324 0.7359026670455933 0.01813690476190476 0.0314952380952381
