2 0.33227550983428955 0.4691765010356903 0.0034434523809523812 0.0034095238095238098
2 0.3914903998374939 0.4559744596481323 0.0034434523809523812 0.0029714285714285715
2 0.5039774775505066 0.467604398727417 0.003660714285714286 0.003761904761904762
2 0.5403121113777161 0.4915718734264374 0.0039880952380952385 0.003495238095238095
2 0.5810024738311768 0.5187453031539917 0.0034970238095238097 0.0032333333333333333
2 0.6764854192733765 0.5817757248878479 0.004208333333333334 0.003933333333333333
2 0.7343461513519287 0.6198700666427612 0.004699404761904761 0.003933333333333333
2 0.8001829385757446 0.6636278629302979 0.005300595238095238 0.004457142857142857
2 0.8060033917427063 0.7762066125869751 0.005574404761904762 0.005419047619047619
2 0.7237423062324524 0.8165290951728821 0.005901785714285714 0.006380952380952381
2 0.6321690082550049 0.8614631295204163 0.006175595238095238 0.00690952380952381
2 0.4205957353115082 0.8219874501228333 0.006392857142857143 0.006380952380952381
2 0.3711448907852173 0.755651593208313 0.005136904761904763 0.006119047619047619
2 0.32912787795066833 0.6993512511253357 0.005136904761904763 0.005333333333333333
2 0.2618848383426666 0.6093571186065674 0.004589285714285714 0.0048095238095238095
2 0.23502540588378906 0.5721914768218994 0.004318452380952381 0.004023809523809523
2 0.21071414649486542 0.5393357276916504 0.004318452380952381 0.003761904761904762
4 0.35588207840919495 0.4875057339668274 0.011866071428571427 0.02036190476190476
4 0.302759051322937 0.5175591707229614 0.012294642857142858 0.0215047619047619
4 0.3006352186203003 0.5674213171005249 0.014011904761904762 0.022876190476190477
4 0.2839812934398651 0.5738092660903931 0.01386904761904762 0.023790476190476192
4 0.6645975112915039 0.6219972968101501 0.015726190476190477 0.02630952380952381
4 0.6578398942947388 0.6861351728439331 0.018157738095238095 0.030195238095238094
4 0.6378058791160583 0.7000067830085754 0.017157738095238094 0.030880952380952377
3 0.41189953684806824 0.721580445766449 0.017729166666666667 0.030652380952380955
3 0.6853093504905701 0.7205453515052795 0.01787202380952381 0.030880952380952377
3 0.5059998035430908 0.49452027678489685 0.013011904761904761 0.021961904761904762
3 0.4773491322994232 0.5433081388473511 0.01286904761904762 0.02264761904761905
3 0.44429561495780945 0.4811168909072876 0.012008928571428571 0.019671428571428572
3 0.3160300552845001 0.557148277759552 0.013011904761904761 0.02356190476190476
3 0.26543983817100525 0.5707674622535706 0.014440476190476191 0.02356190476190476
0 0.586503803730011 0.6935878992080688 0.017151785714285717 0.030366666666666667
1 0.7912999391555786 0.7307597994804382 0.01813690476190476 0.0314952380952381
