3 0.7001273036003113 0.26576581597328186 0.015476190476190477 0.026595238095238095
3 0.7714933156967163 0.33843672275543213 0.013946428571428571 0.023538095238095236
3 0.6093636751174927 0.41268956661224365 0.01662202380952381 0.02781428571428571
4 0.3819122910499573 0.289917916059494 0.01575595238095238 0.028190476190476193
4 0.304385244846344 0.403617262840271 0.01637797619047619 0.02752857142857143
4 0.2983322739601135 0.44565874338150024 0.016169642857142858 0.02587142857142857
3 0.25689393281936646 0.4192562997341156 0.01575595238095238 0.02487619047619048
1 0.202182799577713 0.3143571615219116 0.017827380952380952 0.02587142857142857
0 0.32833659648895264 0.49792781472206116 0.015961309523809523 0.028523809523809524
3 0.370822012424469 0.730871319770813 0.015547619047619048 0.028523809523809524
4 0.8064624667167664 0.5046911835670471 0.018449404761904764 0.025957142857142856
4 0.7621246576309204 0.6412720680236816 0.016860119047619047 0.02900952380952381
4 0.6563227772712708 0.7100622057914734 0.016886904761904763 0.027133333333333332
4 0.6529760360717773 0.7403185963630676 0.016532738095238093 0.02762857142857143
3 0.6675291061401367 0.7644696831703186 0.01763392857142857 0.026157142857142858
3 0.6693254709243774 0.674393892288208 0.017267857142857144 0.02703809523809524
2 0.7505965232849121 0.8161920309066772 0.004633928571428572 0.007414285714285714
2 0.6693360805511475 0.815058708190918 0.004744047619047619 0.007061904761904762
2 0.587346613407135 0.8151929974555969 0.005294642857142857 0.008295238095238097
2 0.4237126410007477 0.8132558465003967 0.00518452380952381 0.00759047619047619
2 0.3410443365573883 0.8118476867675781 0.004854166666666666 0.007766666666666666
2 0.2582307457923889 0.8103529810905457 0.005074404761904762 0.00811904761904762
2 0.15070873498916626 0.6403519511222839 0.004744047619047619 0.00847142857142857
2 0.14998073875904083 0.5074877142906189 0.004523809523809524 0.008647619047619048
2 0.14957311749458313 0.3731505274772644 0.004523809523809524 0.008647619047619048
2 0.2565964460372925 0.20314696431159973 0.004633928571428572 0.007766666666666666
2 0.34041833877563477 0.2047475427389145 0.00518452380952381 0.007766666666666666
2 0.4243656396865845 0.20652683079242706 0.005074404761904762 0.00847142857142857
2 0.5910542607307434 0.21066641807556152 0.0049642857142857145 0.008295238095238097
2 0.6738507747650146 0.21362771093845367 0.005294642857142857 0.008647619047619048
2 0.7562932372093201 0.21545447409152985 0.005074404761904762 0.007414285714285714
2 0.8597723841667175 0.3882486820220947 0.005294642857142857 0.008647619047619048
2 0.8585492372512817 0.5197601914405823 0.004744047619047619 0.009004761904761904
2 0.856695294380188 0.6511066555976868 0.005074404761904762 0.009004761904761904
