3 0.3199758231639862 0.25127893686294556 0.015476190476190477 0.026595238095238095
3 0.24554604291915894 0.32097911834716797 0.013946428571428571 0.023538095238095236
3 0.41057655215263367 0.40011101961135864 0.01662202380952381 0.02781428571428571
4 0.6386897563934326 0.28696244955062866 0.01575595238095238 0.028190476190476193
4 0.7139024138450623 0.40007373690605164 0.01637797619047619 0.02752857142857143
4 0.719596803188324 0.44115903973579407 0.016169642857142858 0.02587142857142857
3 0.7600035667419434 0.41660863161087036 0.01575595238095238 0.02487619047619048
1 0.8131659626960754 0.3168952763080597 0.017827380952380952 0.02587142857142857
0 0.6899961233139038 0.4914306700229645 0.015961309523809523 0.028523809523809524
3 0.6467541456222534 0.7199781537055969 0.015547619047619048 0.028523809523809524
4 0.2066442221403122 0.4868638515472412 0.018449404761904764 0.025957142857142856
4 0.25067877769470215 0.6257058382034302 0.016860119047619047 0.02900952380952381
4 0.3590523898601532 0.6964999437332153 0.016886904761904763 0.027133333333333332
4 0.3621058464050293 0.7270370125770569 0.016532738095238093 0.02762857142857143
3 0.34682828187942505 0.7513153553009033 0.01763392857142857 0.026157142857142858
3 0.3461512625217438 0.6604198813438416 0.017267857142857144 0.02703809523809524
2 0.2600487768650055 0.8033789992332458 0.004633928571428572 0.007414285714285714
2 0.3443065583705902 0.8024996519088745 0.004744047619047619 0.007061904761904762
2 0.42839646339416504 0.8029094338417053 0.005294642857142857 0.008295238095238097
2 0.5935801267623901 0.8015157580375671 0.00518452380952381 0.00759047619047619
2 0.6757093071937561 0.8003969192504883 0.004854166666666666 0.007766666666666666
2 0.7571089863777161 0.7992050051689148 0.005074404761904762 0.00811904761904762
2 0.861835241317749 0.6336249113082886 0.004744047619047619 0.00847142857142857
2 0.8627867102622986 0.5047494173049927 0.004523809523809524 0.008647619047619048
2 0.8634294867515564 0.37516215443611145 0.004523809523809524 0.008647619047619048
2 0.7611570358276367 0.20784993469715118 0.004633928571428572 0.007766666666666666
2 0.6798264384269714 0.20596544444561005 0.00518452380952381 0.007766666666666666
2 0.5974968075752258 0.2042292207479477 0.005074404761904762 0.00847142857142857
2 0.43135586380958557 0.2013215720653534 0.0049642857142857145 0.008295238095238097
2 0.34747549891471863 0.2007478028535843 0.005294642857142857 0.008647619047619048
2 0.2630612552165985 0.19905613362789154 0.005074404761904762 0.007414285714285714
2 0.15287849307060242 0.36800244450569153 0.005294642857142857 0.008647619047619048
2 0.15189017355442047 0.5008601546287537 0.004744047619047619 0.009004761904761904
2 0.15156342089176178 0.6342926025390625 0.005074404761904762 0.009004761904761904
