3 0.30398446321487427 0.2569594979286194 0.015476190476190477 0.026595238095238095
3 0.2314944714307785 0.32910385727882385 0.013946428571428571 0.023538095238095236
3 0.39645057916641235 0.4060443639755249 0.01662202380952381 0.02781428571428571
4 0.6256858706474304 0.2859567105770111 0.01575595238095238 0.028190476190476193
4 0.703974187374115 0.4008054733276367 0.01637797619047619 0.02752857142857143
4 0.7102160453796387 0.44295644760131836 0.016169642857142858 0.02587142857142857
3 0.7516416907310486 0.4170452654361725 0.01575595238095238 0.02487619047619048
1 0.8059125542640686 0.31297385692596436 0.017827380952380952 0.02587142857142857
0 0.6803072094917297 0.4949584901332855 0.015961309523809523 0.028523809523809524
3 0.6384682655334473 0.7283381819725037 0.015547619047619048 0.028523809523809524
4 0.1960930973291397 0.4964553713798523 0.018449404761904764 0.025957142857142856
4 0.24157920479774475 0.6349344849586487 0.016860119047619047 0.02900952380952381
4 0.3494912385940552 0.7052971124649048 0.016886904761904763 0.027133333333333332
4 0.3529647886753082 0.7358779907226562 0.016532738095238093 0.02762857142857143
3 0.3382158577442169 0.760179340839386 0.01763392857142857 0.026157142857142858
3 0.3361855745315552 0.6691799163818359 0.017267857142857144 0.02703809523809524
2 0.2536608874797821 0.8119910955429077 0.004633928571428572 0.007414285714285714
2 0.3364907503128052 0.8113041520118713 0.004744047619047619 0.007061904761904762
2 0.41982948780059814 0.8119031190872192 0.005294642857142857 0.008295238095238097
2 0.585442841053009 0.8108733296394348 0.00518452380952381 0.00759047619047619
2 0.6687525510787964 0.8099234700202942 0.004854166666666666 0.007766666666666666
2 0.7519689798355103 0.8088902831077576 0.005074404761904762 0.00811904761904762
2 0.8588544726371765 0.6392945647239685 0.004744047619047619 0.00847142857142857
2 0.8589465618133545 0.5064769983291626 0.004523809523809524 0.008647619047619048
2 0.8587118983268738 0.3723612427711487 0.004523809523809524 0.008647619047619048
2 0.7510198950767517 0.20116570591926575 0.004633928571428572 0.007766666666666666
2 0.6670402884483337 0.20141468942165375 0.00518452380952381 0.007766666666666666
2 0.5826913118362427 0.20184123516082764 0.005074404761904762 0.00847142857142857
2 0.4144764840602875 0.20330071449279785 0.0049642857142857145 0.008295238095238097
2 0.33056044578552246 0.20493857562541962 0.005294642857142857 0.008647619047619048
2 0.24675947427749634 0.20544485747814178 0.005074404761904762 0.007414285714285714
2 0.14145246148109436 0.37816914916038513 0.005294642857142857 0.008647619047619048
2 0.14287325739860535 0.5111152529716492 0.004744047619047619 0.009004761904761904
2 0.1449413001537323 0.6440669298171997 0.005074404761904762 0.009004761904761904
