3 0.3066273629665375 0.25648900866508484 0.015476190476190477 0.026595238095238095
3 0.2339262068271637 0.3284582495689392 0.013946428571428571 0.023538095238095236
3 0.3977823853492737 0.4062466025352478 0.01662202380952381 0.02781428571428571
4 0.6268448829650879 0.2865978181362152 0.01575595238095238 0.028190476190476193
4 0.7047463059425354 0.4021112024784088 0.01637797619047619 0.02752857142857143
4 0.7109318971633911 0.44452977180480957 0.016169642857142858 0.02587142857142857
3 0.7523495554924011 0.4186153709888458 0.01575595238095238 0.02487619047619048
1 0.80655437707901 0.3142951726913452 0.017827380952380952 0.02587142857142857
0 0.6809605360031128 0.49679070711135864 0.015961309523809523 0.028523809523809524
3 0.6386055946350098 0.7326507568359375 0.015547619047619048 0.028523809523809524
4 0.19721929728984833 0.4964233934879303 0.018449404761904764 0.025957142857142856
4 0.24149680137634277 0.6363338232040405 0.016860119047619047 0.02900952380952381
4 0.34899961948394775 0.7080222368240356 0.016886904761904763 0.027133333333333332
4 0.35228103399276733 0.7390450835227966 0.016532738095238093 0.02762857142857143
3 0.33733710646629333 0.7636401057243347 0.01763392857142857 0.026157142857142858
3 0.33591407537460327 0.6713808178901672 0.017267857142857144 0.02703809523809524
2 0.25217267870903015 0.8158891201019287 0.004633928571428572 0.007414285714285714
2 0.3352631628513336 0.8155694603919983 0.004744047619047619 0.007061904761904762
2 0.41888508200645447 0.8165597319602966 0.005294642857142857 0.008295238095238097
2 0.5851607322692871 0.8162701725959778 0.00518452380952381 0.00759047619047619
2 0.6688470244407654 0.8156850934028625 0.004854166666666666 0.007766666666666666
2 0.752467155456543 0.815014660358429 0.005074404761904762 0.00811904761904762
2 0.8597326874732971 0.6433306336402893 0.004744047619047619 0.00847142857142857
2 0.8596848845481873 0.5090994834899902 0.004523809523809524 0.008647619047619048
2 0.8593093156814575 0.37409037351608276 0.004523809523809524 0.008647619047619048
2 0.75184565782547 0.2021838277578354 0.004633928571428572 0.007766666666666666
2 0.668217122554779 0.2021610587835312 0.00518452380952381 0.007766666666666666
2 0.5842495560646057 0.20231449604034424 0.005074404761904762 0.00847142857142857
2 0.4168785512447357 0.20322833955287933 0.0049642857142857145 0.008295238095238097
2 0.3334192633628845 0.20459246635437012 0.005294642857142857 0.008647619047619048
2 0.2501089870929718 0.20482677221298218 0.005074404761904762 0.007414285714285714
2 0.14382366836071014 0.37733232975006104 0.005294642857142857 0.008647619047619048
2 0.14397265017032623 0.5109798908233643 0.004744047619047619 0.009004761904761904
2 0.14476937055587769 0.6451636552810669 0.005074404761904762 0.009004761904761904
