3 0.30667173862457275 0.2505963444709778 0.015476190476190477 0.026595238095238095
3 0.23278044164180756 0.32296571135520935 0.013946428571428571 0.023538095238095236
3 0.3979529142379761 0.40207189321517944 0.01662202380952381 0.02781428571428571
4 0.6292893290519714 0.2824108302593231 0.01575595238095238 0.028190476190476193
4 0.7068272829055786 0.39893782138824463 0.01637797619047619 0.02752857142857143
4 0.7127730846405029 0.4416029155254364 0.016169642857142858 0.02587142857142857
3 0.7544704079627991 0.4156849682331085 0.01575595238095238 0.02487619047619048
1 0.8094552159309387 0.3110395669937134 0.017827380952380952 0.02587142857142857
0 0.682380735874176 0.49405279755592346 0.015961309523809523 0.028523809523809524
3 0.6384552717208862 0.7309644222259521 0.015547619047619048 0.028523809523809524
4 0.19482199847698212 0.49245569109916687 0.018449404761904764 0.025957142857142856
4 0.23894146084785461 0.6336981654167175 0.016860119047619047 0.02900952380952381
4 0.3471578359603882 0.7060398459434509 0.016886904761904763 0.027133333333333332
4 0.3503081202507019 0.737277626991272 0.016532738095238093 0.02762857142857143
3 0.33510491251945496 0.762035071849823 0.01763392857142857 0.026157142857142858
3 0.33414173126220703 0.6691263914108276 0.017267857142857144 0.02703809523809524
2 0.24885527789592743 0.8146561980247498 0.004633928571428572 0.007414285714285714
2 0.3327464461326599 0.8143091797828674 0.004744047619047619 0.007061904761904762
2 0.41704294085502625 0.8152799010276794 0.005294642857142857 0.008295238095238097
2 0.5843021869659424 0.8149376511573792 0.00518452380952381 0.00759047619047619
2 0.6683007478713989 0.8143248558044434 0.004854166666666666 0.007766666666666666
2 0.7521100044250488 0.8136273622512817 0.005074404761904762 0.00811904761904762
2 0.8605544567108154 0.6415120363235474 0.004744047619047619 0.00847142857142857
2 0.8613844513893127 0.5068559050559998 0.004523809523809524 0.008647619047619048
2 0.8618922829627991 0.3713184595108032 0.004523809523809524 0.008647619047619048
2 0.7553202509880066 0.1980440616607666 0.004633928571428572 0.007766666666666666
2 0.6713680624961853 0.19759126007556915 0.00518452380952381 0.007766666666666666
2 0.5869495868682861 0.197313591837883 0.005074404761904762 0.00847142857142857
2 0.4183025062084198 0.1973724514245987 0.0049642857142857145 0.008295238095238097
2 0.33401575684547424 0.19831930100917816 0.005294642857142857 0.008647619047619048
2 0.24976134300231934 0.19812647998332977 0.005074404761904762 0.007414285714285714
2 0.14129702746868134 0.37200096249580383 0.005294642857142857 0.008647619047619048
2 0.14083242416381836 0.5070209503173828 0.004744047619047619 0.009004761904761904
2 0.1410216987133026 0.6424834132194519 0.005074404761904762 0.009004761904761904
