3 0.6930859088897705 0.24904267489910126 0.015476190476190477 0.026595238095238095
3 0.7669848203659058 0.3209717273712158 0.013946428571428571 0.023538095238095236
3 0.6017183065414429 0.3993018567562103 0.01662202380952381 0.02781428571428571
4 0.3695093095302582 0.2801498472690582 0.01575595238095238 0.028190476190476193
4 0.29170969128608704 0.3959754705429077 0.01637797619047619 0.02752857142857143
4 0.28579646348953247 0.4383973479270935 0.016169642857142858 0.02587142857142857
3 0.24380478262901306 0.4126017689704895 0.01575595238095238 0.02487619047619048
1 0.1882447749376297 0.3083956837654114 0.017827380952380952 0.02587142857142857
0 0.3164316713809967 0.49053582549095154 0.015961309523809523 0.028523809523809524
3 0.3608700633049011 0.7256521582603455 0.015547619047619048 0.028523809523809524
4 0.8048437237739563 0.4889819920063019 0.018449404761904764 0.025957142857142856
4 0.7607412934303284 0.6288235783576965 0.016860119047619047 0.02900952380952381
4 0.6526191234588623 0.7005379796028137 0.016886904761904763 0.027133333333333332
4 0.6494747996330261 0.7314562201499939 0.016532738095238093 0.02762857142857143
3 0.6646728515625 0.7559252381324768 0.01763392857142857 0.026157142857142858
3 0.6656264662742615 0.6639837026596069 0.017267857142857144 0.02703809523809524
2 0.7507994771003723 0.807788074016571 0.004633928571428572 0.007414285714285714
2 0.667034387588501 0.807620644569397 0.004744047619047619 0.007061904761904762
2 0.5827688574790955 0.808757483959198 0.005294642857142857 0.008295238095238097
2 0.4152848720550537 0.8087703585624695 0.00518452380952381 0.00759047619047619
2 0.3310290277004242 0.8083399534225464 0.004854166666666666 0.007766666666666666
2 0.2468666434288025 0.8078246116638184 0.005074404761904762 0.00811904761904762
2 0.13745422661304474 0.6371380686759949 0.004744047619047619 0.00847142857142857
2 0.13632826507091522 0.5032618641853333 0.004523809523809524 0.008647619047619048
2 0.13552406430244446 0.3683665692806244 0.004523809523809524 0.008647619047619048
2 0.24257048964500427 0.19592595100402832 0.004633928571428572 0.007766666666666666
2 0.3270808756351471 0.19564831256866455 0.00518452380952381 0.007766666666666666
2 0.4119637608528137 0.19554626941680908 0.005074404761904762 0.00847142857142857
2 0.5812475681304932 0.19595271348953247 0.0049642857142857145 0.008295238095238097
2 0.6657071709632874 0.1970670074224472 0.005294642857142857 0.008647619047619048
2 0.750037431716919 0.19704829156398773 0.005074404761904762 0.007414285714285714
2 0.8583442568778992 0.36968111991882324 0.005294642857142857 0.008647619047619048
2 0.8587199449539185 0.5034042596817017 0.004744047619047619 0.009004761904761904
2 0.858443021774292 0.637424886226654 0.005074404761904762 0.009004761904761904
