4 0.8229054808616638 0.3262161314487457 0.015104166666666667 0.026851851851851852
4 0.7189506888389587 0.4178476333618164 0.0171875 0.026851851851851852
3 0.6873922944068909 0.283060759305954 0.015104166666666667 0.026851851851851852
0 0.6706292629241943 0.38967785239219666 0.015104166666666667 0.026851851851851852
3 0.6747171878814697 0.7690972685813904 0.015104166666666667 0.028703703703703703
3 0.6343047022819519 0.6884292364120483 0.014583333333333334 0.025925925925925925
4 0.5604721307754517 0.6446672081947327 0.015104166666666667 0.026851851851851852
1 0.5778936147689819 0.41747111082077026 0.015625 0.026851851851851852
4 0.5735763907432556 0.3276009261608124 0.015104166666666667 0.027777777777777776
4 0.43195921182632446 0.4711177349090576 0.015625 0.027777777777777776
3 0.39987489581108093 0.23171111941337585 0.015625 0.02962962962962963
2 0.2691885530948639 0.17147482931613922 0.007291666666666667 0.012962962962962963
2 0.3513890206813812 0.17356868088245392 0.007291666666666667 0.012962962962962963
2 0.4338943064212799 0.1743808537721634 0.007291666666666667 0.012962962962962963
2 0.5954907536506653 0.17722876369953156 0.007291666666666667 0.012962962962962963
2 0.6760855317115784 0.17971248924732208 0.007291666666666667 0.012962962962962963
2 0.7559890747070312 0.18175381422042847 0.007291666666666667 0.012962962962962963
2 0.8563684225082397 0.3617081344127655 0.007291666666666667 0.012962962962962963
2 0.8553830981254578 0.5020135045051575 0.007291666666666667 0.012962962962962963
2 0.8541445136070251 0.6431896686553955 0.007291666666666667 0.012962962962962963
2 0.7495705485343933 0.825075089931488 0.007291666666666667 0.012962962962962963
2 0.6681777834892273 0.8257204294204712 0.007291666666666667 0.012962962962962963
2 0.5865709185600281 0.8259244561195374 0.007291666666666667 0.012962962962962963
2 0.42245209217071533 0.8263347148895264 0.007291666666666667 0.012962962962962963
2 0.33892205357551575 0.8260952234268188 0.007291666666666667 0.012962962962962963
2 0.2556687593460083 0.8263021111488342 0.007291666666666667 0.012962962962962963
2 0.15274237096309662 0.639972448348999 0.007291666666666667 0.012962962962962963
2 0.1555420458316803 0.4953056573867798 0.007291666666666667 0.012962962962962963
2 0.15883831679821014 0.3515569567680359 0.007291666666666667 0.012962962962962963
