3 0.8054116368293762 0.6797036528587341 0.0171875 0.02962962962962963
1 0.737177312374115 0.5241203308105469 0.016145833333333335 0.02962962962962963
0 0.6616776585578918 0.41794896125793457 0.015625 0.027777777777777776
4 0.5643158555030823 0.35843905806541443 0.015625 0.027777777777777776
2 0.26356953382492065 0.21574704349040985 0.007291666666666667 0.012962962962962963
2 0.3441965878009796 0.21222026646137238 0.007291666666666667 0.012962962962962963
2 0.4248659908771515 0.2095598727464676 0.007291666666666667 0.012962962962962963
2 0.5863396525382996 0.20510610938072205 0.007291666666666667 0.012962962962962963
2 0.6686382293701172 0.20327475666999817 0.007291666666666667 0.012962962962962963
2 0.7502394318580627 0.20146425068378448 0.007291666666666667 0.012962962962962963
2 0.850739598274231 0.38260817527770996 0.007291666666666667 0.012962962962962963
2 0.84776371717453 0.525793194770813 0.007291666666666667 0.012962962962962963
2 0.8440722227096558 0.6673687696456909 0.007291666666666667 0.012962962962962963
2 0.736560583114624 0.8478536009788513 0.007291666666666667 0.012962962962962963
2 0.6559494137763977 0.8489009737968445 0.007291666666666667 0.012962962962962963
2 0.5756239295005798 0.8503721952438354 0.007291666666666667 0.012962962962962963
2 0.41684690117836 0.8515815734863281 0.007291666666666667 0.012962962962962963
2 0.3376355767250061 0.8526115417480469 0.007291666666666667 0.012962962962962963
2 0.2584664225578308 0.8536410331726074 0.007291666666666667 0.012962962962962963
2 0.15854673087596893 0.6786116361618042 0.007291666666666667 0.012962962962962963
2 0.15918749570846558 0.5384208559989929 0.007291666666666667 0.012962962962962963
2 0.15982124209403992 0.39879298210144043 0.007291666666666667 0.012962962962962963
