3 0.19617430865764618 0.6677295565605164 0.0171875 0.02962962962962963
1 0.2710152268409729 0.5055860280990601 0.016145833333333335 0.02962962962962963
0 0.35153910517692566 0.3952198922634125 0.015625 0.027777777777777776
4 0.4525836408138275 0.3329493999481201 0.015625 0.027777777777777776
2 0.7571154236793518 0.18582366406917572 0.007291666666666667 0.012962962962962963
2 0.677313506603241 0.18289734423160553 0.007291666666666667 0.012962962962962963
2 0.5967904329299927 0.18081936240196228 0.007291666666666667 0.012962962962962963
2 0.43356889486312866 0.17749254405498505 0.007291666666666667 0.012962962962962963
2 0.3493141233921051 0.17622259259223938 0.007291666666666667 0.012962962962962963
2 0.26505717635154724 0.17495809495449066 0.007291666666666667 0.012962962962962963
2 0.1558411866426468 0.3623217046260834 0.007291666666666667 0.012962962962962963
2 0.15548540651798248 0.5100401043891907 0.007291666666666667 0.012962962962962963
2 0.15592041611671448 0.656256377696991 0.007291666666666667 0.012962962962962963
2 0.2640205919742584 0.8385574817657471 0.007291666666666667 0.012962962962962963
2 0.34751421213150024 0.8362565040588379 0.007291666666666667 0.012962962962962963
2 0.4300052523612976 0.8344197273254395 0.007291666666666667 0.012962962962962963
2 0.5910881161689758 0.8291124701499939 0.007291666666666667 0.012962962962962963
2 0.6704569458961487 0.8269277215003967 0.007291666666666667 0.012962962962962963
2 0.7491403818130493 0.8247618079185486 0.007291666666666667 0.012962962962962963
2 0.8510353565216064 0.6458941698074341 0.007291666666666667 0.012962962962962963
2 0.8531821966171265 0.5060880780220032 0.007291666666666667 0.012962962962962963
2 0.8553218245506287 0.3670404851436615 0.007291666666666667 0.012962962962962963
