3 0.8245247006416321 0.6668277382850647 0.0171875 0.02962962962962963
1 0.7516992092132568 0.5029728412628174 0.016145833333333335 0.02962962962962963
0 0.6723785400390625 0.3906371295452118 0.015625 0.027777777777777776
4 0.5710293054580688 0.32586485147476196 0.015625 0.027777777777777776
2 0.2558552920818329 0.1670071929693222 0.007291666666666667 0.012962962962962963
2 0.34056389331817627 0.1665250062942505 0.007291666666666667 0.012962962962962963
2 0.4248283803462982 0.16694088280200958 0.007291666666666667 0.012962962962962963
2 0.5920512676239014 0.16865995526313782 0.007291666666666667 0.012962962962962963
2 0.6765502691268921 0.169977068901062 0.007291666666666667 0.012962962962962963
2 0.7598505616188049 0.17128093540668488 0.007291666666666667 0.012962962962962963
2 0.8652912974357605 0.3601875901222229 0.007291666666666667 0.012962962962962963
2 0.8650149703025818 0.5077189803123474 0.007291666666666667 0.012962962962962963
2 0.8639719486236572 0.654787003993988 0.007291666666666667 0.012962962962962963
2 0.7563273906707764 0.8424502611160278 0.007291666666666667 0.012962962962962963
2 0.67244952917099 0.8422951698303223 0.007291666666666667 0.012962962962962963
2 0.588392972946167 0.8425948619842529 0.007291666666666667 0.012962962962962963
2 0.4207933843135834 0.841373860836029 0.007291666666666667 0.012962962962962963
2 0.3364676833152771 0.8412175178527832 0.007291666666666667 0.012962962962962963
2 0.2517038881778717 0.8410603404045105 0.007291666666666667 0.012962962962962963
2 0.14423584938049316 0.6513020992279053 0.007291666666666667 0.012962962962962963
2 0.1450866013765335 0.5019953846931458 0.007291666666666667 0.012962962962962963
2 0.14592231810092926 0.3544978201389313 0.007291666666666667 0.012962962962962963
