3 0.18742510676383972 0.6324563026428223 0.0171875 0.02962962962962963
1 0.2575152814388275 0.4775538146495819 0.016145833333333335 0.02962962962962963
0 0.3337517976760864 0.3715870678424835 0.015625 0.027777777777777776
4 0.4310509264469147 0.3115198016166687 0.015625 0.027777777777777776
2 0.7368160486221313 0.16402101516723633 0.007291666666666667 0.012962962962962963
2 0.654541552066803 0.16189353168010712 0.007291666666666667 0.012962962962962963
2 0.5730363130569458 0.16065619885921478 0.007291666666666667 0.012962962962962963
2 0.41229909658432007 0.15908080339431763 0.007291666666666667 0.012962962962962963
2 0.3315846025943756 0.15872269868850708 0.007291666666666667 0.012962962962962963
2 0.2523486316204071 0.15837639570236206 0.007291666666666667 0.012962962962962963
2 0.15118828415870667 0.3376806378364563 0.007291666666666667 0.012962962962962963
2 0.15039831399917603 0.47903209924697876 0.007291666666666667 0.012962962962962963
2 0.15033486485481262 0.6197322010993958 0.007291666666666667 0.012962962962962963
2 0.2505165636539459 0.8026685118675232 0.007291666666666667 0.012962962962962963
2 0.3299952745437622 0.8054727911949158 0.007291666666666667 0.012962962962962963
2 0.4099726974964142 0.8087317943572998 0.007291666666666667 0.012962962962962963
2 0.5704585909843445 0.8135172724723816 0.007291666666666667 0.012962962962962963
2 0.6517110466957092 0.8163827061653137 0.007291666666666667 0.012962962962962963
2 0.7337324023246765 0.8192752599716187 0.007291666666666667 0.012962962962962963
2 0.840343713760376 0.6387255787849426 0.007291666666666667 0.012962962962962963
2 0.8411830067634583 0.49330762028694153 0.007291666666666667 0.012962962962962963
2 0.8420182466506958 0.34941402077674866 0.007291666666666667 0.012962962962962963
