3 0.7953425049781799 0.6606727838516235 0.016145833333333335 0.025925925925925925
4 0.6941136121749878 0.42443016171455383 0.016145833333333335 0.027777777777777776
0 0.644085168838501 0.39664843678474426 0.015104166666666667 0.028703703703703703
4 0.5442949533462524 0.33789780735969543 0.014583333333333334 0.026851851851851852
1 0.5067312717437744 0.6615077257156372 0.015625 0.027777777777777776
2 0.24374529719352722 0.19937114417552948 0.007291666666666667 0.012962962962962963
2 0.32184961438179016 0.19613245129585266 0.007291666666666667 0.012962962962962963
2 0.40215054154396057 0.19193144142627716 0.007291666666666667 0.012962962962962963
2 0.5663670897483826 0.1837768703699112 0.007291666666666667 0.012962962962962963
2 0.6511118412017822 0.17979244887828827 0.007291666666666667 0.012962962962962963
2 0.7374953627586365 0.1766320765018463 0.007291666666666667 0.012962962962962963
2 0.8442743420600891 0.3608691096305847 0.007291666666666667 0.012962962962962963
2 0.8401376605033875 0.5057263374328613 0.007291666666666667 0.012962962962962963
2 0.8363187313079834 0.648815929889679 0.007291666666666667 0.012962962962962963
2 0.7230775356292725 0.8249466419219971 0.007291666666666667 0.012962962962962963
2 0.640224039554596 0.8228150606155396 0.007291666666666667 0.012962962962962963
2 0.5593907237052917 0.8207353949546814 0.007291666666666667 0.012962962962962963
2 0.4016062021255493 0.8166760206222534 0.007291666666666667 0.012962962962962963
2 0.3248264193534851 0.8138958811759949 0.007291666666666667 0.012962962962962963
2 0.24917516112327576 0.8119567036628723 0.007291666666666667 0.012962962962962963
2 0.15196830034255981 0.6443791389465332 0.007291666666666667 0.012962962962962963
2 0.14997972548007965 0.5129989385604858 0.007291666666666667 0.012962962962962963
2 0.14818350970745087 0.37894895672798157 0.007291666666666667 0.012962962962962963
