4 0.3602500259876251 0.7039453983306885 0.023958333333333335 0.04259259259259259
0 0.6340287327766418 0.5268984436988831 0.0234375 0.041666666666666664
1 0.7761943340301514 0.542907178401947 0.024479166666666666 0.041666666666666664
3 0.8291435837745667 0.5665661096572876 0.024479166666666666 0.040740740740740744
3 0.8622264862060547 0.5329356789588928 0.025 0.04259259259259259
3 0.8864534497261047 0.4014771282672882 0.024479166666666666 0.041666666666666664
2 0.9246709942817688 0.6863436698913574 0.007291666666666667 0.012962962962962963
2 0.9242783784866333 0.5099321007728577 0.007291666666666667 0.012962962962962963
2 0.9243777394294739 0.3330201208591461 0.007291666666666667 0.012962962962962963
2 0.8037213087081909 0.11549574881792068 0.007291666666666667 0.012962962962962963
2 0.7041195034980774 0.1138639971613884 0.007291666666666667 0.012962962962962963
2 0.6041552424430847 0.11178522557020187 0.007291666666666667 0.012962962962962963
2 0.40186136960983276 0.10310192406177521 0.007291666666666667 0.012962962962962963
2 0.3000163435935974 0.09962421655654907 0.007291666666666667 0.012962962962962963
2 0.1967577040195465 0.09475145488977432 0.007291666666666667 0.012962962962962963
2 0.06723416596651077 0.31280598044395447 0.007291666666666667 0.012962962962962963
2 0.06631698459386826 0.4944329261779785 0.007291666666666667 0.012962962962962963
2 0.06540235131978989 0.6755489706993103 0.007291666666666667 0.012962962962962963
2 0.193644717335701 0.8979025483131409 0.007291666666666667 0.012962962962962963
2 0.2977999448776245 0.8989000916481018 0.007291666666666667 0.012962962962962963
2 0.399525910615921 0.8972322344779968 0.007291666666666667 0.012962962962962963
2 0.6018320918083191 0.8996369242668152 0.007291666666666667 0.012962962962962963
2 0.7009241580963135 0.90104079246521 0.007291666666666667 0.012962962962962963
2 0.8016406893730164 0.9015756845474243 0.007291666666666667 0.012962962962962963
