4 0.6267201900482178 0.7014950513839722 0.023958333333333335 0.04259259259259259
0 0.3589233458042145 0.5226322412490845 0.0234375 0.041666666666666664
1 0.21827241778373718 0.5319820046424866 0.024479166666666666 0.041666666666666664
3 0.16545847058296204 0.552128791809082 0.024479166666666666 0.040740740740740744
3 0.1337995082139969 0.5191338062286377 0.025 0.04259259259259259
3 0.11366207152605057 0.3948709964752197 0.024479166666666666 0.041666666666666664
2 0.0678967535495758 0.6613181233406067 0.007291666666666667 0.012962962962962963
2 0.07341910898685455 0.4950243830680847 0.007291666666666667 0.012962962962962963
2 0.07843334972858429 0.3294717073440552 0.007291666666666667 0.012962962962962963
2 0.20239941775798798 0.1320565938949585 0.007291666666666667 0.012962962962962963
2 0.2997826039791107 0.13423848152160645 0.007291666666666667 0.012962962962962963
2 0.3976655602455139 0.13602283596992493 0.007291666666666667 0.012962962962962963
2 0.596238911151886 0.13548964262008667 0.007291666666666667 0.012962962962962963
2 0.6963915228843689 0.13605017960071564 0.007291666666666667 0.012962962962962963
2 0.7980902194976807 0.13536867499351501 0.007291666666666667 0.012962962962962963
2 0.9233511090278625 0.34381282329559326 0.007291666666666667 0.012962962962962963
2 0.9222258925437927 0.5148852467536926 0.007291666666666667 0.012962962962962963
2 0.9210951924324036 0.6867910027503967 0.007291666666666667 0.012962962962962963
2 0.7899868488311768 0.8940228819847107 0.007291666666666667 0.012962962962962963
2 0.6857202649116516 0.8904537558555603 0.007291666666666667 0.012962962962962963
2 0.5840858817100525 0.8844394087791443 0.007291666666666667 0.012962962962962963
2 0.38230857253074646 0.8779836893081665 0.007291666666666667 0.012962962962962963
2 0.283683180809021 0.8750447630882263 0.007291666666666667 0.012962962962962963
2 0.18360716104507446 0.8712091445922852 0.007291666666666667 0.012962962962962963
