4 0.64907306432724 0.6978287100791931 0.023958333333333335 0.04259259259259259
0 0.3805428445339203 0.5249183177947998 0.0234375 0.041666666666666664
1 0.23782974481582642 0.5369579195976257 0.024479166666666666 0.041666666666666664
3 0.1844860166311264 0.5585054159164429 0.024479166666666666 0.040740740740740744
3 0.1506272256374359 0.5253235697746277 0.025 0.04259259259259259
3 0.12452153861522675 0.39686447381973267 0.024479166666666666 0.041666666666666664
2 0.08897963166236877 0.6713579297065735 0.007291666666666667 0.012962962962962963
2 0.08712475001811981 0.5015456676483154 0.007291666666666667 0.012962962962962963
2 0.08472611755132675 0.3284587860107422 0.007291666666666667 0.012962962962962963
2 0.20688599348068237 0.1165577843785286 0.007291666666666667 0.012962962962962963
2 0.3092268407344818 0.11889022588729858 0.007291666666666667 0.012962962962962963
2 0.41117316484451294 0.1207752525806427 0.007291666666666667 0.012962962962962963
2 0.6152226328849792 0.12013091892004013 0.007291666666666667 0.012962962962962963
2 0.716817319393158 0.12068888545036316 0.007291666666666667 0.012962962962962963
2 0.8190870881080627 0.11993131041526794 0.007291666666666667 0.012962962962962963
2 0.9405025839805603 0.33537065982818604 0.007291666666666667 0.012962962962962963
2 0.9367584586143494 0.5075492858886719 0.007291666666666667 0.012962962962962963
2 0.9330848455429077 0.6764858365058899 0.007291666666666667 0.012962962962962963
2 0.8061463832855225 0.8789348602294922 0.007291666666666667 0.012962962962962963
2 0.7066570520401001 0.8788061141967773 0.007291666666666667 0.012962962962962963
2 0.6087924838066101 0.8762526512145996 0.007291666666666667 0.012962962962962963
2 0.411928653717041 0.8764121532440186 0.007291666666666667 0.012962962962962963
2 0.31444278359413147 0.8767012357711792 0.007291666666666667 0.012962962962962963
2 0.21462973952293396 0.8761655688285828 0.007291666666666667 0.012962962962962963
