3 0.6757752299308777 0.3599025011062622 0.0203125 0.03611111111111111
3 0.5282609462738037 0.26405221223831177 0.018229166666666668 0.03148148148148148
4 0.5372896790504456 0.27640965580940247 0.0203125 0.03425925925925926
3 0.3808431327342987 0.26576733589172363 0.019270833333333334 0.03518518518518519
1 0.3912580907344818 0.39094796776771545 0.021354166666666667 0.03796296296296296
3 0.39649710059165955 0.4446113705635071 0.021875 0.03796296296296296
3 0.3444664180278778 0.46884965896606445 0.022395833333333334 0.03888888888888889
4 0.7046909928321838 0.4604438841342926 0.022395833333333334 0.03888888888888889
0 0.6580536961555481 0.5045087933540344 0.022916666666666665 0.03796296296296296
4 0.39444100856781006 0.5418225526809692 0.022916666666666665 0.040740740740740744
4 0.33022433519363403 0.5345879197120667 0.022395833333333334 0.041666666666666664
3 0.3051885962486267 0.5457483530044556 0.0234375 0.03981481481481482
4 0.5921457409858704 0.6276141405105591 0.023958333333333335 0.044444444444444446
4 0.47069182991981506 0.7108612656593323 0.026041666666666668 0.046296296296296294
3 0.348063200712204 0.7273818850517273 0.024479166666666666 0.04259259259259259
4 0.2943526804447174 0.6698289513587952 0.023958333333333335 0.044444444444444446
2 0.18501578271389008 0.6476703882217407 0.007291666666666667 0.012962962962962963
2 0.20023727416992188 0.5647812485694885 0.007291666666666667 0.012962962962962963
2 0.21365918219089508 0.49103036522865295 0.007291666666666667 0.012962962962962963
2 0.23766809701919556 0.3604995310306549 0.007291666666666667 0.012962962962962963
2 0.24800319969654083 0.3028525412082672 0.007291666666666667 0.012962962962962963
2 0.25807225704193115 0.24956224858760834 0.007291666666666667 0.012962962962962963
2 0.39590710401535034 0.1867740899324417 0.007291666666666667 0.012962962962962963
2 0.4958861768245697 0.18696866929531097 0.007291666666666667 0.012962962962962963
2 0.5965737700462341 0.18760646879673004 0.007291666666666667 0.012962962962962963
2 0.737463653087616 0.2516685724258423 0.007291666666666667 0.012962962962962963
2 0.7473772764205933 0.30723512172698975 0.007291666666666667 0.012962962962962963
2 0.7575623989105225 0.3659844398498535 0.007291666666666667 0.012962962962962963
2 0.7803267240524292 0.4993278682231903 0.007291666666666667 0.012962962962962963
2 0.7931762337684631 0.5744138956069946 0.007291666666666667 0.012962962962962963
2 0.8076222538948059 0.6599205136299133 0.007291666666666667 0.012962962962962963
2 0.6380389928817749 0.7766929268836975 0.007291666666666667 0.012962962962962963
2 0.4914748966693878 0.7722506523132324 0.007291666666666667 0.012962962962962963
2 0.34615087509155273 0.7691699862480164 0.007291666666666667 0.012962962962962963
