3 0.3153683841228485 0.37081947922706604 0.0203125 0.03611111111111111
3 0.4581700563430786 0.28581133484840393 0.018229166666666668 0.03148148148148148
4 0.4494594633579254 0.29678216576576233 0.0203125 0.03425925925925926
3 0.6020412445068359 0.287416934967041 0.019270833333333334 0.03518518518518519
1 0.5931756496429443 0.39956173300743103 0.021354166666666667 0.03796296296296296
3 0.5885860919952393 0.4479552209377289 0.021875 0.03796296296296296
3 0.6402731537818909 0.4701865613460541 0.022395833333333334 0.03888888888888889
4 0.2872716784477234 0.4606047570705414 0.022395833333333334 0.03888888888888889
0 0.33257707953453064 0.5005207061767578 0.022916666666666665 0.03796296296296296
4 0.5916532874107361 0.536199688911438 0.022916666666666665 0.040740740740740744
4 0.6552492380142212 0.530085027217865 0.022395833333333334 0.041666666666666664
3 0.6802954077720642 0.5404645800590515 0.0234375 0.03981481481481482
4 0.39725545048713684 0.6127094626426697 0.023958333333333335 0.044444444444444446
4 0.517635703086853 0.6903573870658875 0.026041666666666668 0.046296296296296294
3 0.6399829387664795 0.7071207165718079 0.024479166666666666 0.04259259259259259
4 0.6929225921630859 0.6545345187187195 0.023958333333333335 0.044444444444444446
2 0.8022624850273132 0.6352367997169495 0.007291666666666667 0.012962962962962963
2 0.785406768321991 0.5587348937988281 0.007291666666666667 0.012962962962962963
2 0.7706369161605835 0.49115079641342163 0.007291666666666667 0.012962962962962963
2 0.7444847822189331 0.3726328909397125 0.007291666666666667 0.012962962962962963
2 0.7332977056503296 0.32073402404785156 0.007291666666666667 0.012962962962962963
2 0.7224995493888855 0.2729952037334442 0.007291666666666667 0.012962962962962963
2 0.5864638090133667 0.21721631288528442 0.007291666666666667 0.012962962962962963
2 0.48915618658065796 0.21752677857875824 0.007291666666666667 0.012962962962962963
2 0.391701877117157 0.21822698414325714 0.007291666666666667 0.012962962962962963
2 0.2560693621635437 0.27477678656578064 0.007291666666666667 0.012962962962962963
2 0.24638639390468597 0.32387635111808777 0.007291666666666667 0.012962962962962963
2 0.23639406263828278 0.3759930431842804 0.007291666666666667 0.012962962962962963
2 0.21390476822853088 0.49507221579551697 0.007291666666666667 0.012962962962962963
2 0.20111916959285736 0.5626124143600464 0.007291666666666667 0.012962962962962963
2 0.18665899336338043 0.6399592757225037 0.007291666666666667 0.012962962962962963
2 0.3523992598056793 0.7489006519317627 0.007291666666666667 0.012962962962962963
2 0.49744972586631775 0.7467905282974243 0.007291666666666667 0.012962962962962963
2 0.6424338221549988 0.7459118962287903 0.007291666666666667 0.012962962962962963
