0 0.39463335275650024 0.5918062329292297 0.023958333333333335 0.041666666666666664
1 0.4809788465499878 0.41910308599472046 0.021354166666666667 0.03888888888888889
3 0.6515485644340515 0.7436619997024536 0.025 0.03518518518518519
2 0.8055024743080139 0.6575670838356018 0.007291666666666667 0.012962962962962963
2 0.7889175415039062 0.5744551420211792 0.007291666666666667 0.012962962962962963
2 0.773943305015564 0.49756160378456116 0.007291666666666667 0.012962962962962963
2 0.7486027479171753 0.3655514121055603 0.007291666666666667 0.012962962962962963
2 0.7379350066184998 0.30642083287239075 0.007291666666666667 0.012962962962962963
2 0.7275781035423279 0.25219565629959106 0.007291666666666667 0.012962962962962963
2 0.5880283713340759 0.19255430996418 0.007291666666666667 0.012962962962962963
2 0.48853686451911926 0.1952635943889618 0.007291666666666667 0.012962962962962963
2 0.38991305232048035 0.19883766770362854 0.007291666666666667 0.012962962962962963
2 0.25401395559310913 0.2672191560268402 0.007291666666666667 0.012962962962962963
2 0.24535103142261505 0.3219088912010193 0.007291666666666667 0.012962962962962963
2 0.2362333983182907 0.3801136910915375 0.007291666666666667 0.012962962962962963
2 0.21596558392047882 0.5136839151382446 0.007291666666666667 0.012962962962962963
2 0.2043319046497345 0.590358316898346 0.007291666666666667 0.012962962962962963
2 0.19127699732780457 0.673168957233429 0.007291666666666667 0.012962962962962963
2 0.35622355341911316 0.788186252117157 0.007291666666666667 0.012962962962962963
2 0.4997536838054657 0.7835628986358643 0.007291666666666667 0.012962962962962963
2 0.6430171728134155 0.780710756778717 0.007291666666666667 0.012962962962962963
