0 0.40011635422706604 0.5867100358009338 0.023958333333333335 0.041666666666666664
1 0.48906823992729187 0.41485029458999634 0.021354166666666667 0.03888888888888889
3 0.6559471487998962 0.7478137612342834 0.025 0.03518518518518519
2 0.808395266532898 0.6650040745735168 0.007291666666666667 0.012962962962962963
2 0.7926226258277893 0.5812579393386841 0.007291666666666667 0.012962962962962963
2 0.7784151434898376 0.5039113759994507 0.007291666666666667 0.012962962962962963
2 0.7544340491294861 0.3714147210121155 0.007291666666666667 0.012962962962962963
2 0.7443813681602478 0.3122086226940155 0.007291666666666667 0.012962962962962963
2 0.7346118688583374 0.2579542398452759 0.007291666666666667 0.012962962962962963
2 0.5978630185127258 0.1925005465745926 0.007291666666666667 0.012962962962962963
2 0.4991186559200287 0.19062523543834686 0.007291666666666667 0.012962962962962963
2 0.40044015645980835 0.18964241445064545 0.007291666666666667 0.012962962962962963
2 0.26218491792678833 0.25234466791152954 0.007291666666666667 0.012962962962962963
2 0.25252214074134827 0.30731645226478577 0.007291666666666667 0.012962962962962963
2 0.24231408536434174 0.3659868836402893 0.007291666666666667 0.012962962962962963
2 0.21945005655288696 0.5012789964675903 0.007291666666666667 0.012962962962962963
2 0.206259086728096 0.5793383121490479 0.007291666666666667 0.012962962962962963
2 0.19145266711711884 0.6639581918716431 0.007291666666666667 0.012962962962962963
2 0.3585244417190552 0.7862656116485596 0.007291666666666667 0.012962962962962963
2 0.5038261413574219 0.7848031520843506 0.007291666666666667 0.012962962962962963
2 0.6471574306488037 0.7851476073265076 0.007291666666666667 0.012962962962962963
