0 0.3921845853328705 0.5892519950866699 0.023958333333333335 0.041666666666666664
1 0.48181283473968506 0.4152834117412567 0.021354166666666667 0.03888888888888889
3 0.6485327482223511 0.7508795857429504 0.025 0.03518518518518519
2 0.8045011162757874 0.6674034595489502 0.007291666666666667 0.012962962962962963
2 0.7892415523529053 0.5823706388473511 0.007291666666666667 0.012962962962962963
2 0.7754794955253601 0.5036227107048035 0.007291666666666667 0.012962962962962963
2 0.7521878480911255 0.3682442009449005 0.007291666666666667 0.012962962962962963
2 0.7424283623695374 0.3075447380542755 0.007291666666666667 0.012962962962962963
2 0.7328935861587524 0.25182074308395386 0.007291666666666667 0.012962962962962963
2 0.5932390689849854 0.18664850294589996 0.007291666666666667 0.012962962962962963
2 0.4927884638309479 0.18644383549690247 0.007291666666666667 0.012962962962962963
2 0.39308199286460876 0.18715150654315948 0.007291666666666667 0.012962962962962963
2 0.2546316087245941 0.2532135546207428 0.007291666666666667 0.012962962962962963
2 0.24511775374412537 0.30901604890823364 0.007291666666666667 0.012962962962962963
2 0.23510119318962097 0.368376225233078 0.007291666666666667 0.012962962962962963
2 0.2127988189458847 0.5044916868209839 0.007291666666666667 0.012962962962962963
2 0.20001016557216644 0.5825484991073608 0.007291666666666667 0.012962962962962963
2 0.18571312725543976 0.6667746901512146 0.007291666666666667 0.012962962962962963
2 0.35064831376075745 0.7884434461593628 0.007291666666666667 0.012962962962962963
2 0.4952845573425293 0.7874903678894043 0.007291666666666667 0.012962962962962963
2 0.6393765211105347 0.7883330583572388 0.007291666666666667 0.012962962962962963
