1 0.7767274379730225 0.3865775465965271 0.016145833333333335 0.028703703703703703
4 0.7825406193733215 0.5253921151161194 0.016145833333333335 0.028703703703703703
0 0.5719601511955261 0.30893272161483765 0.015625 0.028703703703703703
4 0.594488799571991 0.7183598279953003 0.016145833333333335 0.028703703703703703
4 0.5362755656242371 0.4958520531654358 0.016145833333333335 0.027777777777777776
3 0.24980324506759644 0.5431318283081055 0.016145833333333335 0.027777777777777776
2 0.14351508021354675 0.6413213014602661 0.007291666666666667 0.012962962962962963
2 0.14179858565330505 0.49582433700561523 0.007291666666666667 0.012962962962962963
2 0.14008572697639465 0.3506990075111389 0.007291666666666667 0.012962962962962963
2 0.24329058825969696 0.164268359541893 0.007291666666666667 0.012962962962962963
2 0.32563516497612 0.16432873904705048 0.007291666666666667 0.012962962962962963
2 0.4081055819988251 0.1648358702659607 0.007291666666666667 0.012962962962962963
2 0.5731585025787354 0.16585080325603485 0.007291666666666667 0.012962962962962963
2 0.6562519669532776 0.16680938005447388 0.007291666666666667 0.012962962962962963
2 0.7394644618034363 0.16732139885425568 0.007291666666666667 0.012962962962962963
2 0.8465965390205383 0.3571256101131439 0.007291666666666667 0.012962962962962963
2 0.8473742008209229 0.5027119517326355 0.007291666666666667 0.012962962962962963
2 0.8481554388999939 0.6486701965332031 0.007291666666666667 0.012962962962962963
2 0.7434402704238892 0.8330888152122498 0.007291666666666667 0.012962962962962963
2 0.6608339548110962 0.8325374126434326 0.007291666666666667 0.012962962962962963
2 0.578345000743866 0.8315404653549194 0.007291666666666667 0.012962962962962963
2 0.4149866998195648 0.8291206955909729 0.007291666666666667 0.012962962962962963
2 0.3328585922718048 0.8281285762786865 0.007291666666666667 0.012962962962962963
2 0.2508465051651001 0.8266928195953369 0.007291666666666667 0.012962962962962963
