1 0.7885522842407227 0.39198586344718933 0.016145833333333335 0.028703703703703703
4 0.7931140661239624 0.5341205596923828 0.016145833333333335 0.028703703703703703
0 0.5807704925537109 0.3154897689819336 0.015625 0.028703703703703703
4 0.6004250049591064 0.7345266342163086 0.016145833333333335 0.028703703703703703
4 0.5429766178131104 0.5079278349876404 0.016145833333333335 0.027777777777777776
3 0.2507914900779724 0.5611351132392883 0.016145833333333335 0.027777777777777776
2 0.1419375240802765 0.663529634475708 0.007291666666666667 0.012962962962962963
2 0.14078469574451447 0.5143961906433105 0.007291666666666667 0.012962962962962963
2 0.13963110744953156 0.3652685582637787 0.007291666666666667 0.012962962962962963
2 0.24604998528957367 0.1715489774942398 0.007291666666666667 0.012962962962962963
2 0.33028218150138855 0.17036595940589905 0.007291666666666667 0.012962962962962963
2 0.4145830571651459 0.16964252293109894 0.007291666666666667 0.012962962962962963
2 0.5831258893013 0.1681961715221405 0.007291666666666667 0.012962962962962963
2 0.6678850054740906 0.16792991757392883 0.007291666666666667 0.012962962962962963
2 0.7527104616165161 0.1672021746635437 0.007291666666666667 0.012962962962962963
2 0.8598825931549072 0.3606584072113037 0.007291666666666667 0.012962962962962963
2 0.8591753244400024 0.5098404884338379 0.007291666666666667 0.012962962962962963
2 0.858469545841217 0.6590285301208496 0.007291666666666667 0.012962962962962963
2 0.7505218982696533 0.8488705158233643 0.007291666666666667 0.012962962962962963
2 0.6667963266372681 0.849777340888977 0.007291666666666667 0.012962962962962963
2 0.5831362009048462 0.8502288460731506 0.007291666666666667 0.012962962962962963
2 0.41729095578193665 0.8506696820259094 0.007291666666666667 0.012962962962962963
2 0.33382511138916016 0.8511204123497009 0.007291666666666667 0.012962962962962963
2 0.2504221498966217 0.8511168360710144 0.007291666666666667 0.012962962962962963
