1 0.7901156544685364 0.40084028244018555 0.016145833333333335 0.028703703703703703
4 0.7983140349388123 0.5307729244232178 0.016145833333333335 0.028703703703703703
0 0.5924678444862366 0.32611820101737976 0.015625 0.028703703703703703
4 0.6196668148040771 0.7166060209274292 0.016145833333333335 0.028703703703703703
4 0.5596889853477478 0.5030730366706848 0.016145833333333335 0.027777777777777776
3 0.27142569422721863 0.5494110584259033 0.016145833333333335 0.027777777777777776
2 0.1605883091688156 0.6472634077072144 0.007291666666666667 0.012962962962962963
2 0.15941907465457916 0.5031347274780273 0.007291666666666667 0.012962962962962963
2 0.15826483070850372 0.3609520494937897 0.007291666666666667 0.012962962962962963
2 0.2648050785064697 0.18313315510749817 0.007291666666666667 0.012962962962962963
2 0.3479839861392975 0.18516220152378082 0.007291666666666667 0.012962962962962963
2 0.43026241660118103 0.1875896006822586 0.007291666666666667 0.012962962962962963
2 0.5919180512428284 0.1923588216304779 0.007291666666666667 0.012962962962962963
2 0.6718241572380066 0.19512981176376343 0.007291666666666667 0.012962962962962963
2 0.7508676052093506 0.19745957851409912 0.007291666666666667 0.012962962962962963
2 0.8552541136741638 0.3740890920162201 0.007291666666666667 0.012962962962962963
2 0.8591220378875732 0.5094152092933655 0.007291666666666667 0.012962962962962963
2 0.8630427718162537 0.6465380787849426 0.007291666666666667 0.012962962962962963
2 0.7667319774627686 0.8244601488113403 0.007291666666666667 0.012962962962962963
2 0.6864114999771118 0.8259479403495789 0.007291666666666667 0.012962962962962963
2 0.6051963567733765 0.8270160555839539 0.007291666666666667 0.012962962962962963
2 0.44133347272872925 0.8287302255630493 0.007291666666666667 0.012962962962962963
2 0.35739806294441223 0.829831600189209 0.007291666666666667 0.012962962962962963
2 0.27251556515693665 0.830499529838562 0.007291666666666667 0.012962962962962963
