1 0.4370154142379761 0.2411620318889618 0.023958333333333335 0.04259259259259259
4 0.19491659104824066 0.8061020970344543 0.025520833333333333 0.044444444444444446
4 0.5313580632209778 0.26760023832321167 0.023958333333333335 0.04259259259259259
4 0.6593672633171082 0.8044542670249939 0.024479166666666666 0.041666666666666664
3 0.7022953033447266 0.8171701431274414 0.023958333333333335 0.04259259259259259
0 0.8165904879570007 0.8087586164474487 0.0234375 0.04259259259259259
4 0.8165956735610962 0.7676308751106262 0.025 0.041666666666666664
4 0.7851954102516174 0.37174877524375916 0.025 0.04259259259259259
2 0.926626443862915 0.6662770509719849 0.007291666666666667 0.012962962962962963
2 0.9286423921585083 0.4915298521518707 0.007291666666666667 0.012962962962962963
2 0.9298908710479736 0.31774166226387024 0.007291666666666667 0.012962962962962963
2 0.8088809251785278 0.10475372523069382 0.007291666666666667 0.012962962962962963
2 0.707815945148468 0.10666324943304062 0.007291666666666667 0.012962962962962963
2 0.6070751547813416 0.10813380032777786 0.007291666666666667 0.012962962962962963
2 0.4050598740577698 0.10845433175563812 0.007291666666666667 0.012962962962962963
2 0.3035101592540741 0.10905618965625763 0.007291666666666667 0.012962962962962963
2 0.20074571669101715 0.11010857671499252 0.007291666666666667 0.012962962962962963
2 0.07073415070772171 0.32780590653419495 0.007291666666666667 0.012962962962962963
2 0.0688258484005928 0.5025433301925659 0.007291666666666667 0.012962962962962963
2 0.06663837283849716 0.680426299571991 0.007291666666666667 0.012962962962962963
2 0.1921076476573944 0.8949187994003296 0.007291666666666667 0.012962962962962963
2 0.29519373178482056 0.8913841247558594 0.007291666666666667 0.012962962962962963
2 0.39706185460090637 0.8891763091087341 0.007291666666666667 0.012962962962962963
2 0.5992019176483154 0.8865241408348083 0.007291666666666667 0.012962962962962963
2 0.6994917392730713 0.8847774267196655 0.007291666666666667 0.012962962962962963
2 0.8013505339622498 0.8834360241889954 0.007291666666666667 0.012962962962962963
