1 0.5645639300346375 0.2417444884777069 0.023958333333333335 0.04259259259259259
4 0.7944787740707397 0.782002866268158 0.025520833333333333 0.044444444444444446
4 0.4712303876876831 0.27231401205062866 0.023958333333333335 0.04259259259259259
4 0.3447156250476837 0.8019860982894897 0.024479166666666666 0.041666666666666664
3 0.3030797243118286 0.8161568641662598 0.023958333333333335 0.04259259259259259
0 0.1921176314353943 0.813424825668335 0.0234375 0.04259259259259259
4 0.19189909100532532 0.7739781141281128 0.025 0.041666666666666664
4 0.22077037394046783 0.3870249092578888 0.025 0.04259259259259259
2 0.08393885940313339 0.6813793182373047 0.007291666666666667 0.012962962962962963
2 0.08038102835416794 0.5113731622695923 0.007291666666666667 0.012962962962962963
2 0.07754718512296677 0.3401923179626465 0.007291666666666667 0.012962962962962963
2 0.19605016708374023 0.12200440466403961 0.007291666666666667 0.012962962962962963
2 0.29660457372665405 0.11937596648931503 0.007291666666666667 0.012962962962962963
2 0.39674484729766846 0.11632320284843445 0.007291666666666667 0.012962962962962963
2 0.5973116755485535 0.10756878554821014 0.007291666666666667 0.012962962962962963
2 0.698006808757782 0.10361611098051071 0.007291666666666667 0.012962962962962963
2 0.7998140454292297 0.10006475448608398 0.007291666666666667 0.012962962962962963
2 0.9240466356277466 0.31113550066947937 0.007291666666666667 0.012962962962962963
2 0.9223718047142029 0.48276519775390625 0.007291666666666667 0.012962962962962963
2 0.920924961566925 0.6553401350975037 0.007291666666666667 0.012962962962962963
2 0.7958065271377563 0.8665820956230164 0.007291666666666667 0.012962962962962963
2 0.6964661478996277 0.8680174946784973 0.007291666666666667 0.012962962962962963
2 0.5981882214546204 0.8706603050231934 0.007291666666666667 0.012962962962962963
2 0.4028996527194977 0.8775580525398254 0.007291666666666667 0.012962962962962963
2 0.30588409304618835 0.8805744051933289 0.007291666666666667 0.012962962962962963
2 0.20726534724235535 0.8840527534484863 0.007291666666666667 0.012962962962962963
