1 0.5851377844810486 0.5573732852935791 0.013020833333333334 0.022222222222222223
0 0.4352990984916687 0.650658130645752 0.015625 0.02962962962962963
3 0.48921868205070496 0.6713775992393494 0.015625 0.030555555555555555
3 0.4943736493587494 0.6838127374649048 0.0171875 0.03148148148148148
3 0.5132769346237183 0.6901496052742004 0.0171875 0.032407407407407406
2 0.6751692295074463 0.6810060143470764 0.007291666666666667 0.009259259259259259
2 0.6650038361549377 0.6548163890838623 0.007291666666666667 0.009259259259259259
2 0.6559610366821289 0.632077157497406 0.007291666666666667 0.009259259259259259
2 0.6413488388061523 0.5922002792358398 0.007291666666666667 0.009259259259259259
2 0.6344977617263794 0.5746357440948486 0.007291666666666667 0.009259259259259259
2 0.6277256011962891 0.5596543550491333 0.007291666666666667 0.009259259259259259
2 0.5563551783561707 0.5417003035545349 0.007291666666666667 0.009259259259259259
2 0.5042692422866821 0.5412091612815857 0.007291666666666667 0.009259259259259259
2 0.4522237181663513 0.5407184362411499 0.007291666666666667 0.009259259259259259
2 0.38202840089797974 0.5579213500022888 0.007291666666666667 0.009259259259259259
2 0.37690600752830505 0.5738128423690796 0.007291666666666667 0.009259259259259259
2 0.3712892532348633 0.5901403427124023 0.007291666666666667 0.009259259259259259
2 0.35745951533317566 0.629688024520874 0.007291666666666667 0.009259259259259259
2 0.3494972884654999 0.6529106497764587 0.007291666666666667 0.009259259259259259
2 0.33983394503593445 0.6787279844284058 0.007291666666666667 0.009259259259259259
2 0.42668038606643677 0.7143083810806274 0.007291666666666667 0.009259259259259259
2 0.5079193115234375 0.7155597805976868 0.007291666666666667 0.009259259259259259
2 0.5890040993690491 0.7168141603469849 0.007291666666666667 0.009259259259259259
