1 0.40126708149909973 0.5372793078422546 0.013020833333333334 0.022222222222222223
0 0.5552835464477539 0.6329537630081177 0.015625 0.02962962962962963
3 0.5011580586433411 0.6552554368972778 0.015625 0.030555555555555555
3 0.4962940812110901 0.6683383584022522 0.0171875 0.03148148148148148
3 0.4773569405078888 0.6751507520675659 0.0171875 0.032407407407407406
2 0.3146668076515198 0.6670932173728943 0.007291666666666667 0.009259259259259259
2 0.32408174872398376 0.6397586464881897 0.007291666666666667 0.009259259259259259
2 0.33247697353363037 0.6160092949867249 0.007291666666666667 0.009259259259259259
2 0.3459663689136505 0.5743461847305298 0.007291666666666667 0.009259259259259259
2 0.3523261845111847 0.5559778213500977 0.007291666666666667 0.009259259259259259
2 0.3586808741092682 0.5402910113334656 0.007291666666666667 0.009259259259259259
2 0.42974144220352173 0.520488440990448 0.007291666666666667 0.009259259259259259
2 0.4822311997413635 0.5191518068313599 0.007291666666666667 0.009259259259259259
2 0.5349198579788208 0.5178101658821106 0.007291666666666667 0.009259259259259259
2 0.6068867444992065 0.5347798466682434 0.007291666666666667 0.009259259259259259
2 0.6125844717025757 0.551422119140625 0.007291666666666667 0.009259259259259259
2 0.6188039779663086 0.5685266852378845 0.007291666666666667 0.009259259259259259
2 0.6341164112091064 0.6100015640258789 0.007291666666666667 0.009259259259259259
2 0.6429570317268372 0.6343894004821777 0.007291666666666667 0.009259259259259259
2 0.6536279320716858 0.6615215539932251 0.007291666666666667 0.009259259259259259
2 0.5658963918685913 0.6997665166854858 0.007291666666666667 0.009259259259259259
2 0.4834941327571869 0.7017232775688171 0.007291666666666667 0.009259259259259259
2 0.4018307328224182 0.7036681175231934 0.007291666666666667 0.009259259259259259
