2 0.5784940123558044 0.22969679534435272 0.004985119047619047 0.004876190476190477
2 0.4792107939720154 0.23076701164245605 0.0052976190476190475 0.0044714285714285715
2 0.38022568821907043 0.2319868803024292 0.0056458333333333326 0.0051238095238095235
2 0.2448267638683319 0.2902710735797882 0.005705357142857143 0.005495238095238095
2 0.23595769703388214 0.3385883867740631 0.0056458333333333326 0.005680952380952381
2 0.22620828449726105 0.39093080163002014 0.006345238095238096 0.005495238095238095
2 0.20499137043952942 0.5087263584136963 0.006636904761904762 0.006519047619047619
2 0.19329310953617096 0.5754607915878296 0.006285714285714286 0.006333333333333334
2 0.17984387278556824 0.6487533450126648 0.006869047619047618 0.006704761904761905
2 0.340345174074173 0.7546967267990112 0.006401785714285715 0.006614285714285715
2 0.4819736182689667 0.7554894089698792 0.006517857142857142 0.006052380952380953
2 0.6250854730606079 0.7566912174224854 0.006693452380952381 0.006704761904761905
2 0.7890562415122986 0.6509783864021301 0.006517857142857142 0.006052380952380953
2 0.7746366858482361 0.5756489634513855 0.006925595238095238 0.006052380952380953
2 0.761231005191803 0.50748610496521 0.00587797619047619 0.005776190476190476
2 0.7378925681114197 0.3880482614040375 0.0059375 0.005866666666666667
2 0.727546751499176 0.3351116180419922 0.005238095238095239 0.005680952380952381
2 0.7178086638450623 0.28612020611763 0.005470238095238095 0.005776190476190476
4 0.5760493874549866 0.28830718994140625 0.018654761904761903 0.031204761904761905
4 0.6406522989273071 0.35222795605659485 0.019842261904761904 0.03445714285714286
4 0.666284441947937 0.35413292050361633 0.019163690476190477 0.03364285714285715
4 0.4675601124763489 0.265271931886673 0.018654761904761903 0.03147619047619047
4 0.2753016948699951 0.551166832447052 0.0230625 0.03907142857142857
4 0.41868481040000916 0.6228463053703308 0.023741071428571427 0.04042857142857143
3 0.3915605843067169 0.6598228812217712 0.02475892857142857 0.03907142857142857
3 0.6099888682365417 0.34395602345466614 0.01933333333333333 0.03229047619047619
3 0.685033917427063 0.34430813789367676 0.020351190476190474 0.031747619047619045
3 0.6920253038406372 0.5599197745323181 0.023571428571428573 0.038528571428571426
3 0.39386335015296936 0.38455063104629517 0.01949404761904762 0.03324761904761905
3 0.3407086431980133 0.28764909505844116 0.017568452380952383 0.03221904761904762
3 0.2836105227470398 0.2983196973800659 0.01906547619047619 0.030847619047619047
1 0.2872340679168701 0.3336165249347687 0.01906547619047619 0.031876190476190475
0 0.46901997923851013 0.5963277220726013 0.022922619047619046 0.03770476190476191
