2 0.4057433605194092 0.21809269487857819 0.004985119047619047 0.004876190476190477
2 0.5066072940826416 0.21838605403900146 0.0052976190476190475 0.0044714285714285715
2 0.6079121232032776 0.2188389152288437 0.0056458333333333326 0.0051238095238095235
2 0.7478309273719788 0.27837827801704407 0.005705357142857143 0.005495238095238095
2 0.7571560144424438 0.32866987586021423 0.0056458333333333326 0.005680952380952381
2 0.7674216032028198 0.3832392394542694 0.006345238095238096 0.005495238095238095
2 0.7898324728012085 0.5063841938972473 0.006636904761904762 0.006519047619047619
2 0.8022302389144897 0.5763540863990784 0.006285714285714286 0.006333333333333334
2 0.8165061473846436 0.6533758044242859 0.006869047619047618 0.006704761904761905
2 0.6496520042419434 0.7628320455551147 0.006401785714285715 0.006614285714285715
2 0.5038031935691833 0.7619453072547913 0.006517857142857142 0.006052380952380953
2 0.35797837376594543 0.7614737749099731 0.006693452380952381 0.006704761904761905
2 0.19308386743068695 0.6508406400680542 0.006517857142857142 0.006052380952380953
2 0.20771759748458862 0.5735945105552673 0.006925595238095238 0.006052380952380953
2 0.2213137298822403 0.5037186145782471 0.00587797619047619 0.005776190476190476
2 0.24497729539871216 0.3813215494155884 0.0059375 0.005866666666666667
2 0.25546377897262573 0.3270910084247589 0.005238095238095239 0.005680952380952381
2 0.26533058285713196 0.27691081166267395 0.005470238095238095 0.005776190476190476
4 0.40816840529441833 0.27831488847732544 0.018654761904761903 0.031204761904761905
4 0.34279462695121765 0.34431296586990356 0.019842261904761904 0.03445714285714286
4 0.3169611692428589 0.3463565409183502 0.019163690476190477 0.03364285714285715
4 0.5184977650642395 0.2538919150829315 0.018654761904761903 0.03147619047619047
4 0.7167468070983887 0.5505371689796448 0.0230625 0.03907142857142857
4 0.5687053203582764 0.6244902014732361 0.023741071428571427 0.04042857142857143
3 0.5966487526893616 0.6632149815559387 0.02475892857142857 0.03907142857142857
3 0.37376901507377625 0.33570125699043274 0.01933333333333333 0.03229047619047619
3 0.29811543226242065 0.3363455832004547 0.020351190476190474 0.031747619047619045
3 0.2906765043735504 0.5578181147575378 0.023571428571428573 0.038528571428571426
3 0.5940406322479248 0.3769647777080536 0.01949404761904762 0.03324761904761905
3 0.6486393809318542 0.27622947096824646 0.017568452380952383 0.03221904761904762
3 0.7076395750045776 0.286978155374527 0.01906547619047619 0.030847619047619047
1 0.703954815864563 0.3237071931362152 0.01906547619047619 0.031876190476190475
0 0.5170557498931885 0.5966000556945801 0.022922619047619046 0.03770476190476191
