2 0.5970434546470642 0.21355552971363068 0.004985119047619047 0.004876190476190477
2 0.4960814416408539 0.21393875777721405 0.0052976190476190475 0.0044714285714285715
2 0.39449939131736755 0.21448349952697754 0.0056458333333333326 0.0051238095238095235
2 0.2538261115550995 0.27460992336273193 0.005705357142857143 0.005495238095238095
2 0.2443714737892151 0.32534900307655334 0.0056458333333333326 0.005680952380952381
2 0.2339550256729126 0.38045406341552734 0.006345238095238096 0.005495238095238095
2 0.21117408573627472 0.504996657371521 0.006636904761904762 0.006519047619047619
2 0.19854766130447388 0.5758769512176514 0.006285714285714286 0.006333333333333334
2 0.18399614095687866 0.6540021300315857 0.006869047619047618 0.006704761904761905
2 0.3522662818431854 0.7641398906707764 0.006401785714285715 0.006614285714285715
2 0.49912208318710327 0.7624134421348572 0.006517857142857142 0.006052380952380953
2 0.6455795764923096 0.7611116766929626 0.006693452380952381 0.006704761904761905
2 0.8104543685913086 0.6485137939453125 0.006517857142857142 0.006052380952380953
2 0.7956343293190002 0.5707053542137146 0.006925595238095238 0.006052380952380953
2 0.7818805575370789 0.5003771781921387 0.00587797619047619 0.005776190476190476
2 0.757965087890625 0.37731295824050903 0.0059375 0.005866666666666667
2 0.7473769187927246 0.32283782958984375 0.005238095238095239 0.005680952380952381
2 0.7374218106269836 0.2724594473838806 0.005470238095238095 0.005776190476190476
4 0.5946838855743408 0.2740688920021057 0.018654761904761903 0.031204761904761905
4 0.6601594686508179 0.34031304717063904 0.019842261904761904 0.03445714285714286
4 0.685987651348114 0.34231653809547424 0.019163690476190477 0.03364285714285715
4 0.4841791093349457 0.24965369701385498 0.018654761904761903 0.03147619047619047
4 0.2848111689090729 0.5494059324264526 0.0230625 0.03907142857142857
4 0.4338224530220032 0.6236089468002319 0.023741071428571427 0.04042857142857143
3 0.40570157766342163 0.6629243493080139 0.02475892857142857 0.03907142857142857
3 0.6291688680648804 0.33171266317367554 0.01933333333333333 0.03229047619047619
3 0.7048013806343079 0.3322165310382843 0.020351190476190474 0.031747619047619045
3 0.7126569747924805 0.5551291704177856 0.023571428571428573 0.038528571428571426
3 0.4083864986896515 0.37372371554374695 0.01949404761904762 0.03324761904761905
3 0.3535762131214142 0.2723057270050049 0.017568452380952383 0.03221904761904762
3 0.2942553460597992 0.28322118520736694 0.01906547619047619 0.030847619047619047
1 0.29792553186416626 0.3202457129955292 0.01906547619047619 0.031876190476190475
0 0.4857383370399475 0.5951859354972839 0.022922619047619046 0.03770476190476191
