3 0.22735753655433655 0.3291609585285187 0.015842261904761904 0.024038095238095237
3 0.24440217018127441 0.2581993043422699 0.017473214285714286 0.029004761904761905
1 0.30350878834724426 0.2675934135913849 0.016657738095238094 0.029004761904761905
3 0.3861100971698761 0.401852548122406 0.01730952380952381 0.027957142857142857
4 0.19022205471992493 0.48893892765045166 0.01763690476190476 0.025347619047619046
4 0.232765331864357 0.62380051612854 0.016166666666666666 0.026914285714285717
3 0.3256385922431946 0.6587196588516235 0.016166666666666666 0.023514285714285717
4 0.33820903301239014 0.6941814422607422 0.017145833333333332 0.025347619047619046
4 0.3411314785480499 0.7249733209609985 0.01763690476190476 0.026914285714285717
3 0.32640475034713745 0.7484833598136902 0.015678571428571427 0.026128571428571428
4 0.6144067049026489 0.28308093547821045 0.01743154761904762 0.026104761904761905
3 0.7403901815414429 0.41325557231903076 0.015422619047619048 0.02539047619047619
4 0.6978044509887695 0.43919679522514343 0.016761904761904763 0.027176190476190475
0 0.6678016781806946 0.48970597982406616 0.015422619047619048 0.02681904761904762
3 0.6246012449264526 0.7223787307739258 0.015422619047619048 0.025033333333333335
2 0.2438812553882599 0.7985217571258545 0.004898809523809524 0.008885714285714285
2 0.3247944712638855 0.7994505167007446 0.0037559523809523807 0.006795238095238095
2 0.406185120344162 0.8002933859825134 0.0052589285714285715 0.007980952380952382
2 0.5708699822425842 0.8025333285331726 0.0049880952380952385 0.007542857142857143
2 0.6543971300125122 0.8029287457466125 0.005351190476190476 0.007252380952380953
2 0.738323986530304 0.8038909435272217 0.005351190476190476 0.008123809523809523
2 0.8484078049659729 0.635499894618988 0.004895833333333333 0.008995238095238096
2 0.8486995100975037 0.5022387504577637 0.005077380952380952 0.008271428571428572
2 0.8494517207145691 0.36837372183799744 0.005077380952380952 0.008271428571428572
2 0.7406653761863708 0.19838710129261017 0.004895833333333333 0.008414285714285714
2 0.6560394763946533 0.1994251310825348 0.0052589285714285715 0.008123809523809523
2 0.5715980529785156 0.20060211420059204 0.004443452380952381 0.007252380952380953
2 0.4055691659450531 0.2032620757818222 0.004532738095238096 0.007980952380952382
2 0.3232552707195282 0.20524372160434723 0.004714285714285714 0.007980952380952382
2 0.24194122850894928 0.20727191865444183 0.004895833333333333 0.008414285714285714
2 0.13867197930812836 0.3746678829193115 0.004895833333333333 0.006961904761904761
2 0.13942867517471313 0.5037674903869629 0.004532738095238096 0.007833333333333333
2 0.13988202810287476 0.6329142451286316 0.005169642857142857 0.009285714285714286
