3 0.23398683965206146 0.3276629149913788 0.015842261904761904 0.024038095238095237
3 0.25192397832870483 0.25447842478752136 0.017473214285714286 0.029004761904761905
1 0.3134450316429138 0.2645803987979889 0.016657738095238094 0.029004761904761905
3 0.39862656593322754 0.40276220440864563 0.01730952380952381 0.027957142857142857
4 0.1947823166847229 0.4929375946521759 0.01763690476190476 0.025347619047619046
4 0.23912914097309113 0.6321042776107788 0.016166666666666666 0.026914285714285717
3 0.3357517421245575 0.6669588685035706 0.016166666666666666 0.023514285714285717
4 0.3487115502357483 0.7032535076141357 0.017145833333333332 0.025347619047619046
4 0.3516857922077179 0.7348666191101074 0.01763690476190476 0.026914285714285717
3 0.33639878034591675 0.7593013048171997 0.015678571428571427 0.026128571428571428
4 0.6312168836593628 0.2823711037635803 0.01743154761904762 0.026104761904761905
3 0.757091224193573 0.4142300486564636 0.015422619047619048 0.02539047619047619
4 0.7146265506744385 0.4404454231262207 0.016761904761904763 0.027176190476190475
0 0.6845603585243225 0.4915732443332672 0.015422619047619048 0.02681904761904762
3 0.6408981084823608 0.7275897860527039 0.015422619047619048 0.025033333333333335
2 0.2504459619522095 0.8124827146530151 0.004898809523809524 0.008885714285714285
2 0.334646612405777 0.8117787837982178 0.0037559523809523807 0.006795238095238095
2 0.41866081953048706 0.8109827637672424 0.0052589285714285715 0.007980952380952382
2 0.5865907073020935 0.8099349737167358 0.0049880952380952385 0.007542857142857143
2 0.6707265377044678 0.8086601495742798 0.005351190476190476 0.007252380952380953
2 0.7545719146728516 0.8079591989517212 0.005351190476190476 0.008123809523809523
2 0.8636934757232666 0.6369309425354004 0.004895833333333333 0.008995238095238096
2 0.8641240000724792 0.5033432245254517 0.005077380952380952 0.008271428571428572
2 0.8650078773498535 0.3691898286342621 0.005077380952380952 0.008271428571428572
2 0.7576197981834412 0.19781456887722015 0.004895833333333333 0.008414285714285714
2 0.673143744468689 0.19801759719848633 0.0052589285714285715 0.008123809523809523
2 0.5881490111351013 0.1983652412891388 0.004443452380952381 0.007252380952380953
2 0.4189509153366089 0.1994113326072693 0.004532738095238096 0.007980952380952382
2 0.3340248167514801 0.20061779022216797 0.004714285714285714 0.007980952380952382
2 0.24944205582141876 0.20189228653907776 0.004895833333333333 0.008414285714285714
2 0.1407175213098526 0.3745611310005188 0.004895833333333333 0.006961904761904761
2 0.141277477145195 0.5085648894309998 0.004532738095238096 0.007833333333333333
2 0.14151720702648163 0.6426461338996887 0.005169642857142857 0.009285714285714286
