3 0.23477186262607574 0.32794585824012756 0.015842261904761904 0.024038095238095237
3 0.2526770234107971 0.25475209951400757 0.017473214285714286 0.029004761904761905
1 0.3146365284919739 0.26535964012145996 0.016657738095238094 0.029004761904761905
3 0.4005811810493469 0.40423864126205444 0.01730952380952381 0.027957142857142857
4 0.19561368227005005 0.4934022128582001 0.01763690476190476 0.025347619047619046
4 0.24066463112831116 0.6331501007080078 0.016166666666666666 0.026914285714285717
3 0.33804360032081604 0.6683897376060486 0.016166666666666666 0.023514285714285717
4 0.3511647582054138 0.7047751545906067 0.017145833333333332 0.025347619047619046
4 0.3542322814464569 0.7364418506622314 0.01763690476190476 0.026914285714285717
3 0.3389178216457367 0.7608844637870789 0.015678571428571427 0.026128571428571428
4 0.6331272721290588 0.2856060266494751 0.01743154761904762 0.026104761904761905
3 0.7589601278305054 0.41787904500961304 0.015422619047619048 0.02539047619047619
4 0.7167435884475708 0.4437471926212311 0.016761904761904763 0.027176190476190475
0 0.6869145631790161 0.4945472478866577 0.015422619047619048 0.02681904761904762
3 0.6439881324768066 0.7298079133033752 0.015422619047619048 0.025033333333333335
2 0.2524945139884949 0.8140535354614258 0.004898809523809524 0.008885714285714285
2 0.3372822403907776 0.8134523034095764 0.0037559523809523807 0.006795238095238095
2 0.4217087924480438 0.8127599358558655 0.0052589285714285715 0.007980952380952382
2 0.5899479985237122 0.8119227886199951 0.0049880952380952385 0.007542857142857143
2 0.6739790439605713 0.810756504535675 0.005351190476190476 0.007252380952380953
2 0.7575510144233704 0.8101642727851868 0.005351190476190476 0.008123809523809523
2 0.8655717372894287 0.640085756778717 0.004895833333333333 0.008995238095238096
2 0.8656136393547058 0.5071704983711243 0.005077380952380952 0.008271428571428572
2 0.8661041259765625 0.37372949719429016 0.005077380952380952 0.008271428571428572
2 0.7588821649551392 0.20238053798675537 0.004895833333333333 0.008414285714285714
2 0.6747310757637024 0.201852947473526 0.0052589285714285715 0.008123809523809523
2 0.589889645576477 0.20146404206752777 0.004443452380952381 0.007252380952380953
2 0.42047569155693054 0.20104137063026428 0.004532738095238096 0.007980952380952382
2 0.3351798355579376 0.2015104591846466 0.004714285714285714 0.007980952380952382
2 0.25005343556404114 0.20205166935920715 0.004895833333333333 0.008414285714285714
2 0.14075517654418945 0.3743327260017395 0.004895833333333333 0.006961904761904761
2 0.1416214257478714 0.5088105201721191 0.004532738095238096 0.007833333333333333
2 0.1421644538640976 0.6433964967727661 0.005169642857142857 0.009285714285714286
