0 0.597035825252533 0.3263719081878662 0.015625 0.026851851851851852
4 0.5568446516990662 0.5072198510169983 0.015625 0.027777777777777776
1 0.5720956921577454 0.6656113862991333 0.016145833333333335 0.027777777777777776
3 0.2669829726219177 0.5508971810340881 0.015625 0.026851851851851852
2 0.15568718314170837 0.648175060749054 0.007291666666666667 0.012962962962962963
2 0.15721693634986877 0.5059087872505188 0.007291666666666667 0.012962962962962963
2 0.15877006947994232 0.36191606521606445 0.007291666666666667 0.012962962962962963
2 0.2701477110385895 0.17970561981201172 0.007291666666666667 0.012962962962962963
2 0.3545287847518921 0.1814066618680954 0.007291666666666667 0.012962962962962963
2 0.43809688091278076 0.18352705240249634 0.007291666666666667 0.012962962962962963
2 0.6023306250572205 0.18941816687583923 0.007291666666666667 0.012962962962962963
2 0.6828041672706604 0.19187770783901215 0.007291666666666667 0.012962962962962963
2 0.7634974122047424 0.19477158784866333 0.007291666666666667 0.012962962962962963
2 0.860675573348999 0.37597861886024475 0.007291666666666667 0.012962962962962963
2 0.8570263981819153 0.5138040781021118 0.007291666666666667 0.012962962962962963
2 0.8538585901260376 0.651695191860199 0.007291666666666667 0.012962962962962963
2 0.7487599849700928 0.826401948928833 0.007291666666666667 0.012962962962962963
2 0.6692124605178833 0.8269162178039551 0.007291666666666667 0.012962962962962963
2 0.5889127254486084 0.827861487865448 0.007291666666666667 0.012962962962962963
2 0.4273151159286499 0.828910231590271 0.007291666666666667 0.012962962962962963
2 0.34475287795066833 0.8285817503929138 0.007291666666666667 0.012962962962962963
2 0.2614019811153412 0.8282501697540283 0.007291666666666667 0.012962962962962963
