0 0.5618045926094055 0.3295212388038635 0.015625 0.026851851851851852
4 0.5223833322525024 0.5130033493041992 0.015625 0.027777777777777776
1 0.5392038226127625 0.6731452345848083 0.016145833333333335 0.027777777777777776
3 0.2386517971754074 0.556994616985321 0.015625 0.026851851851851852
2 0.1352415680885315 0.6506693959236145 0.007291666666666667 0.012962962962962963
2 0.1356966644525528 0.5136350989341736 0.007291666666666667 0.012962962962962963
2 0.13616152107715607 0.3750115931034088 0.007291666666666667 0.012962962962962963
2 0.23899906873703003 0.19519919157028198 0.007291666666666667 0.012962962962962963
2 0.31965965032577515 0.19332045316696167 0.007291666666666667 0.012962962962962963
2 0.40113505721092224 0.19185544550418854 0.007291666666666667 0.012962962962962963
2 0.5660626888275146 0.19063585996627808 0.007291666666666667 0.012962962962962963
2 0.6492849588394165 0.18958373367786407 0.007291666666666667 0.012962962962962963
2 0.7343950271606445 0.18894940614700317 0.007291666666666667 0.012962962962962963
2 0.8408865332603455 0.3740370571613312 0.007291666666666667 0.012962962962962963
2 0.838238000869751 0.5183496475219727 0.007291666666666667 0.012962962962962963
2 0.8361151218414307 0.6627400517463684 0.007291666666666667 0.012962962962962963
2 0.7245175242424011 0.842083752155304 0.007291666666666667 0.012962962962962963
2 0.6407061219215393 0.8398202657699585 0.007291666666666667 0.012962962962962963
2 0.5577383637428284 0.8380119800567627 0.007291666666666667 0.012962962962962963
2 0.39554688334465027 0.8336272835731506 0.007291666666666667 0.012962962962962963
2 0.31504735350608826 0.8305989503860474 0.007291666666666667 0.012962962962962963
2 0.23534518480300903 0.8276006579399109 0.007291666666666667 0.012962962962962963
