3 0.7046591639518738 0.5271812677383423 0.015104166666666667 0.027777777777777776
4 0.6865377426147461 0.5183771252632141 0.015625 0.026851851851851852
3 0.6732234954833984 0.5620056390762329 0.016145833333333335 0.027777777777777776
3 0.696371853351593 0.6545217633247375 0.015625 0.025925925925925925
4 0.6501978635787964 0.7362027168273926 0.015625 0.026851851851851852
4 0.6227962970733643 0.7667310833930969 0.015625 0.027777777777777776
4 0.5592210292816162 0.349033385515213 0.014583333333333334 0.028703703703703703
3 0.5287666320800781 0.3953000009059906 0.015104166666666667 0.026851851851851852
4 0.5246859788894653 0.7149247527122498 0.015104166666666667 0.026851851851851852
1 0.4565039873123169 0.7526887059211731 0.015625 0.028703703703703703
0 0.3689354956150055 0.672856330871582 0.015625 0.026851851851851852
3 0.2553580403327942 0.3299023509025574 0.015625 0.026851851851851852
3 0.2478720247745514 0.4998970925807953 0.015625 0.025925925925925925
4 0.24925923347473145 0.6988182067871094 0.016145833333333335 0.027777777777777776
2 0.15654581785202026 0.6453651189804077 0.007291666666666667 0.012962962962962963
2 0.15178827941417694 0.5012321472167969 0.007291666666666667 0.012962962962962963
2 0.14748288691043854 0.3553881049156189 0.007291666666666667 0.012962962962962963
2 0.24712230265140533 0.1705981343984604 0.007291666666666667 0.012962962962962963
2 0.32870158553123474 0.1704782247543335 0.007291666666666667 0.012962962962962963
2 0.4103688597679138 0.1703595370054245 0.007291666666666667 0.012962962962962963
2 0.5732442140579224 0.17100413143634796 0.007291666666666667 0.012962962962962963
2 0.6542054414749146 0.17176470160484314 0.007291666666666667 0.012962962962962963
2 0.7352680563926697 0.17296449840068817 0.007291666666666667 0.012962962962962963
2 0.8435222506523132 0.3578907251358032 0.007291666666666667 0.012962962962962963
2 0.847655713558197 0.5011855959892273 0.007291666666666667 0.012962962962962963
2 0.8515439629554749 0.6445437073707581 0.007291666666666667 0.012962962962962963
2 0.7536771893501282 0.8271076679229736 0.007291666666666667 0.012962962962962963
2 0.6731011867523193 0.8283161520957947 0.007291666666666667 0.012962962962962963
2 0.5916065573692322 0.8290884494781494 0.007291666666666667 0.012962962962962963
2 0.4303376078605652 0.8293014764785767 0.007291666666666667 0.012962962962962963
2 0.34909647703170776 0.8296311497688293 0.007291666666666667 0.012962962962962963
2 0.26791897416114807 0.8290740251541138 0.007291666666666667 0.012962962962962963
