3 0.6811992526054382 0.5281003713607788 0.015104166666666667 0.027777777777777776
4 0.6628063321113586 0.5197094082832336 0.015625 0.026851851851851852
3 0.6478842496871948 0.5615451335906982 0.016145833333333335 0.027777777777777776
3 0.6690003275871277 0.6503483057022095 0.015625 0.025925925925925925
4 0.6192987561225891 0.7281967401504517 0.015625 0.026851851851851852
4 0.5904797911643982 0.7570058107376099 0.015625 0.027777777777777776
4 0.5381441116333008 0.3594369888305664 0.014583333333333334 0.028703703703703703
3 0.506202757358551 0.40370503067970276 0.015104166666666667 0.026851851851851852
4 0.4929022789001465 0.7064446210861206 0.015104166666666667 0.026851851851851852
1 0.4238379895687103 0.7413085103034973 0.015625 0.028703703703703703
0 0.3398708999156952 0.6653634309768677 0.015625 0.026851851851851852
3 0.2395625114440918 0.3463706076145172 0.015625 0.026851851851851852
3 0.22746402025222778 0.5040277242660522 0.015625 0.025925925925925925
4 0.22305676341056824 0.688541054725647 0.016145833333333335 0.027777777777777776
2 0.13611041009426117 0.6384203433990479 0.007291666666666667 0.012962962962962963
2 0.13576240837574005 0.505684494972229 0.007291666666666667 0.012962962962962963
2 0.1358921378850937 0.3715519905090332 0.007291666666666667 0.012962962962962963
2 0.23623469471931458 0.1989993155002594 0.007291666666666667 0.012962962962962963
2 0.3150980770587921 0.19663965702056885 0.007291666666666667 0.012962962962962963
2 0.3950261175632477 0.19424942135810852 0.007291666666666667 0.012962962962962963
2 0.5574079155921936 0.19022886455059052 0.007291666666666667 0.012962962962962963
2 0.6396356821060181 0.18861281871795654 0.007291666666666667 0.012962962962962963
2 0.7229939103126526 0.18739542365074158 0.007291666666666667 0.012962962962962963
2 0.8307110071182251 0.3634592890739441 0.007291666666666667 0.012962962962962963
2 0.830950140953064 0.5024603605270386 0.007291666666666667 0.012962962962962963
2 0.8309292197227478 0.6417096257209778 0.007291666666666667 0.012962962962962963
2 0.7232701778411865 0.8172522783279419 0.007291666666666667 0.012962962962962963
2 0.6400884985923767 0.8168243169784546 0.007291666666666667 0.012962962962962963
2 0.5570237040519714 0.8159681558609009 0.007291666666666667 0.012962962962962963
2 0.39572733640670776 0.813066840171814 0.007291666666666667 0.012962962962962963
2 0.31595927476882935 0.811840295791626 0.007291666666666667 0.012962962962962963
2 0.23725423216819763 0.8098052144050598 0.007291666666666667 0.012962962962962963
