3 0.2784407436847687 0.5302222967147827 0.015104166666666667 0.027777777777777776
4 0.2959238588809967 0.522124707698822 0.015625 0.026851851851851852
3 0.3113057315349579 0.5647943019866943 0.016145833333333335 0.027777777777777776
3 0.2930395007133484 0.6536449193954468 0.015625 0.025925925925925925
4 0.3428008258342743 0.7341051697731018 0.015625 0.026851851851851852
4 0.3715190887451172 0.7646300196647644 0.015625 0.027777777777777776
4 0.41476497054100037 0.3591049313545227 0.014583333333333334 0.028703703703703703
3 0.44776663184165955 0.4051094949245453 0.015104166666666667 0.026851851851851852
4 0.46722346544265747 0.7180728316307068 0.015104166666666667 0.026851851851851852
1 0.5379593968391418 0.7574527859687805 0.015625 0.028703703703703703
0 0.6237213611602783 0.6824018955230713 0.015625 0.026851851851851852
3 0.7261466979980469 0.3443741798400879 0.015625 0.026851851851851852
3 0.7414786219596863 0.5145741701126099 0.015625 0.025925925925925925
4 0.748737633228302 0.7122877836227417 0.016145833333333335 0.027777777777777776
2 0.843692421913147 0.6623892188072205 0.007291666666666667 0.012962962962962963
2 0.8426189422607422 0.5182666778564453 0.007291666666666667 0.012962962962962963
2 0.8409866690635681 0.3715929687023163 0.007291666666666667 0.012962962962962963
2 0.7277218699455261 0.18415862321853638 0.007291666666666667 0.012962962962962963
2 0.6424180269241333 0.18373675644397736 0.007291666666666667 0.012962962962962963
2 0.5578891038894653 0.1833200752735138 0.007291666666666667 0.012962962962962963
2 0.39188793301582336 0.18337318301200867 0.007291666666666667 0.012962962962962963
2 0.3106294572353363 0.1838323175907135 0.007291666666666667 0.012962962962962963
2 0.2300977110862732 0.18471664190292358 0.007291666666666667 0.012962962962962963
2 0.13348032534122467 0.363649845123291 0.007291666666666667 0.012962962962962963
2 0.1369958221912384 0.5017430782318115 0.007291666666666667 0.012962962962962963
2 0.14073365926742554 0.6391720771789551 0.007291666666666667 0.012962962962962963
2 0.24542567133903503 0.8174009323120117 0.007291666666666667 0.012962962962962963
2 0.3246915936470032 0.82193922996521 0.007291666666666667 0.012962962962962963
2 0.4056263566017151 0.8261398673057556 0.007291666666666667 0.012962962962962963
2 0.568108856678009 0.833293080329895 0.007291666666666667 0.012962962962962963
2 0.6511964797973633 0.8371685743331909 0.007291666666666667 0.012962962962962963
2 0.7350159287452698 0.8402066826820374 0.007291666666666667 0.012962962962962963
