3 0.29249241948127747 0.5273799300193787 0.015104166666666667 0.027777777777777776
4 0.3103078305721283 0.5193445682525635 0.015625 0.026851851851851852
3 0.3257896304130554 0.5631412863731384 0.016145833333333335 0.027777777777777776
3 0.3069666028022766 0.6538259983062744 0.015625 0.025925925925925925
4 0.3571419417858124 0.7360648512840271 0.015625 0.026851851851851852
4 0.38598182797431946 0.7670672535896301 0.015625 0.027777777777777776
4 0.4304440915584564 0.35595881938934326 0.014583333333333334 0.028703703703703703
3 0.4631603956222534 0.40329909324645996 0.015104166666666667 0.026851851851851852
4 0.48161596059799194 0.7196229696273804 0.015104166666666667 0.026851851851851852
1 0.551222562789917 0.7591387629508972 0.015625 0.028703703703703703
0 0.6349286437034607 0.6838994026184082 0.015625 0.026851851851851852
3 0.733974814414978 0.34951311349868774 0.015625 0.026851851851851852
3 0.748219907283783 0.5181286931037903 0.015625 0.025925925925925925
4 0.7547260522842407 0.713693380355835 0.016145833333333335 0.027777777777777776
2 0.8443900942802429 0.6646607518196106 0.007291666666666667 0.012962962962962963
2 0.8436374664306641 0.5231695175170898 0.007291666666666667 0.012962962962962963
2 0.8423665165901184 0.3792340159416199 0.007291666666666667 0.012962962962962963
2 0.7357980012893677 0.19117459654808044 0.007291666666666667 0.012962962962962963
2 0.6541042327880859 0.1874735951423645 0.007291666666666667 0.012962962962962963
2 0.5721261501312256 0.18376107513904572 0.007291666666666667 0.012962962962962963
2 0.40808290243148804 0.177215114235878 0.007291666666666667 0.012962962962962963
2 0.326271116733551 0.17439213395118713 0.007291666666666667 0.012962962962962963
2 0.24418531358242035 0.17200011014938354 0.007291666666666667 0.012962962962962963
2 0.1437271684408188 0.35298535227775574 0.007291666666666667 0.012962962962962963
2 0.14689858257770538 0.49592122435569763 0.007291666666666667 0.012962962962962963
2 0.15030422806739807 0.638188898563385 0.007291666666666667 0.012962962962962963
2 0.25783616304397583 0.8218473196029663 0.007291666666666667 0.012962962962962963
2 0.33856862783432007 0.825806200504303 0.007291666666666667 0.012962962962962963
2 0.4200049638748169 0.8293595910072327 0.007291666666666667 0.012962962962962963
2 0.5805286169052124 0.8350802063941956 0.007291666666666667 0.012962962962962963
2 0.6611191034317017 0.8381690979003906 0.007291666666666667 0.012962962962962963
2 0.7414210438728333 0.8403835296630859 0.007291666666666667 0.012962962962962963
