3 0.1686437577009201 0.5795294642448425 0.025520833333333333 0.04259259259259259
1 0.15359827876091003 0.40178272128105164 0.024479166666666666 0.04259259259259259
3 0.29681670665740967 0.24614661931991577 0.025520833333333333 0.04259259259259259
4 0.41517606377601624 0.19407209753990173 0.024479166666666666 0.04537037037037037
4 0.5753999352455139 0.7840583920478821 0.026041666666666668 0.04259259259259259
4 0.5851659178733826 0.7261289954185486 0.023958333333333335 0.04259259259259259
0 0.8399620652198792 0.46882548928260803 0.024479166666666666 0.040740740740740744
2 0.926295816898346 0.6842819452285767 0.007291666666666667 0.012962962962962963
2 0.9270984530448914 0.5025262832641602 0.007291666666666667 0.012962962962962963
2 0.9273613691329956 0.32314544916152954 0.007291666666666667 0.012962962962962963
2 0.8020960688591003 0.10334180295467377 0.007291666666666667 0.012962962962962963
2 0.6989799737930298 0.10550754517316818 0.007291666666666667 0.012962962962962963
2 0.596072256565094 0.1067773774266243 0.007291666666666667 0.012962962962962963
2 0.3936772644519806 0.10661833733320236 0.007291666666666667 0.012962962962962963
2 0.29237619042396545 0.10743241012096405 0.007291666666666667 0.012962962962962963
2 0.19077402353286743 0.10737057775259018 0.007291666666666667 0.012962962962962963
2 0.06258856505155563 0.32532575726509094 0.007291666666666667 0.012962962962962963
2 0.05949166789650917 0.5040270686149597 0.007291666666666667 0.012962962962962963
2 0.05741278454661369 0.6810757517814636 0.007291666666666667 0.012962962962962963
2 0.17975501716136932 0.8998466730117798 0.007291666666666667 0.012962962962962963
2 0.2817429304122925 0.900340735912323 0.007291666666666667 0.012962962962962963
2 0.38393133878707886 0.9008356928825378 0.007291666666666667 0.012962962962962963
2 0.5883914828300476 0.9022722244262695 0.007291666666666667 0.012962962962962963
2 0.6914142966270447 0.9050076603889465 0.007291666666666667 0.012962962962962963
2 0.7956981658935547 0.9050707221031189 0.007291666666666667 0.012962962962962963
