3 0.18840046226978302 0.5730215907096863 0.025520833333333333 0.04259259259259259
1 0.1675681471824646 0.39146867394447327 0.024479166666666666 0.04259259259259259
3 0.31287315487861633 0.23655343055725098 0.025520833333333333 0.04259259259259259
4 0.43130818009376526 0.18799740076065063 0.024479166666666666 0.04537037037037037
4 0.6079110503196716 0.7682203650474548 0.026041666666666668 0.04259259259259259
4 0.6154996156692505 0.7109522223472595 0.023958333333333335 0.04259259259259259
0 0.8468713164329529 0.45897170901298523 0.024479166666666666 0.040740740740740744
2 0.9329964518547058 0.6619359850883484 0.007291666666666667 0.012962962962962963
2 0.9271571636199951 0.49053943157196045 0.007291666666666667 0.012962962962962963
2 0.9209501147270203 0.3222908675670624 0.007291666666666667 0.012962962962962963
2 0.7994151711463928 0.11298256367444992 0.007291666666666667 0.012962962962962963
2 0.7036336064338684 0.11138641834259033 0.007291666666666667 0.012962962962962963
2 0.605895459651947 0.10889998823404312 0.007291666666666667 0.012962962962962963
2 0.40713372826576233 0.10123197734355927 0.007291666666666667 0.012962962962962963
2 0.30432286858558655 0.09815371036529541 0.007291666666666667 0.012962962962962963
2 0.19883029162883759 0.09411215037107468 0.007291666666666667 0.012962962962962963
2 0.06784801185131073 0.31220829486846924 0.007291666666666667 0.012962962962962963
2 0.06909675896167755 0.49642983078956604 0.007291666666666667 0.012962962962962963
2 0.0714210495352745 0.6800935864448547 0.007291666666666667 0.012962962962962963
2 0.20907185971736908 0.9020434021949768 0.007291666666666667 0.012962962962962963
2 0.3163052797317505 0.8973242044448853 0.007291666666666667 0.012962962962962963
2 0.4213103652000427 0.892703115940094 0.007291666666666667 0.012962962962962963
2 0.6244167685508728 0.8842056393623352 0.007291666666666667 0.012962962962962963
2 0.7234439253807068 0.8820282816886902 0.007291666666666667 0.012962962962962963
2 0.8213851451873779 0.8772618174552917 0.007291666666666667 0.012962962962962963
