3 0.8269528150558472 0.5795308947563171 0.025520833333333333 0.04259259259259259
1 0.8409062623977661 0.3979648947715759 0.024479166666666666 0.04259259259259259
3 0.6969677805900574 0.23763234913349152 0.025520833333333333 0.04259259259259259
4 0.5790177583694458 0.183684304356575 0.024479166666666666 0.04537037037037037
4 0.4245389699935913 0.7814599871635437 0.026041666666666668 0.04259259259259259
4 0.4145297408103943 0.7225473523139954 0.023958333333333335 0.04259259259259259
0 0.1628759801387787 0.4585752487182617 0.024479166666666666 0.040740740740740744
2 0.08024109899997711 0.674870491027832 0.007291666666666667 0.012962962962962963
2 0.07816161215305328 0.4915729761123657 0.007291666666666667 0.012962962962962963
2 0.07662367820739746 0.3105885684490204 0.007291666666666667 0.012962962962962963
2 0.19731967151165009 0.08931701630353928 0.007291666666666667 0.012962962962962963
2 0.2983907163143158 0.09202303737401962 0.007291666666666667 0.012962962962962963
2 0.3996199071407318 0.09382788836956024 0.007291666666666667 0.012962962962962963
2 0.5997788310050964 0.09468891471624374 0.007291666666666667 0.012962962962962963
2 0.7005096077919006 0.09603485465049744 0.007291666666666667 0.012962962962962963
2 0.8019008040428162 0.09649109840393066 0.007291666666666667 0.012962962962962963
2 0.9316650629043579 0.3205789625644684 0.007291666666666667 0.012962962962962963
2 0.9358534216880798 0.5037040710449219 0.007291666666666667 0.012962962962962963
2 0.939008355140686 0.6850482821464539 0.007291666666666667 0.012962962962962963
2 0.8178271651268005 0.9065665006637573 0.007291666666666667 0.012962962962962963
2 0.7161197662353516 0.9050752520561218 0.007291666666666667 0.012962962962962963
2 0.6145830154418945 0.9035865068435669 0.007291666666666667 0.012962962962962963
2 0.4125353991985321 0.9010762572288513 0.007291666666666667 0.012962962962962963
2 0.311296671628952 0.9018535017967224 0.007291666666666667 0.012962962962962963
2 0.20917627215385437 0.8999048471450806 0.007291666666666667 0.012962962962962963
