3 0.1672220230102539 0.2148827463388443 0.025520833333333333 0.04259259259259259
1 0.16792705655097961 0.2828546166419983 0.023958333333333335 0.04351851851851852
0 0.13726350665092468 0.706301748752594 0.025520833333333333 0.04259259259259259
2 0.07955113798379898 0.6709288954734802 0.007291666666666667 0.012962962962962963
2 0.08118235319852829 0.497280091047287 0.007291666666666667 0.012962962962962963
2 0.08256170153617859 0.3281308710575104 0.007291666666666667 0.012962962962962963
2 0.20413465797901154 0.11356495320796967 0.007291666666666667 0.012962962962962963
2 0.3030039072036743 0.11088857799768448 0.007291666666666667 0.012962962962962963
2 0.4027324914932251 0.10818678885698318 0.007291666666666667 0.012962962962962963
2 0.6037890315055847 0.09884539246559143 0.007291666666666667 0.012962962962962963
2 0.7048709392547607 0.09479633718729019 0.007291666666666667 0.012962962962962963
2 0.8081204891204834 0.08979570865631104 0.007291666666666667 0.012962962962962963
2 0.9387209415435791 0.30224987864494324 0.007291666666666667 0.012962962962962963
2 0.9394253492355347 0.4771699011325836 0.007291666666666667 0.012962962962962963
2 0.9409164190292358 0.6549590826034546 0.007291666666666667 0.012962962962962963
2 0.8120299577713013 0.875053346157074 0.007291666666666667 0.012962962962962963
2 0.7076631188392639 0.8741118907928467 0.007291666666666667 0.012962962962962963
2 0.605488657951355 0.8749005198478699 0.007291666666666667 0.012962962962962963
2 0.40304234623908997 0.8799268007278442 0.007291666666666667 0.012962962962962963
2 0.3027559220790863 0.8815534114837646 0.007291666666666667 0.012962962962962963
2 0.2018452137708664 0.8827544450759888 0.007291666666666667 0.012962962962962963
