3 0.8340948820114136 0.5108416676521301 0.024479166666666666 0.04259259259259259
1 0.7004736065864563 0.4320012629032135 0.025 0.041666666666666664
4 0.3975609540939331 0.7614277005195618 0.023958333333333335 0.041666666666666664
3 0.36945948004722595 0.8063963055610657 0.025 0.041666666666666664
3 0.396401584148407 0.6726589202880859 0.024479166666666666 0.041666666666666664
0 0.2908612787723541 0.5202831029891968 0.022395833333333334 0.041666666666666664
3 0.28978654742240906 0.476785272359848 0.023958333333333335 0.040740740740740744
3 0.26350846886634827 0.47275325655937195 0.023958333333333335 0.040740740740740744
3 0.2514428198337555 0.5539898872375488 0.024479166666666666 0.041666666666666664
4 0.24543386697769165 0.494546115398407 0.024479166666666666 0.040740740740740744
4 0.24540741741657257 0.4426009953022003 0.026041666666666668 0.04351851851851852
4 0.22514766454696655 0.5105966329574585 0.023958333333333335 0.04259259259259259
3 0.21223385632038116 0.4378195106983185 0.025 0.04259259259259259
4 0.19156333804130554 0.36512407660484314 0.025 0.04259259259259259
4 0.1413533091545105 0.627921998500824 0.025520833333333333 0.04351851851851852
2 0.08105603605508804 0.6961266398429871 0.007291666666666667 0.012962962962962963
2 0.07847224175930023 0.5220545530319214 0.007291666666666667 0.012962962962962963
2 0.07657591253519058 0.34464937448501587 0.007291666666666667 0.012962962962962963
2 0.19520309567451477 0.1210792139172554 0.007291666666666667 0.012962962962962963
2 0.29639285802841187 0.11874285340309143 0.007291666666666667 0.012962962962962963
2 0.3978493809700012 0.11732152849435806 0.007291666666666667 0.012962962962962963
2 0.6018077731132507 0.11077778041362762 0.007291666666666667 0.012962962962962963
2 0.7053899168968201 0.1055968627333641 0.007291666666666667 0.012962962962962963
2 0.8113308548927307 0.10266603529453278 0.007291666666666667 0.012962962962962963
2 0.9371783137321472 0.32718804478645325 0.007291666666666667 0.012962962962962963
2 0.9327714443206787 0.5114014744758606 0.007291666666666667 0.012962962962962963
2 0.9287418723106384 0.6907335519790649 0.007291666666666667 0.012962962962962963
2 0.7976466417312622 0.9069520831108093 0.007291666666666667 0.012962962962962963
2 0.6954671144485474 0.905454158782959 0.007291666666666667 0.012962962962962963
2 0.5957670211791992 0.9052469730377197 0.007291666666666667 0.012962962962962963
2 0.398569792509079 0.9052594900131226 0.007291666666666667 0.012962962962962963
2 0.30082178115844727 0.9058961868286133 0.007291666666666667 0.012962962962962963
2 0.20331785082817078 0.906527042388916 0.007291666666666667 0.012962962962962963
