3 0.8443716764450073 0.5100911855697632 0.024479166666666666 0.04259259259259259
4 0.5023719668388367 0.3538985848426819 0.023958333333333335 0.04259259259259259
4 0.3854711651802063 0.19552035629749298 0.023958333333333335 0.041666666666666664
3 0.4389024078845978 0.7924306988716125 0.023958333333333335 0.04259259259259259
3 0.37840014696121216 0.7959717512130737 0.023958333333333335 0.04259259259259259
4 0.3371022939682007 0.7662466764450073 0.024479166666666666 0.04351851851851852
3 0.31226375699043274 0.7532593011856079 0.026041666666666668 0.04259259259259259
0 0.33781564235687256 0.49891284108161926 0.0234375 0.040740740740740744
1 0.3142373859882355 0.5317656993865967 0.024479166666666666 0.041666666666666664
3 0.3032919764518738 0.46535125374794006 0.025 0.041666666666666664
3 0.27762413024902344 0.46115124225616455 0.024479166666666666 0.041666666666666664
4 0.2664293348789215 0.4046895503997803 0.025520833333333333 0.04351851851851852
3 0.25292885303497314 0.4451872706413269 0.025 0.04351851851851852
2 0.08660345524549484 0.6764387488365173 0.007291666666666667 0.012962962962962963
2 0.0861734077334404 0.5042307376861572 0.007291666666666667 0.012962962962962963
2 0.08595851808786392 0.3272678554058075 0.007291666666666667 0.012962962962962963
2 0.20612582564353943 0.11339011788368225 0.007291666666666667 0.012962962962962963
2 0.3065381348133087 0.11388610303401947 0.007291666666666667 0.012962962962962963
2 0.407025545835495 0.11438468098640442 0.007291666666666667 0.012962962962962963
2 0.610263466835022 0.11226140707731247 0.007291666666666667 0.012962962962962963
2 0.7125161290168762 0.11231126636266708 0.007291666666666667 0.012962962962962963
2 0.8156304955482483 0.11146213859319687 0.007291666666666667 0.012962962962962963
2 0.9447488784790039 0.3339207172393799 0.007291666666666667 0.012962962962962963
2 0.9432403445243835 0.5139144062995911 0.007291666666666667 0.012962962962962963
2 0.942017674446106 0.6908013224601746 0.007291666666666667 0.012962962962962963
2 0.8135599493980408 0.9067254066467285 0.007291666666666667 0.012962962962962963
2 0.7093732357025146 0.9034658074378967 0.007291666666666667 0.012962962962962963
2 0.6085569262504578 0.901153564453125 0.007291666666666667 0.012962962962962963
2 0.40790072083473206 0.8974116444587708 0.007291666666666667 0.012962962962962963
2 0.30880117416381836 0.8951363563537598 0.007291666666666667 0.012962962962962963
2 0.20878824591636658 0.8928401470184326 0.007291666666666667 0.012962962962962963
