3 0.8389692306518555 0.4941541254520416 0.024479166666666666 0.04259259259259259
4 0.4999987483024597 0.33735907077789307 0.023958333333333335 0.04259259259259259
4 0.3835563659667969 0.1765105426311493 0.023958333333333335 0.041666666666666664
3 0.4325620234012604 0.7882086038589478 0.023958333333333335 0.04259259259259259
3 0.37069517374038696 0.7930248379707336 0.023958333333333335 0.04259259259259259
4 0.32862982153892517 0.7628226280212402 0.024479166666666666 0.04351851851851852
3 0.30323556065559387 0.7497250437736511 0.026041666666666668 0.04259259259259259
0 0.3321893811225891 0.48610761761665344 0.0234375 0.040740740740740744
1 0.30773693323135376 0.520111083984375 0.024479166666666666 0.041666666666666664
3 0.29728421568870544 0.4517902135848999 0.025 0.041666666666666664
3 0.27105778455734253 0.4475986361503601 0.024479166666666666 0.041666666666666664
4 0.2602711021900177 0.3895907700061798 0.025520833333333333 0.04351851851851852
3 0.24592871963977814 0.43128007650375366 0.025 0.04351851851851852
2 0.07020718604326248 0.6729907393455505 0.007291666666666667 0.012962962962962963
2 0.07265017926692963 0.49328532814979553 0.007291666666666667 0.012962962962962963
2 0.07537563890218735 0.3101244270801544 0.007291666666666667 0.012962962962962963
2 0.2023138701915741 0.09188692271709442 0.007291666666666667 0.012962962962962963
2 0.30452531576156616 0.09331084787845612 0.007291666666666667 0.012962962962962963
2 0.4060039520263672 0.0947268083691597 0.007291666666666667 0.012962962962962963
2 0.608823835849762 0.09442609548568726 0.007291666666666667 0.012962962962962963
2 0.7096406817436218 0.09538980573415756 0.007291666666666667 0.012962962962962963
2 0.8104952573776245 0.09546200186014175 0.007291666666666667 0.012962962962962963
2 0.9364191889762878 0.31720104813575745 0.007291666666666667 0.012962962962962963
2 0.9355804920196533 0.49733734130859375 0.007291666666666667 0.012962962962962963
2 0.935003399848938 0.6758264899253845 0.007291666666666667 0.012962962962962963
2 0.8089491724967957 0.8985719084739685 0.007291666666666667 0.012962962962962963
2 0.7051541805267334 0.8975868821144104 0.007291666666666667 0.012962962962962963
2 0.60390704870224 0.8974989056587219 0.007291666666666667 0.012962962962962963
2 0.39997515082359314 0.8982205986976624 0.007291666666666667 0.012962962962962963
2 0.298056960105896 0.8981330394744873 0.007291666666666667 0.012962962962962963
2 0.19438034296035767 0.8980439901351929 0.007291666666666667 0.012962962962962963
