3 0.8451478481292725 0.5097624659538269 0.024479166666666666 0.04259259259259259
4 0.5015971660614014 0.3517107367515564 0.023958333333333335 0.04259259259259259
4 0.38161781430244446 0.1944885551929474 0.023958333333333335 0.041666666666666664
3 0.4434282183647156 0.7853938937187195 0.023958333333333335 0.04259259259259259
3 0.38149935007095337 0.7887360453605652 0.023958333333333335 0.04259259259259259
4 0.3387165069580078 0.7586858868598938 0.024479166666666666 0.04351851851851852
3 0.313003808259964 0.7455081343650818 0.026041666666666668 0.04259259259259259
0 0.3365810811519623 0.4917885661125183 0.0234375 0.040740740740740744
1 0.3127954602241516 0.5240815281867981 0.024479166666666666 0.041666666666666664
3 0.30092868208885193 0.45800697803497314 0.025 0.041666666666666664
3 0.27459174394607544 0.4534435272216797 0.024479166666666666 0.041666666666666664
4 0.2626124918460846 0.3973325490951538 0.025520833333333333 0.04351851851851852
3 0.24911123514175415 0.4372170567512512 0.025 0.04351851851851852
2 0.07821254432201385 0.666623592376709 0.007291666666666667 0.012962962962962963
2 0.0770682543516159 0.4934923052787781 0.007291666666666667 0.012962962962962963
2 0.07613822817802429 0.3171866536140442 0.007291666666666667 0.012962962962962963
2 0.1986030489206314 0.10962777584791183 0.007291666666666667 0.012962962962962963
2 0.3008272349834442 0.11291097104549408 0.007291666666666667 0.012962962962962963
2 0.40239274501800537 0.11617516726255417 0.007291666666666667 0.012962962962962963
2 0.6055412292480469 0.1196904182434082 0.007291666666666667 0.012962962962962963
2 0.7066541910171509 0.12251236289739609 0.007291666666666667 0.012962962962962963
2 0.8078585267066956 0.12447763979434967 0.007291666666666667 0.012962962962962963
2 0.9392117857933044 0.3408152759075165 0.007291666666666667 0.012962962962962963
2 0.9423466920852661 0.5147900581359863 0.007291666666666667 0.012962962962962963
2 0.9457111954689026 0.6873268485069275 0.007291666666666667 0.012962962962962963
2 0.8237962126731873 0.9001418948173523 0.007291666666666667 0.012962962962962963
2 0.7194164395332336 0.8969476819038391 0.007291666666666667 0.012962962962962963
2 0.617692232131958 0.8946781754493713 0.007291666666666667 0.012962962962962963
2 0.4130405783653259 0.8909804224967957 0.007291666666666667 0.012962962962962963
2 0.3108644485473633 0.8887014985084534 0.007291666666666667 0.012962962962962963
2 0.2070014923810959 0.886384904384613 0.007291666666666667 0.012962962962962963
