1 0.13768532872200012 0.5308442711830139 0.025520833333333333 0.04259259259259259
3 0.15868745744228363 0.29379284381866455 0.025 0.04259259259259259
3 0.18051700294017792 0.5123755931854248 0.024479166666666666 0.041666666666666664
0 0.547977089881897 0.44677218794822693 0.025520833333333333 0.040740740740740744
3 0.7926119565963745 0.8030282855033875 0.025 0.040740740740740744
3 0.8043235540390015 0.5602618455886841 0.024479166666666666 0.041666666666666664
3 0.8687850832939148 0.3898368179798126 0.024479166666666666 0.041666666666666664
2 0.9234411716461182 0.6919125914573669 0.007291666666666667 0.012962962962962963
2 0.9234411716461182 0.6919125914573669 0.007291666666666667 0.012962962962962963
2 0.9219773411750793 0.5104141235351562 0.007291666666666667 0.012962962962962963
2 0.9212648868560791 0.3305954039096832 0.007291666666666667 0.012962962962962963
2 0.7971771955490112 0.11139146238565445 0.007291666666666667 0.012962962962962963
2 0.6965148448944092 0.1126427873969078 0.007291666666666667 0.012962962962962963
2 0.5962496399879456 0.11165440082550049 0.007291666666666667 0.012962962962962963
2 0.3936270475387573 0.1069454476237297 0.007291666666666667 0.012962962962962963
2 0.2917739152908325 0.10548382252454758 0.007291666666666667 0.012962962962962963
2 0.18878504633903503 0.10355576127767563 0.007291666666666667 0.012962962962962963
2 0.06074739992618561 0.3258541226387024 0.007291666666666667 0.012962962962962963
2 0.059413399547338486 0.5084066390991211 0.007291666666666667 0.012962962962962963
2 0.059888966381549835 0.6931310892105103 0.007291666666666667 0.012962962962962963
2 0.18891093134880066 0.9157390594482422 0.007291666666666667 0.012962962962962963
2 0.2927865982055664 0.9148441553115845 0.007291666666666667 0.012962962962962963
2 0.3939965069293976 0.9144129157066345 0.007291666666666667 0.012962962962962963
2 0.597869873046875 0.913095235824585 0.007291666666666667 0.012962962962962963
2 0.6985079050064087 0.9140124320983887 0.007291666666666667 0.012962962962962963
2 0.7997923493385315 0.9144744277000427 0.007291666666666667 0.012962962962962963
