4 0.289544939994812 0.39165937900543213 0.016145833333333335 0.028703703703703703
4 0.20912538468837738 0.5244636535644531 0.016145833333333335 0.027777777777777776
3 0.19087664783000946 0.6505115032196045 0.015104166666666667 0.027777777777777776
3 0.290603905916214 0.636859118938446 0.015104166666666667 0.025
4 0.2437744140625 0.7123854160308838 0.016145833333333335 0.027777777777777776
4 0.37903106212615967 0.6650870442390442 0.015104166666666667 0.026851851851851852
4 0.3756153881549835 0.6157660484313965 0.015625 0.028703703703703703
0 0.42073479294776917 0.30571112036705017 0.015104166666666667 0.026851851851851852
4 0.47427496314048767 0.243757426738739 0.015104166666666667 0.026851851851851852
3 0.6048939824104309 0.2651371955871582 0.015104166666666667 0.027777777777777776
1 0.636763334274292 0.6211769580841064 0.015625 0.027777777777777776
4 0.7248382568359375 0.44085484743118286 0.016145833333333335 0.027777777777777776
3 0.7382225394248962 0.6553354859352112 0.015104166666666667 0.026851851851851852
2 0.8568452596664429 0.6420437097549438 0.007291666666666667 0.012962962962962963
2 0.8573994040489197 0.4963240325450897 0.007291666666666667 0.012962962962962963
2 0.8589655160903931 0.3502536714076996 0.007291666666666667 0.012962962962962963
2 0.7539862394332886 0.1610298454761505 0.007291666666666667 0.012962962962962963
2 0.6702220439910889 0.16022448241710663 0.007291666666666667 0.012962962962962963
2 0.5856618285179138 0.16123655438423157 0.007291666666666667 0.012962962962962963
2 0.417772114276886 0.16144275665283203 0.007291666666666667 0.012962962962962963
2 0.33315399289131165 0.16154666244983673 0.007291666666666667 0.012962962962962963
2 0.248776376247406 0.16165028512477875 0.007291666666666667 0.012962962962962963
2 0.14126618206501007 0.35471799969673157 0.007291666666666667 0.012962962962962963
2 0.14293207228183746 0.5023658275604248 0.007291666666666667 0.012962962962962963
2 0.14381784200668335 0.6501144170761108 0.007291666666666667 0.012962962962962963
2 0.25327160954475403 0.8349118232727051 0.007291666666666667 0.012962962962962963
2 0.3368483781814575 0.8332700729370117 0.007291666666666667 0.012962962962962963
2 0.42015716433525085 0.8334141373634338 0.007291666666666667 0.012962962962962963
2 0.5844415426254272 0.8301731944084167 0.007291666666666667 0.012962962962962963
2 0.6674569249153137 0.8280993700027466 0.007291666666666667 0.012962962962962963
2 0.7494457364082336 0.826927661895752 0.007291666666666667 0.012962962962962963
