4 0.7145188450813293 0.3972490131855011 0.016145833333333335 0.028703703703703703
4 0.7931034564971924 0.5264078378677368 0.016145833333333335 0.027777777777777776
3 0.8107614517211914 0.6506502032279968 0.015104166666666667 0.027777777777777776
3 0.7124735116958618 0.6396515369415283 0.015104166666666667 0.025
4 0.7584713697433472 0.7135406732559204 0.016145833333333335 0.027777777777777776
4 0.6246779561042786 0.6700499653816223 0.015104166666666667 0.026851851851851852
4 0.6283666491508484 0.6208214163780212 0.015625 0.028703703703703703
0 0.5856590270996094 0.3150600790977478 0.015104166666666667 0.026851851851851852
4 0.533157229423523 0.2550285756587982 0.015104166666666667 0.026851851851851852
3 0.4031551480293274 0.2780628502368927 0.015104166666666667 0.027777777777777776
1 0.3671944737434387 0.6328279376029968 0.015625 0.027777777777777776
4 0.2807326018810272 0.45452284812927246 0.016145833333333335 0.027777777777777776
3 0.2642400562763214 0.6698039770126343 0.015104166666666667 0.026851851851851852
2 0.14382623136043549 0.6595475673675537 0.007291666666666667 0.012962962962962963
2 0.14569325745105743 0.5128578543663025 0.007291666666666667 0.012962962962962963
2 0.1465286910533905 0.3667699098587036 0.007291666666666667 0.012962962962962963
2 0.2552914023399353 0.17750944197177887 0.007291666666666667 0.012962962962962963
2 0.33915776014328003 0.17564179003238678 0.007291666666666667 0.012962962962962963
2 0.4234098792076111 0.17555634677410126 0.007291666666666667 0.012962962962962963
2 0.5895627737045288 0.173626109957695 0.007291666666666667 0.012962962962962963
2 0.6727324724197388 0.17265990376472473 0.007291666666666667 0.012962962962962963
2 0.7552867531776428 0.1717008650302887 0.007291666666666667 0.012962962962962963
2 0.8597549796104431 0.3583342134952545 0.007291666666666667 0.012962962962962963
2 0.8579918146133423 0.5031816959381104 0.007291666666666667 0.012962962962962963
2 0.8569822311401367 0.6490478515625 0.007291666666666667 0.012962962962962963
2 0.7486809492111206 0.8361648321151733 0.007291666666666667 0.012962962962962963
2 0.6656917929649353 0.8371115326881409 0.007291666666666667 0.012962962962962963
2 0.5825815200805664 0.8398505449295044 0.007291666666666667 0.012962962962962963
2 0.417599618434906 0.841726541519165 0.007291666666666667 0.012962962962962963
2 0.33367350697517395 0.8422391414642334 0.007291666666666667 0.012962962962962963
2 0.2503994405269623 0.8436374664306641 0.007291666666666667 0.012962962962962963
