3 0.5442521572113037 0.4347422420978546 0.008854166666666666 0.017592592592592594
1 0.48030292987823486 0.4715714454650879 0.011458333333333333 0.020370370370370372
0 0.40728265047073364 0.5004359483718872 0.0109375 0.020370370370370372
3 0.4324142336845398 0.5399730801582336 0.013020833333333334 0.023148148148148147
4 0.4723331332206726 0.528639554977417 0.0125 0.022222222222222223
3 0.547566831111908 0.4888548254966736 0.011979166666666667 0.020370370370370372
4 0.5637147426605225 0.49304482340812683 0.011458333333333333 0.020370370370370372
4 0.5764434933662415 0.5265567302703857 0.0125 0.021296296296296296
2 0.6162537932395935 0.5502968430519104 0.007291666666666667 0.009259259259259259
2 0.6115228533744812 0.5287909507751465 0.007291666666666667 0.009259259259259259
2 0.6072252988815308 0.5098997354507446 0.007291666666666667 0.009259259259259259
2 0.6008322238922119 0.47341978549957275 0.007291666666666667 0.009259259259259259
2 0.5974625945091248 0.4571318030357361 0.007291666666666667 0.009259259259259259
2 0.5943201780319214 0.44171443581581116 0.007291666666666667 0.009259259259259259
2 0.5392284989356995 0.4240986108779907 0.007291666666666667 0.009259259259259259
2 0.4973638951778412 0.42427873611450195 0.007291666666666667 0.009259259259259259
2 0.45541611313819885 0.42357727885246277 0.007291666666666667 0.009259259259259259
2 0.39887529611587524 0.4411866068840027 0.007291666666666667 0.009259259259259259
2 0.3955349624156952 0.457029789686203 0.007291666666666667 0.009259259259259259
2 0.39244773983955383 0.4728720784187317 0.007291666666666667 0.009259259259259259
2 0.38467687368392944 0.5089284181594849 0.007291666666666667 0.009259259259259259
2 0.3804982602596283 0.5291470885276794 0.007291666666666667 0.009259259259259259
2 0.37606048583984375 0.5497951507568359 0.007291666666666667 0.009259259259259259
2 0.4394164979457855 0.5787452459335327 0.007291666666666667 0.009259259259259259
2 0.49609512090682983 0.578559398651123 0.007291666666666667 0.009259259259259259
2 0.552089512348175 0.578368067741394 0.007291666666666667 0.009259259259259259
