2 0.8403621912002563 0.4535479247570038 0.003845238095238095 0.002976190476190476
2 0.7731748819351196 0.4366086721420288 0.003041666666666667 0.003204761904761905
2 0.710877001285553 0.42135947942733765 0.003041666666666667 0.003085714285714286
2 0.5895417332649231 0.42835891246795654 0.003711309523809524 0.004276190476190476
2 0.5476869344711304 0.4495266377925873 0.0034880952380952385 0.0035619047619047622
2 0.501379132270813 0.4729748070240021 0.003785714285714286 0.0035619047619047622
2 0.3941962718963623 0.5284503102302551 0.003711309523809524 0.002966666666666667
2 0.33003219962120056 0.5613555908203125 0.004601190476190477 0.004276190476190476
2 0.2581252455711365 0.5976746082305908 0.004303571428571429 0.0041571428571428575
2 0.23377786576747894 0.7019416689872742 0.0059375 0.006176190476190477
2 0.30788931250572205 0.7459267377853394 0.006678571428571429 0.0057
2 0.39219531416893005 0.7959617376327515 0.007050595238095239 0.007004761904761905
2 0.6184106469154358 0.775789737701416 0.005639880952380952 0.005342857142857143
2 0.6828613877296448 0.7148643732070923 0.005639880952380952 0.0057
2 0.738154411315918 0.6630155444145203 0.005714285714285714 0.0054619047619047624
2 0.8270863890647888 0.5778022408485413 0.004303571428571429 0.0038
2 0.8638306856155396 0.5433557033538818 0.004229166666666667 0.0041571428571428575
2 0.8968827724456787 0.5121838450431824 0.004898809523809524 0.005104761904761905
3 0.8116046786308289 0.5334879755973816 0.015735119047619046 0.025295238095238093
3 0.7774147987365723 0.5241885781288147 0.015660714285714285 0.025414285714285712
3 0.650956392288208 0.44361522793769836 0.012273809523809524 0.01963809523809524
3 0.6105619668960571 0.4390113353729248 0.012273809523809524 0.020690476190476193
3 0.6057214736938477 0.5022404193878174 0.013196428571428572 0.023014285714285713
3 0.3632532060146332 0.6591993570327759 0.01781547619047619 0.03146190476190476
4 0.41413232684135437 0.6428989171981812 0.018211309523809522 0.029980952380952382
4 0.7428314089775085 0.6120350360870361 0.016541666666666666 0.02773809523809524
4 0.40061885118484497 0.56794673204422 0.016142857142857143 0.027419047619047617
0 0.4673464000225067 0.6398605704307556 0.018333333333333333 0.029652380952380954
1 0.5046350359916687 0.510447084903717 0.013949404761904762 0.024233333333333332
3 0.6462995409965515 0.6794729232788086 0.019529761904761907 0.032523809523809524
