2 0.8379483819007874 0.45345690846443176 0.003845238095238095 0.002976190476190476
2 0.7709373831748962 0.4364614188671112 0.003041666666666667 0.003204761904761905
2 0.7088374495506287 0.4211629033088684 0.003041666666666667 0.003085714285714286
2 0.5882444977760315 0.4276639521121979 0.003711309523809524 0.004276190476190476
2 0.546819269657135 0.4484342932701111 0.0034880952380952385 0.0035619047619047622
2 0.5010125041007996 0.471429705619812 0.003785714285714286 0.0035619047619047622
2 0.3951014578342438 0.5257898569107056 0.003711309523809524 0.002966666666666667
2 0.3317650258541107 0.5579963326454163 0.004601190476190477 0.004276190476190476
2 0.260841965675354 0.5935091376304626 0.004303571428571429 0.0041571428571428575
2 0.2376207560300827 0.6961405277252197 0.0059375 0.006176190476190477
2 0.311345636844635 0.7398229837417603 0.006678571428571429 0.0057
2 0.3952489495277405 0.7895355820655823 0.007050595238095239 0.007004761904761905
2 0.6194587349891663 0.7708083391189575 0.005639880952380952 0.005342857142857143
2 0.6830410957336426 0.7110161185264587 0.005639880952380952 0.0057
2 0.7376425862312317 0.6600868701934814 0.005714285714285714 0.0054619047619047624
2 0.8255476951599121 0.5762825608253479 0.004303571428571429 0.0038
2 0.8619080781936646 0.542375922203064 0.004229166666666667 0.0041571428571428575
2 0.8946311473846436 0.5116752982139587 0.004898809523809524 0.005104761904761905
3 0.8098425269126892 0.532410740852356 0.015735119047619046 0.025295238095238093
3 0.775750458240509 0.5230821967124939 0.015660714285714285 0.025414285714285712
3 0.6494003534317017 0.4429589509963989 0.012273809523809524 0.01963809523809524
3 0.6092125177383423 0.43826574087142944 0.012273809523809524 0.020690476190476193
3 0.604863703250885 0.5007283091545105 0.013196428571428572 0.023014285714285713
3 0.3654772937297821 0.6546198129653931 0.01781547619047619 0.03146190476190476
4 0.41577616333961487 0.6387757658958435 0.018211309523809522 0.029980952380952382
4 0.7419432401657104 0.6097534894943237 0.016541666666666666 0.02773809523809524
4 0.40178409218788147 0.5647866129875183 0.016142857142857143 0.027419047619047617
0 0.4685229957103729 0.6360154747962952 0.018333333333333333 0.029652380952380954
1 0.5045306086540222 0.5084472894668579 0.013949404761904762 0.024233333333333332
3 0.6464625597000122 0.6759130954742432 0.019529761904761907 0.032523809523809524
