3 0.25754815340042114 0.2521248459815979 0.017851190476190475 0.027704761904761906
3 0.23777884244918823 0.324579119682312 0.015839285714285715 0.02512857142857143
3 0.4026060700416565 0.4017164409160614 0.017047619047619048 0.027061904761904763
1 0.48259589076042175 0.28466543555259705 0.01757142857142857 0.02774761904761905
4 0.6335737705230713 0.281782329082489 0.01620238095238095 0.025923809523809523
4 0.7151081562042236 0.4383949935436249 0.016886904761904763 0.02629047619047619
3 0.7564657330513 0.41179221868515015 0.016886904761904763 0.02665238095238095
0 0.6847042441368103 0.4898115396499634 0.015973214285714285 0.02629047619047619
3 0.6395889520645142 0.7246231436729431 0.014958333333333332 0.02419047619047619
4 0.506481945514679 0.7459549903869629 0.017532738095238094 0.027795238095238095
3 0.3354213237762451 0.7234324216842651 0.016404761904761905 0.026247619047619047
3 0.33664438128471375 0.6655842661857605 0.01624404761904762 0.02521904761904762
2 0.25098758935928345 0.8104690909385681 0.0048095238095238095 0.007995238095238095
2 0.33505383133888245 0.8095963597297668 0.004244047619047619 0.008147619047619048
2 0.4189283549785614 0.8090258836746216 0.005375 0.0086
2 0.5857142210006714 0.8071497082710266 0.004148809523809523 0.007995238095238095
2 0.668953001499176 0.805476725101471 0.004904761904761905 0.0067904761904761905
2 0.7522381544113159 0.8042434453964233 0.004431547619047619 0.0070904761904761904
2 0.8602416515350342 0.6336299180984497 0.004997023809523809 0.007542857142857143
2 0.8619610071182251 0.5004001259803772 0.004622023809523809 0.007995238095238095
2 0.8635823130607605 0.3677888810634613 0.00556547619047619 0.008904761904761905
2 0.7588163614273071 0.1971992552280426 0.0051875 0.0083
2 0.67503422498703 0.1971662938594818 0.004904761904761905 0.007995238095238095
2 0.5913878083229065 0.1974349468946457 0.005657738095238096 0.0083
2 0.4237228035926819 0.1978936493396759 0.005279761904761904 0.008752380952380952
2 0.33941611647605896 0.19897443056106567 0.004714285714285714 0.0083
2 0.25482961535453796 0.199692502617836 0.004904761904761905 0.007695238095238095
2 0.14547647535800934 0.37282583117485046 0.005092261904761905 0.0083
2 0.14446988701820374 0.5070742964744568 0.0048095238095238095 0.009052380952380952
2 0.14383549988269806 0.6414843201637268 0.005092261904761905 0.007847619047619048
