3 0.8209713101387024 0.5081674456596375 0.024479166666666666 0.04259259259259259
0 0.7272197604179382 0.4080433249473572 0.025520833333333333 0.04259259259259259
3 0.2904048562049866 0.8347117304801941 0.024479166666666666 0.041666666666666664
1 0.15528112649917603 0.4270572066307068 0.024479166666666666 0.04351851851851852
3 0.15252624452114105 0.5747528076171875 0.024479166666666666 0.040740740740740744
3 0.11411653459072113 0.33192262053489685 0.025 0.04259259259259259
2 0.06839576363563538 0.684319257736206 0.007291666666666667 0.012962962962962963
2 0.0712318867444992 0.5046043992042542 0.007291666666666667 0.012962962962962963
2 0.07251805812120438 0.3247930109500885 0.007291666666666667 0.012962962962962963
2 0.20131070911884308 0.11098598688840866 0.007291666666666667 0.012962962962962963
2 0.30282288789749146 0.1113048866391182 0.007291666666666667 0.012962962962962963
2 0.4039142429828644 0.11381486803293228 0.007291666666666667 0.012962962962962963
2 0.6081681847572327 0.11182636767625809 0.007291666666666667 0.012962962962962963
2 0.7090310454368591 0.11214357614517212 0.007291666666666667 0.012962962962962963
2 0.8104908466339111 0.11158855259418488 0.007291666666666667 0.012962962962962963
2 0.9391615986824036 0.329567551612854 0.007291666666666667 0.012962962962962963
2 0.9402733445167542 0.505524218082428 0.007291666666666667 0.012962962962962963
2 0.9411329627037048 0.6817963719367981 0.007291666666666667 0.012962962962962963
2 0.8159275650978088 0.9037095904350281 0.007291666666666667 0.012962962962962963
2 0.7119479775428772 0.9035872220993042 0.007291666666666667 0.012962962962962963
2 0.6088244915008545 0.9025688171386719 0.007291666666666667 0.012962962962962963
2 0.4023343324661255 0.9041025638580322 0.007291666666666667 0.012962962962962963
2 0.2989639341831207 0.904870867729187 0.007291666666666667 0.012962962962962963
2 0.19542378187179565 0.9056404829025269 0.007291666666666667 0.012962962962962963
