3 0.8239595890045166 0.5095586776733398 0.024479166666666666 0.04259259259259259
0 0.7319633364677429 0.408581405878067 0.025520833333333333 0.04259259259259259
3 0.31179288029670715 0.8185413479804993 0.024479166666666666 0.041666666666666664
1 0.16917842626571655 0.4135303795337677 0.024479166666666666 0.04351851851851852
3 0.1701602041721344 0.5604056119918823 0.024479166666666666 0.040740740740740744
3 0.12572644650936127 0.31716564297676086 0.025 0.04259259259259259
2 0.0897735208272934 0.666948139667511 0.007291666666666667 0.012962962962962963
2 0.08766870945692062 0.488882452249527 0.007291666666666667 0.012962962962962963
2 0.08399119228124619 0.30890366435050964 0.007291666666666667 0.012962962962962963
2 0.20725911855697632 0.09636763483285904 0.007291666666666667 0.012962962962962963
2 0.30872344970703125 0.09973637014627457 0.007291666666666667 0.012962962962962963
2 0.4094604253768921 0.10529879480600357 0.007291666666666667 0.012962962962962963
2 0.6118184924125671 0.10935813933610916 0.007291666666666667 0.012962962962962963
2 0.711254358291626 0.11266062408685684 0.007291666666666667 0.012962962962962963
2 0.8109311461448669 0.11509282886981964 0.007291666666666667 0.012962962962962963
2 0.9376816153526306 0.33614033460617065 0.007291666666666667 0.012962962962962963
2 0.9394110441207886 0.5096516013145447 0.007291666666666667 0.012962962962962963
2 0.9408826231956482 0.6817893981933594 0.007291666666666667 0.012962962962962963
2 0.8218057155609131 0.8941295742988586 0.007291666666666667 0.012962962962962963
2 0.7218763828277588 0.8923441767692566 0.007291666666666667 0.012962962962962963
2 0.6224202513694763 0.8897014260292053 0.007291666666666667 0.012962962962962963
2 0.4223015606403351 0.8878439664840698 0.007291666666666667 0.012962962962962963
2 0.3216133415699005 0.8869099020957947 0.007291666666666667 0.012962962962962963
2 0.22041814029216766 0.8859711289405823 0.007291666666666667 0.012962962962962963
