4 0.6356928944587708 0.20024752616882324 0.025520833333333333 0.044444444444444446
4 0.56214839220047 0.1837296336889267 0.025 0.04351851851851852
3 0.5229029059410095 0.6484915614128113 0.025520833333333333 0.04259259259259259
4 0.5027194023132324 0.7791635990142822 0.0234375 0.04537037037037037
4 0.4234142601490021 0.33844345808029175 0.024479166666666666 0.04351851851851852
4 0.3530110716819763 0.3091590106487274 0.0234375 0.04259259259259259
1 0.2926492989063263 0.488945335149765 0.023958333333333335 0.04351851851851852
0 0.26652443408966064 0.510890781879425 0.022916666666666665 0.041666666666666664
4 0.24362613260746002 0.4896186590194702 0.023958333333333335 0.04259259259259259
3 0.2260197103023529 0.46168431639671326 0.024479166666666666 0.041666666666666664
3 0.2015925794839859 0.5431156754493713 0.023958333333333335 0.04259259259259259
3 0.18582014739513397 0.41210025548934937 0.025 0.04259259259259259
2 0.08322523534297943 0.6923088431358337 0.007291666666666667 0.012962962962962963
2 0.0854644924402237 0.5142866373062134 0.007291666666666667 0.012962962962962963
2 0.08718737214803696 0.3370213806629181 0.007291666666666667 0.012962962962962963
2 0.210775688290596 0.12171439081430435 0.007291666666666667 0.012962962962962963
2 0.3103971779346466 0.11929355561733246 0.007291666666666667 0.012962962962962963
2 0.4093894958496094 0.11948462575674057 0.007291666666666667 0.012962962962962963
2 0.6099614500999451 0.1185326874256134 0.007291666666666667 0.012962962962962963
2 0.7090310454368591 0.11568769067525864 0.007291666666666667 0.012962962962962963
2 0.8087180256843567 0.11413617432117462 0.007291666666666667 0.012962962962962963
2 0.9354091286659241 0.3280077874660492 0.007291666666666667 0.012962962962962963
2 0.9377660155296326 0.5037667155265808 0.007291666666666667 0.012962962962962963
2 0.9403945207595825 0.6811341047286987 0.007291666666666667 0.012962962962962963
2 0.820725679397583 0.9039977788925171 0.007291666666666667 0.012962962962962963
2 0.7162524461746216 0.9030581116676331 0.007291666666666667 0.012962962962962963
2 0.6156982183456421 0.9051738977432251 0.007291666666666667 0.012962962962962963
2 0.4118858277797699 0.9072175621986389 0.007291666666666667 0.012962962962962963
2 0.3099011480808258 0.910699188709259 0.007291666666666667 0.012962962962962963
2 0.20827525854110718 0.9132822155952454 0.007291666666666667 0.012962962962962963
