4 0.6364859342575073 0.22717779874801636 0.025520833333333333 0.044444444444444446
4 0.5614237189292908 0.20991851389408112 0.025 0.04351851851851852
3 0.5234465003013611 0.653111457824707 0.025520833333333333 0.04259259259259259
4 0.5037267208099365 0.775748074054718 0.0234375 0.04537037037037037
4 0.4210728704929352 0.35626325011253357 0.024479166666666666 0.04351851851851852
4 0.3493923544883728 0.3269003629684448 0.0234375 0.04259259259259259
1 0.2899363934993744 0.49749451875686646 0.023958333333333335 0.04351851851851852
0 0.26378247141838074 0.517856240272522 0.022916666666666665 0.041666666666666664
4 0.2404363751411438 0.4972101151943207 0.023958333333333335 0.04259259259259259
3 0.2223389744758606 0.47030603885650635 0.024479166666666666 0.041666666666666664
3 0.19865302741527557 0.5472023487091064 0.023958333333333335 0.04259259259259259
3 0.1811164766550064 0.4223063290119171 0.025 0.04259259259259259
2 0.08162130415439606 0.6858309507369995 0.007291666666666667 0.012962962962962963
2 0.08122752606868744 0.5176525712013245 0.007291666666666667 0.012962962962962963
2 0.08031916618347168 0.3487522006034851 0.007291666666666667 0.012962962962962963
2 0.20285524427890778 0.14378340542316437 0.007291666666666667 0.012962962962962963
2 0.3043188452720642 0.14318007230758667 0.007291666666666667 0.012962962962962963
2 0.40526095032691956 0.14509449899196625 0.007291666666666667 0.012962962962962963
2 0.6100491285324097 0.14768077433109283 0.007291666666666667 0.012962962962962963
2 0.7113395929336548 0.1466573178768158 0.007291666666666667 0.012962962962962963
2 0.8133618235588074 0.1468985229730606 0.007291666666666667 0.012962962962962963
2 0.941931962966919 0.35564082860946655 0.007291666666666667 0.012962962962962963
2 0.9433330297470093 0.5238214731216431 0.007291666666666667 0.012962962962962963
2 0.944987952709198 0.6921210885047913 0.007291666666666667 0.012962962962962963
2 0.8234183192253113 0.899071455001831 0.007291666666666667 0.012962962962962963
2 0.7184906005859375 0.8960564136505127 0.007291666666666667 0.012962962962962963
2 0.6175909638404846 0.895976185798645 0.007291666666666667 0.012962962962962963
2 0.4133645296096802 0.8937205672264099 0.007291666666666667 0.012962962962962963
2 0.311338871717453 0.8948855400085449 0.007291666666666667 0.012962962962962963
2 0.2097683548927307 0.8952195048332214 0.007291666666666667 0.012962962962962963
