4 0.6406091451644897 0.1741672307252884 0.025 0.04537037037037037
4 0.565642237663269 0.15857626497745514 0.025 0.04351851851851852
3 0.5174204111099243 0.6437797546386719 0.025520833333333333 0.04259259259259259
4 0.49130648374557495 0.7672515511512756 0.024479166666666666 0.04351851851851852
4 0.42134279012680054 0.31448888778686523 0.024479166666666666 0.04259259259259259
4 0.35109442472457886 0.2825479805469513 0.023958333333333335 0.04259259259259259
1 0.28700077533721924 0.46726417541503906 0.024479166666666666 0.041666666666666664
0 0.2610624134540558 0.4895334243774414 0.0234375 0.041666666666666664
4 0.2386452555656433 0.466848224401474 0.024479166666666666 0.041666666666666664
3 0.221625417470932 0.4365849792957306 0.024479166666666666 0.041666666666666664
3 0.18270383775234222 0.3864154815673828 0.025 0.04351851851851852
3 0.1967695653438568 0.5190489292144775 0.025 0.040740740740740744
2 0.07592776417732239 0.6688644886016846 0.007291666666666667 0.012962962962962963
2 0.08062960207462311 0.4865531623363495 0.007291666666666667 0.012962962962962963
2 0.08556091785430908 0.30548834800720215 0.007291666666666667 0.012962962962962963
2 0.21208064258098602 0.0885336697101593 0.007291666666666667 0.012962962962962963
2 0.3133527636528015 0.08771351724863052 0.007291666666666667 0.012962962962962963
2 0.4127417504787445 0.08914612978696823 0.007291666666666667 0.012962962962962963
2 0.6158646941184998 0.08795040845870972 0.007291666666666667 0.012962962962962963
2 0.7172625660896301 0.08939307183027267 0.007291666666666667 0.012962962962962963
2 0.8204109072685242 0.08811058849096298 0.007291666666666667 0.012962962962962963
2 0.9447659254074097 0.315054714679718 0.007291666666666667 0.012962962962962963
2 0.9416446685791016 0.49479132890701294 0.007291666666666667 0.012962962962962963
2 0.939693808555603 0.6812982559204102 0.007291666666666667 0.012962962962962963
2 0.8081607222557068 0.9046626687049866 0.007291666666666667 0.012962962962962963
2 0.7046802043914795 0.9014986753463745 0.007291666666666667 0.012962962962962963
2 0.6008501052856445 0.8996922373771667 0.007291666666666667 0.012962962962962963
2 0.3987865746021271 0.8961766958236694 0.007291666666666667 0.012962962962962963
2 0.29853546619415283 0.8926331400871277 0.007291666666666667 0.012962962962962963
2 0.19665391743183136 0.8917621970176697 0.007291666666666667 0.012962962962962963
