4 0.6251136660575867 0.18087385594844818 0.025 0.04537037037037037
4 0.5493776202201843 0.16757886111736298 0.025 0.04351851851851852
3 0.5167348980903625 0.6383141279220581 0.025520833333333333 0.04259259259259259
4 0.4944113790988922 0.7591285109519958 0.024479166666666666 0.04351851851851852
4 0.4096475839614868 0.32119452953338623 0.024479166666666666 0.04259259259259259
4 0.3382481634616852 0.2919348180294037 0.023958333333333335 0.04259259259259259
1 0.27956968545913696 0.47182661294937134 0.024479166666666666 0.041666666666666664
0 0.25421398878097534 0.49394088983535767 0.0234375 0.041666666666666664
4 0.23106591403484344 0.4724571406841278 0.024479166666666666 0.041666666666666664
3 0.2131226807832718 0.4435443580150604 0.024479166666666666 0.041666666666666664
3 0.17269223928451538 0.39590054750442505 0.025 0.04351851851851852
3 0.19060230255126953 0.5238879323005676 0.025 0.040740740740740744
2 0.0736643373966217 0.6716939806938171 0.007291666666666667 0.012962962962962963
2 0.07333546131849289 0.49488750100135803 0.007291666666666667 0.012962962962962963
2 0.0732714831829071 0.3199619650840759 0.007291666666666667 0.012962962962962963
2 0.19349439442157745 0.10843590646982193 0.007291666666666667 0.012962962962962963
2 0.2946067750453949 0.10528494417667389 0.007291666666666667 0.012962962962962963
2 0.3940189778804779 0.10433898866176605 0.007291666666666667 0.012962962962962963
2 0.5974093079566956 0.09843579679727554 0.007291666666666667 0.012962962962962963
2 0.6991835236549377 0.09744682908058167 0.007291666666666667 0.012962962962962963
2 0.802740216255188 0.09379138052463531 0.007291666666666667 0.012962962962962963
2 0.9361865520477295 0.3100859522819519 0.007291666666666667 0.012962962962962963
2 0.9397013783454895 0.4845353960990906 0.007291666666666667 0.012962962962962963
2 0.944667637348175 0.6662435531616211 0.007291666666666667 0.012962962962962963
2 0.8195486068725586 0.8873048424720764 0.007291666666666667 0.012962962962962963
2 0.7145784497261047 0.8861876726150513 0.007291666666666667 0.012962962962962963
2 0.6094314455986023 0.8864074945449829 0.007291666666666667 0.012962962962962963
2 0.40517333149909973 0.886834442615509 0.007291666666666667 0.012962962962962963
2 0.30395904183387756 0.8852877616882324 0.007291666666666667 0.012962962962962963
2 0.20130446553230286 0.8863837718963623 0.007291666666666667 0.012962962962962963
