4 0.37356439232826233 0.18521519005298615 0.025 0.04537037037037037
4 0.448158323764801 0.1696428507566452 0.025 0.04351851851851852
3 0.4838476777076721 0.6476134061813354 0.025520833333333333 0.04259259259259259
4 0.5068614482879639 0.7704429626464844 0.024479166666666666 0.04351851851851852
4 0.5872499942779541 0.3217194974422455 0.024479166666666666 0.04259259259259259
4 0.6575318574905396 0.29002851247787476 0.023958333333333335 0.04259259259259259
1 0.7171399593353271 0.4714290201663971 0.024479166666666666 0.041666666666666664
0 0.7424312233924866 0.4932708144187927 0.0234375 0.041666666666666664
4 0.765134871006012 0.47075188159942627 0.024479166666666666 0.041666666666666664
3 0.7826125025749207 0.4408140778541565 0.024479166666666666 0.041666666666666664
3 0.8221438527107239 0.39120733737945557 0.025 0.04351851851851852
3 0.8056771755218506 0.5220688581466675 0.025 0.040740740740740744
2 0.92303466796875 0.6697821021080017 0.007291666666666667 0.012962962962962963
2 0.9214853644371033 0.4893198609352112 0.007291666666666667 0.012962962962962963
2 0.9196979403495789 0.31123533844947815 0.007291666666666667 0.012962962962962963
2 0.7987795472145081 0.09982843697071075 0.007291666666666667 0.012962962962962963
2 0.6989694237709045 0.09944392740726471 0.007291666666666667 0.012962962962962963
2 0.6008939146995544 0.10124627500772476 0.007291666666666667 0.012962962962962963
2 0.4003208875656128 0.10091330111026764 0.007291666666666667 0.012962962962962963
2 0.30002790689468384 0.10273633897304535 0.007291666666666667 0.012962962962962963
2 0.19800205528736115 0.10190872102975845 0.007291666666666667 0.012962962962962963
2 0.06757049262523651 0.3248681128025055 0.007291666666666667 0.012962962962962963
2 0.06487680971622467 0.502298891544342 0.007291666666666667 0.012962962962962963
2 0.06077391281723976 0.6876180768013 0.007291666666666667 0.012962962962962963
2 0.1856401413679123 0.9102479815483093 0.007291666666666667 0.012962962962962963
2 0.2896150052547455 0.9063225984573364 0.007291666666666667 0.012962962962962963
2 0.3938106596469879 0.9037604928016663 0.007291666666666667 0.012962962962962963
2 0.596331000328064 0.8987806439399719 0.007291666666666667 0.012962962962962963
2 0.6967222690582275 0.8945099711418152 0.007291666666666667 0.012962962962962963
2 0.7986021637916565 0.8929081559181213 0.007291666666666667 0.012962962962962963
