3 0.6986415386199951 0.5728775858879089 0.025 0.04351851851851852
4 0.6070387363433838 0.7933312654495239 0.023958333333333335 0.04351851851851852
4 0.6309279799461365 0.1878826916217804 0.026041666666666668 0.044444444444444446
4 0.556442379951477 0.17516204714775085 0.025 0.04351851851851852
4 0.35615622997283936 0.3906601667404175 0.023958333333333335 0.04259259259259259
0 0.26166918873786926 0.5093950629234314 0.0234375 0.041666666666666664
3 0.267707884311676 0.40631425380706787 0.023958333333333335 0.04259259259259259
4 0.23938298225402832 0.4882654845714569 0.023958333333333335 0.04259259259259259
1 0.2221464067697525 0.4000164866447449 0.024479166666666666 0.04259259259259259
3 0.19868066906929016 0.5412784814834595 0.023958333333333335 0.041666666666666664
3 0.12764886021614075 0.38762548565864563 0.024479166666666666 0.04259259259259259
2 0.20748554170131683 0.12016502767801285 0.007291666666666667 0.012962962962962963
2 0.3066459596157074 0.1204700917005539 0.007291666666666667 0.012962962962962963
2 0.4041285812854767 0.11783137917518616 0.007291666666666667 0.012962962962962963
2 0.6041625142097473 0.10532446950674057 0.007291666666666667 0.012962962962962963
2 0.7044894695281982 0.09992007166147232 0.007291666666666667 0.012962962962962963
2 0.8076599836349487 0.09438035637140274 0.007291666666666667 0.012962962962962963
2 0.9369847774505615 0.31001999974250793 0.007291666666666667 0.012962962962962963
2 0.937420666217804 0.4912584125995636 0.007291666666666667 0.012962962962962963
2 0.9399327039718628 0.6732746958732605 0.007291666666666667 0.012962962962962963
2 0.8110567927360535 0.8975428938865662 0.007291666666666667 0.012962962962962963
2 0.7076446413993835 0.8971697688102722 0.007291666666666667 0.012962962962962963
2 0.6045647263526917 0.8985833525657654 0.007291666666666667 0.012962962962962963
2 0.402386337518692 0.9013559818267822 0.007291666666666667 0.012962962962962963
2 0.3052210509777069 0.9013717174530029 0.007291666666666667 0.012962962962962963
2 0.20390014350414276 0.9053894281387329 0.007291666666666667 0.012962962962962963
2 0.08379194885492325 0.6871766448020935 0.007291666666666667 0.012962962962962963
2 0.08615332096815109 0.5141381025314331 0.007291666666666667 0.012962962962962963
2 0.08706460893154144 0.3393045961856842 0.007291666666666667 0.012962962962962963
