3 0.8802165389060974 0.5509922504425049 0.025520833333333333 0.04351851851851852
4 0.740469217300415 0.6845482587814331 0.023958333333333335 0.04259259259259259
4 0.6203452348709106 0.7729417681694031 0.024479166666666666 0.04351851851851852
4 0.6368486881256104 0.180511012673378 0.025520833333333333 0.04351851851851852
4 0.5639367699623108 0.16270232200622559 0.025 0.044444444444444446
3 0.2744365632534027 0.37069031596183777 0.024479166666666666 0.041666666666666664
0 0.2686203122138977 0.4730398654937744 0.022916666666666665 0.03981481481481482
4 0.24582941830158234 0.4506659507751465 0.024479166666666666 0.041666666666666664
1 0.22398263216018677 0.4803852140903473 0.024479166666666666 0.04259259259259259
3 0.17800389230251312 0.47631463408470154 0.024479166666666666 0.040740740740740744
3 0.1289888173341751 0.34368422627449036 0.024479166666666666 0.040740740740740744
2 0.08369715511798859 0.6474671959877014 0.007291666666666667 0.012962962962962963
2 0.08607541769742966 0.4681589901447296 0.007291666666666667 0.012962962962962963
2 0.08815371990203857 0.29398274421691895 0.007291666666666667 0.012962962962962963
2 0.2128223329782486 0.08556913584470749 0.007291666666666667 0.012962962962962963
2 0.31388893723487854 0.08984413743019104 0.007291666666666667 0.012962962962962963
2 0.4113196134567261 0.09315565973520279 0.007291666666666667 0.012962962962962963
2 0.6097456812858582 0.10030297189950943 0.007291666666666667 0.012962962962962963
2 0.7087143659591675 0.10196267813444138 0.007291666666666667 0.012962962962962963
2 0.8072806596755981 0.10361562669277191 0.007291666666666667 0.012962962962962963
2 0.9344216585159302 0.3163468837738037 0.007291666666666667 0.012962962962962963
2 0.9382340312004089 0.49031248688697815 0.007291666666666667 0.012962962962962963
2 0.9425674080848694 0.6654260754585266 0.007291666666666667 0.012962962962962963
2 0.8229127526283264 0.8815510869026184 0.007291666666666667 0.012962962962962963
2 0.7200143933296204 0.8783398866653442 0.007291666666666667 0.012962962962962963
2 0.6189963221549988 0.8769316673278809 0.007291666666666667 0.012962962962962963
2 0.4149530827999115 0.8740872740745544 0.007291666666666667 0.012962962962962963
2 0.31319865584373474 0.8735663294792175 0.007291666666666667 0.012962962962962963
2 0.20870821177959442 0.8721116185188293 0.007291666666666667 0.012962962962962963
