4 0.6150940656661987 0.806047260761261 0.024479166666666666 0.04259259259259259
3 0.7075924277305603 0.5816410183906555 0.025520833333333333 0.04351851851851852
4 0.6377466320991516 0.18044011294841766 0.026041666666666668 0.044444444444444446
4 0.5618986487388611 0.1637110561132431 0.025 0.04351851851851852
4 0.3544400632381439 0.3816070556640625 0.023958333333333335 0.04259259259259259
3 0.26140516996383667 0.3966434895992279 0.024479166666666666 0.041666666666666664
0 0.25564152002334595 0.5033237934112549 0.022916666666666665 0.040740740740740744
4 0.2319856733083725 0.4810047745704651 0.024479166666666666 0.041666666666666664
1 0.21376755833625793 0.3885800838470459 0.024479166666666666 0.04259259259259259
3 0.19028832018375397 0.5364680290222168 0.024479166666666666 0.040740740740740744
3 0.11227355152368546 0.3711021840572357 0.025 0.040740740740740744
2 0.07058816403150558 0.6887104511260986 0.007291666666666667 0.012962962962962963
2 0.07001885771751404 0.5058429837226868 0.007291666666666667 0.012962962962962963
2 0.0702030286192894 0.3198915123939514 0.007291666666666667 0.012962962962962963
2 0.1956067681312561 0.09474855661392212 0.007291666666666667 0.012962962962962963
2 0.29967448115348816 0.09520580619573593 0.007291666666666667 0.012962962962962963
2 0.403253972530365 0.09428052604198456 0.007291666666666667 0.012962962962962963
2 0.6105384230613708 0.09381446987390518 0.007291666666666667 0.012962962962962963
2 0.7144978046417236 0.09242525696754456 0.007291666666666667 0.012962962962962963
2 0.8190194964408875 0.09010902047157288 0.007291666666666667 0.012962962962962963
2 0.9484736919403076 0.3177024722099304 0.007291666666666667 0.012962962962962963
2 0.9494874477386475 0.5025717616081238 0.007291666666666667 0.012962962962962963
2 0.9504926204681396 0.6893808841705322 0.007291666666666667 0.012962962962962963
2 0.8210723400115967 0.9138632416725159 0.007291666666666667 0.012962962962962963
2 0.7165176868438721 0.9128133654594421 0.007291666666666667 0.012962962962962963
2 0.6135453581809998 0.9122124314308167 0.007291666666666667 0.012962962962962963
2 0.4066958427429199 0.9137318730354309 0.007291666666666667 0.012962962962962963
2 0.3030693233013153 0.9135863184928894 0.007291666666666667 0.012962962962962963
2 0.1992342174053192 0.9147997498512268 0.007291666666666667 0.012962962962962963
