4 0.6049407124519348 0.7945508360862732 0.024479166666666666 0.04259259259259259
3 0.6968944668769836 0.5736088156700134 0.025520833333333333 0.04351851851851852
4 0.6305308938026428 0.18120595812797546 0.026041666666666668 0.044444444444444446
4 0.5567378401756287 0.16550162434577942 0.025 0.04351851851851852
4 0.3538614511489868 0.378706693649292 0.023958333333333335 0.04259259259259259
3 0.2638132870197296 0.3936937153339386 0.024479166666666666 0.041666666666666664
0 0.25726643204689026 0.4975263774394989 0.022916666666666665 0.040740740740740744
4 0.23463883996009827 0.47584307193756104 0.024479166666666666 0.041666666666666664
1 0.2179587036371231 0.38604050874710083 0.024479166666666666 0.04259259259259259
3 0.1938866823911667 0.529916524887085 0.024479166666666666 0.040740740740740744
3 0.12054536491632462 0.36949214339256287 0.025 0.040740740740740744
2 0.07704124599695206 0.6782597899436951 0.007291666666666667 0.012962962962962963
2 0.07852731645107269 0.5003312230110168 0.007291666666666667 0.012962962962962963
2 0.08076348155736923 0.320102334022522 0.007291666666666667 0.012962962962962963
2 0.20334751904010773 0.10172905027866364 0.007291666666666667 0.012962962962962963
2 0.30340778827667236 0.10125541687011719 0.007291666666666667 0.012962962962962963
2 0.40336963534355164 0.0994456335902214 0.007291666666666667 0.012962962962962963
2 0.6044856905937195 0.09715084731578827 0.007291666666666667 0.012962962962962963
2 0.7059046030044556 0.09486881643533707 0.007291666666666667 0.012962962962962963
2 0.8082444071769714 0.09166939556598663 0.007291666666666667 0.012962962962962963
2 0.93502277135849 0.31349197030067444 0.007291666666666667 0.012962962962962963
2 0.9356338977813721 0.4954238831996918 0.007291666666666667 0.012962962962962963
2 0.9362347722053528 0.6800028085708618 0.007291666666666667 0.012962962962962963
2 0.807406485080719 0.9021142721176147 0.007291666666666667 0.012962962962962963
2 0.704146683216095 0.9005335569381714 0.007291666666666667 0.012962962962962963
2 0.6028208136558533 0.899410605430603 0.007291666666666667 0.012962962962962963
2 0.4003671109676361 0.8998537659645081 0.007291666666666667 0.012962962962962963
2 0.29949951171875 0.8991826176643372 0.007291666666666667 0.012962962962962963
2 0.1987820714712143 0.899847149848938 0.007291666666666667 0.012962962962962963
