1 0.842555046081543 0.4323190748691559 0.025520833333333333 0.041666666666666664
4 0.6746511459350586 0.8233351111412048 0.024479166666666666 0.04259259259259259
4 0.6019333004951477 0.7999159097671509 0.024479166666666666 0.04259259259259259
3 0.5750525593757629 0.5997040867805481 0.025 0.04259259259259259
4 0.6306374073028564 0.1877611130475998 0.026041666666666668 0.04351851851851852
4 0.5553390383720398 0.1716255396604538 0.025520833333333333 0.04351851851851852
3 0.2584861218929291 0.3948347568511963 0.023958333333333335 0.04259259259259259
0 0.2516385316848755 0.4988335072994232 0.023958333333333335 0.041666666666666664
4 0.2322978526353836 0.6414052844047546 0.024479166666666666 0.041666666666666664
3 0.1624392420053482 0.503196120262146 0.024479166666666666 0.041666666666666664
3 0.1491016298532486 0.22357401251792908 0.025 0.041666666666666664
2 0.07002653926610947 0.6736344695091248 0.007291666666666667 0.012962962962962963
2 0.07209289073944092 0.49607741832733154 0.007291666666666667 0.012962962962962963
2 0.07366564869880676 0.31823843717575073 0.007291666666666667 0.012962962962962963
2 0.1975102573633194 0.10314970463514328 0.007291666666666667 0.012962962962962963
2 0.2991437613964081 0.1037483885884285 0.007291666666666667 0.012962962962962963
2 0.4004582166671753 0.10435401648283005 0.007291666666666667 0.012962962962962963
2 0.6039031147956848 0.10198738425970078 0.007291666666666667 0.012962962962962963
2 0.7068018317222595 0.10034077614545822 0.007291666666666667 0.012962962962962963
2 0.8130094408988953 0.1000322625041008 0.007291666666666667 0.012962962962962963
2 0.941802442073822 0.32387566566467285 0.007291666666666667 0.012962962962962963
2 0.9413288235664368 0.5078522562980652 0.007291666666666667 0.012962962962962963
2 0.9406080842018127 0.6897454261779785 0.007291666666666667 0.012962962962962963
2 0.8082849383354187 0.9115656614303589 0.007291666666666667 0.012962962962962963
2 0.7027129530906677 0.9081487059593201 0.007291666666666667 0.012962962962962963
2 0.5996767282485962 0.9039058685302734 0.007291666666666667 0.012962962962962963
2 0.39439985156059265 0.9003515839576721 0.007291666666666667 0.012962962962962963
2 0.29344165325164795 0.8979450464248657 0.007291666666666667 0.012962962962962963
2 0.19166426360607147 0.895518958568573 0.007291666666666667 0.012962962962962963
