1 0.16186968982219696 0.4220127761363983 0.025520833333333333 0.041666666666666664
4 0.3268190920352936 0.8220162987709045 0.024479166666666666 0.04259259259259259
4 0.400863915681839 0.7982669472694397 0.024479166666666666 0.04259259259259259
3 0.429819792509079 0.5943697690963745 0.025 0.04259259259259259
4 0.37805500626564026 0.1808323711156845 0.026041666666666668 0.04351851851851852
4 0.4530692994594574 0.16630905866622925 0.025520833333333333 0.04351851851851852
3 0.7456669211387634 0.3924769163131714 0.023958333333333335 0.04259259259259259
0 0.7524667978286743 0.4962342381477356 0.023958333333333335 0.041666666666666664
4 0.7717108130455017 0.6395021080970764 0.024479166666666666 0.041666666666666664
3 0.8403617143630981 0.5016157031059265 0.024479166666666666 0.041666666666666664
3 0.8525230288505554 0.22502034902572632 0.025 0.041666666666666664
2 0.9319913983345032 0.6732005476951599 0.007291666666666667 0.012962962962962963
2 0.9289681911468506 0.49555686116218567 0.007291666666666667 0.012962962962962963
2 0.9264542460441589 0.3194015324115753 0.007291666666666667 0.012962962962962963
2 0.8050285577774048 0.1061776727437973 0.007291666666666667 0.012962962962962963
2 0.7058147192001343 0.10467198491096497 0.007291666666666667 0.012962962962962963
2 0.6064376831054688 0.10317248851060867 0.007291666666666667 0.012962962962962963
2 0.40547072887420654 0.09660857915878296 0.007291666666666667 0.012962962962962963
2 0.3031045198440552 0.09282086789608002 0.007291666666666667 0.012962962962962963
2 0.19691155850887299 0.09026956558227539 0.007291666666666667 0.012962962962962963
2 0.06313171237707138 0.3112501800060272 0.007291666666666667 0.012962962962962963
2 0.060055796056985855 0.4972974956035614 0.007291666666666667 0.012962962962962963
2 0.057241566479206085 0.6831899881362915 0.007291666666666667 0.012962962962962963
2 0.18908806145191193 0.9127835035324097 0.007291666666666667 0.012962962962962963
2 0.29719167947769165 0.9094316959381104 0.007291666666666667 0.012962962962962963
2 0.40215542912483215 0.9052406549453735 0.007291666666666667 0.012962962962962963
2 0.6096299290657043 0.9019832015037537 0.007291666666666667 0.012962962962962963
2 0.7109050750732422 0.8997189402580261 0.007291666666666667 0.012962962962962963
2 0.8124929666519165 0.8974477052688599 0.007291666666666667 0.012962962962962963
