1 0.2528532147407532 0.5232281684875488 0.023958333333333335 0.04259259259259259
4 0.1826857179403305 0.41203632950782776 0.024479166666666666 0.04259259259259259
4 0.29454007744789124 0.344375342130661 0.025 0.04351851851851852
4 0.3336726427078247 0.46415653824806213 0.025520833333333333 0.04259259259259259
4 0.3129163086414337 0.8101789951324463 0.024479166666666666 0.04259259259259259
4 0.3850365877151489 0.789519727230072 0.024479166666666666 0.04351851851851852
0 0.7275311946868896 0.5052493810653687 0.023958333333333335 0.041666666666666664
3 0.8740944266319275 0.39864376187324524 0.024479166666666666 0.040740740740740744
2 0.9325689673423767 0.691706657409668 0.007291666666666667 0.012962962962962963
2 0.9307510256767273 0.5106114745140076 0.007291666666666667 0.012962962962962963
2 0.928933322429657 0.3279776871204376 0.007291666666666667 0.012962962962962963
2 0.8005426526069641 0.10353822261095047 0.007291666666666667 0.012962962962962963
2 0.6969835758209229 0.10373689234256744 0.007291666666666667 0.012962962962962963
2 0.5928642153739929 0.10078927129507065 0.007291666666666667 0.012962962962962963
2 0.38810259103775024 0.09764119237661362 0.007291666666666667 0.012962962962962963
2 0.28692811727523804 0.09431436657905579 0.007291666666666667 0.012962962962962963
2 0.1841837614774704 0.09184741228818893 0.007291666666666667 0.012962962962962963
2 0.0570514053106308 0.30566856265068054 0.007291666666666667 0.012962962962962963
2 0.05618934705853462 0.4847176969051361 0.007291666666666667 0.012962962962962963
2 0.05557390674948692 0.6662323474884033 0.007291666666666667 0.012962962962962963
2 0.18119920790195465 0.8900164365768433 0.007291666666666667 0.012962962962962963
2 0.2847611606121063 0.8916771411895752 0.007291666666666667 0.012962962962962963
2 0.38700738549232483 0.8959609270095825 0.007291666666666667 0.012962962962962963
2 0.5934261679649353 0.9032595157623291 0.007291666666666667 0.012962962962962963
2 0.6976090669631958 0.9067186117172241 0.007291666666666667 0.012962962962962963
2 0.8035809993743896 0.9120478630065918 0.007291666666666667 0.012962962962962963
