1 0.2508043348789215 0.5379157662391663 0.023958333333333335 0.04259259259259259
4 0.17881157994270325 0.42910078167915344 0.024479166666666666 0.04259259259259259
4 0.2919120192527771 0.35600927472114563 0.025 0.04351851851851852
4 0.3322829604148865 0.4745757579803467 0.025520833333333333 0.04259259259259259
4 0.31363555788993835 0.8247107267379761 0.024479166666666666 0.04259259259259259
4 0.3865334689617157 0.79979008436203 0.024479166666666666 0.04351851851851852
0 0.7266473174095154 0.49719735980033875 0.023958333333333335 0.041666666666666664
3 0.8699858784675598 0.3847152292728424 0.024479166666666666 0.040740740740740744
2 0.9309206604957581 0.6725571751594543 0.007291666666666667 0.012962962962962963
2 0.9269086718559265 0.49300599098205566 0.007291666666666667 0.012962962962962963
2 0.9228910207748413 0.3125148415565491 0.007291666666666667 0.012962962962962963
2 0.7943556308746338 0.09608448296785355 0.007291666666666667 0.012962962962962963
2 0.6922803521156311 0.10005791485309601 0.007291666666666667 0.012962962962962963
2 0.5890696048736572 0.10095315426588058 0.007291666666666667 0.012962962962962963
2 0.3844934403896332 0.1053684800863266 0.007291666666666667 0.012962962962962963
2 0.28259366750717163 0.10579685121774673 0.007291666666666667 0.012962962962962963
2 0.1785702407360077 0.10714774578809738 0.007291666666666667 0.012962962962962963
2 0.05001850053668022 0.3273692727088928 0.007291666666666667 0.012962962962962963
2 0.04991016536951065 0.5085058808326721 0.007291666666666667 0.012962962962962963
2 0.050065550953149796 0.6927537322044373 0.007291666666666667 0.012962962962962963
2 0.1799413114786148 0.9133192896842957 0.007291666666666667 0.012962962962962963
2 0.28557300567626953 0.9089252948760986 0.007291666666666667 0.012962962962962963
2 0.3893209397792816 0.9072862863540649 0.007291666666666667 0.012962962962962963
2 0.5970916748046875 0.9026451110839844 0.007291666666666667 0.012962962962962963
2 0.7011150121688843 0.9000959396362305 0.007291666666666667 0.012962962962962963
2 0.8063729405403137 0.899329662322998 0.007291666666666667 0.012962962962962963
