3 0.8149303197860718 0.2115134298801422 0.0234375 0.040740740740740744
3 0.8160803318023682 0.32361409068107605 0.022916666666666665 0.03981481481481482
4 0.7770949006080627 0.549061119556427 0.023958333333333335 0.041666666666666664
4 0.7669617533683777 0.7744988203048706 0.024479166666666666 0.04259259259259259
3 0.7329998016357422 0.7475032806396484 0.022395833333333334 0.040740740740740744
1 0.7231958508491516 0.5422964096069336 0.024479166666666666 0.040740740740740744
3 0.6180065274238586 0.4182083308696747 0.023958333333333335 0.040740740740740744
0 0.6031854748725891 0.58478844165802 0.022395833333333334 0.040740740740740744
4 0.5953729748725891 0.6832262277603149 0.022916666666666665 0.041666666666666664
3 0.570062518119812 0.5920730233192444 0.0234375 0.041666666666666664
4 0.49815452098846436 0.46804144978523254 0.0234375 0.03888888888888889
4 0.4493514895439148 0.5993937849998474 0.0234375 0.041666666666666664
4 0.253633588552475 0.7760888338088989 0.0234375 0.040740740740740744
2 0.08957923948764801 0.6926954984664917 0.007291666666666667 0.012962962962962963
2 0.08978614956140518 0.5188100934028625 0.007291666666666667 0.012962962962962963
2 0.08974491059780121 0.34374070167541504 0.007291666666666667 0.012962962962962963
2 0.21077829599380493 0.12777721881866455 0.007291666666666667 0.012962962962962963
2 0.3101045489311218 0.12677067518234253 0.007291666666666667 0.012962962962962963
2 0.4098060727119446 0.12664812803268433 0.007291666666666667 0.012962962962962963
2 0.6075629591941833 0.12332307547330856 0.007291666666666667 0.012962962962962963
2 0.7086558938026428 0.1209573969244957 0.007291666666666667 0.012962962962962963
2 0.8103926181793213 0.11857888847589493 0.007291666666666667 0.012962962962962963
2 0.9342275261878967 0.333530455827713 0.007291666666666667 0.012962962962962963
2 0.9332572817802429 0.5118811726570129 0.007291666666666667 0.012962962962962963
2 0.933570146560669 0.6894604563713074 0.007291666666666667 0.012962962962962963
2 0.8084915280342102 0.9071850180625916 0.007291666666666667 0.012962962962962963
2 0.7069063186645508 0.9076013565063477 0.007291666666666667 0.012962962962962963
2 0.6069734692573547 0.9075742959976196 0.007291666666666667 0.012962962962962963
2 0.40848514437675476 0.9079610705375671 0.007291666666666667 0.012962962962962963
2 0.3099256157875061 0.9066147208213806 0.007291666666666667 0.012962962962962963
2 0.20999117195606232 0.9070281386375427 0.007291666666666667 0.012962962962962963
