3 0.2034931778907776 0.19161230325698853 0.0234375 0.040740740740740744
3 0.20152677595615387 0.30494484305381775 0.022916666666666665 0.03981481481481482
4 0.2390507310628891 0.5347826480865479 0.023958333333333335 0.041666666666666664
4 0.24782975018024445 0.7671143412590027 0.024479166666666666 0.04259259259259259
3 0.2822800278663635 0.7390968203544617 0.022395833333333334 0.040740740740740744
1 0.29322293400764465 0.5278472304344177 0.024479166666666666 0.040740740740740744
3 0.39903488755226135 0.40125346183776855 0.023958333333333335 0.040740740740740744
0 0.413491815328598 0.571361780166626 0.022395833333333334 0.040740740740740744
4 0.4211388826370239 0.6725301146507263 0.022916666666666665 0.041666666666666664
3 0.44669678807258606 0.578816831111908 0.0234375 0.041666666666666664
4 0.518694281578064 0.4520598351955414 0.0234375 0.03888888888888889
4 0.5676301121711731 0.5862624645233154 0.0234375 0.041666666666666664
4 0.7644054293632507 0.7677624821662903 0.0234375 0.040740740740740744
2 0.927737295627594 0.6816476583480835 0.007291666666666667 0.012962962962962963
2 0.9256877899169922 0.5038866996765137 0.007291666666666667 0.012962962962962963
2 0.9238889217376709 0.3264507055282593 0.007291666666666667 0.012962962962962963
2 0.8024402260780334 0.109279103577137 0.007291666666666667 0.012962962962962963
2 0.7044467926025391 0.10795845091342926 0.007291666666666667 0.012962962962962963
2 0.605939507484436 0.10751944035291672 0.007291666666666667 0.012962962962962963
2 0.41011130809783936 0.10355749726295471 0.007291666666666667 0.012962962962962963
2 0.30978870391845703 0.10085985064506531 0.007291666666666667 0.012962962962962963
2 0.208680659532547 0.09814335405826569 0.007291666666666667 0.012962962962962963
2 0.083187036216259 0.3148125410079956 0.007291666666666667 0.012962962962962963
2 0.08232377469539642 0.49668416380882263 0.007291666666666667 0.012962962962962963
2 0.08016376197338104 0.6793766617774963 0.007291666666666667 0.012962962962962963
2 0.20488306879997253 0.9052124619483948 0.007291666666666667 0.012962962962962963
2 0.30784595012664795 0.9053382277488708 0.007291666666666667 0.012962962962962963
2 0.4089764952659607 0.9050068855285645 0.007291666666666667 0.012962962962962963
2 0.6093736290931702 0.9048084616661072 0.007291666666666667 0.012962962962962963
2 0.7086422443389893 0.903110921382904 0.007291666666666667 0.012962962962962963
2 0.809145987033844 0.9032398462295532 0.007291666666666667 0.012962962962962963
