2 0.25283172726631165 0.4652404189109802 0.003607142857142857 0.003485714285714286
2 0.3165728747844696 0.4511617422103882 0.0034226190476190476 0.0028857142857142857
2 0.37556949257850647 0.43787243962287903 0.0032976190476190475 0.0028857142857142857
2 0.4914149343967438 0.44691070914268494 0.0034226190476190476 0.003880952380952381
2 0.5314401984214783 0.46826601028442383 0.0034226190476190476 0.0025857142857142854
2 0.575361967086792 0.4921838939189911 0.003794642857142857 0.003680952380952381
2 0.67783522605896 0.5468551516532898 0.004229166666666667 0.003780952380952381
2 0.7390400767326355 0.5795806050300598 0.004541666666666667 0.003185714285714286
2 0.8074174523353577 0.616266667842865 0.005101190476190476 0.004480952380952381
2 0.8291075229644775 0.715765118598938 0.0061577380952380955 0.005376190476190475
2 0.7573925852775574 0.7552992701530457 0.006282738095238095 0.006071428571428571
2 0.6761214733123779 0.8003379106521606 0.0061577380952380955 0.006271428571428571
2 0.46066415309906006 0.7749237418174744 0.005598214285714285 0.006571428571428572
2 0.3999181091785431 0.7154735922813416 0.005785714285714286 0.0057714285714285714
2 0.3479709327220917 0.6650059223175049 0.005351190476190476 0.004876190476190477
2 0.2645263373851776 0.5833951830863953 0.004604166666666667 0.004580952380952381
2 0.2299281507730484 0.5493502020835876 0.004976190476190476 0.004180952380952381
2 0.19912388920783997 0.5188347101211548 0.004479166666666667 0.003780952380952381
4 0.3346278667449951 0.5016809105873108 0.012877976190476191 0.022395238095238097
4 0.5581093430519104 0.7510005831718445 0.02000297619047619 0.03488095238095238
4 0.49577662348747253 0.6507039070129395 0.017080357142857144 0.030204761904761904
4 0.6510173082351685 0.6334315538406372 0.017080357142857144 0.028766666666666666
4 0.6414580345153809 0.6483145356178284 0.016404761904761905 0.028047619047619047
4 0.6328898072242737 0.6657931804656982 0.018202380952380953 0.02912380952380952
4 0.5784716010093689 0.5389713048934937 0.01393452380952381 0.023014285714285713
3 0.5539405941963196 0.5279536247253418 0.01393452380952381 0.021933333333333336
3 0.48200270533561707 0.5260122418403625 0.013485119047619048 0.021933333333333336
3 0.5717089772224426 0.6066725850105286 0.015732142857142858 0.026609523809523812
3 0.5765150785446167 0.6621577143669128 0.016854166666666667 0.028766666666666666
3 0.6158927083015442 0.7394864559173584 0.019776785714285715 0.032004761904761904
3 0.7219035029411316 0.6759794354438782 0.017979166666666664 0.030204761904761904
0 0.6263939142227173 0.6517724394798279 0.01663095238095238 0.028766666666666666
1 0.4576503336429596 0.49770694971084595 0.011910714285714287 0.02265238095238095
