2 0.23915623128414154 0.4607762396335602 0.003607142857142857 0.003485714285714286
2 0.30214908719062805 0.4460463225841522 0.0034226190476190476 0.0028857142857142857
2 0.3607233464717865 0.43208885192871094 0.0032976190476190475 0.0028857142857142857
2 0.4765067994594574 0.44009923934936523 0.0034226190476190476 0.003880952380952381
2 0.5167811512947083 0.4614015817642212 0.0034226190476190476 0.0025857142857142854
2 0.5611506700515747 0.48536208271980286 0.003794642857142857 0.003680952380952381
2 0.6653818488121033 0.5404925346374512 0.004229166666666667 0.003780952380952381
2 0.7281181812286377 0.5737488269805908 0.004541666666666667 0.003185714285714286
2 0.7986376881599426 0.6112600564956665 0.005101190476190476 0.004480952380952381
2 0.8214789032936096 0.7139844298362732 0.0061577380952380955 0.005376190476190475
2 0.7475635409355164 0.7546632289886475 0.006282738095238095 0.006071428571428571
2 0.6642405390739441 0.8007631897926331 0.0061577380952380955 0.006271428571428571
2 0.44560757279396057 0.7737501263618469 0.005598214285714285 0.006571428571428572
2 0.38472482562065125 0.713054358959198 0.005785714285714286 0.0057714285714285714
2 0.3329636752605438 0.661828875541687 0.005351190476190476 0.004876190476190477
2 0.2503979206085205 0.579569399356842 0.004604166666666667 0.004580952380952381
2 0.21637243032455444 0.5454612374305725 0.004976190476190476 0.004180952380952381
2 0.1861805021762848 0.5149908661842346 0.004479166666666667 0.003780952380952381
4 0.3199583888053894 0.49680042266845703 0.012877976190476191 0.022395238095238097
4 0.5439626574516296 0.7496360540390015 0.02000297619047619 0.03488095238095238
4 0.4809366464614868 0.6471633911132812 0.017080357142857144 0.030204761904761904
4 0.6382176280021667 0.6292684674263 0.017080357142857144 0.028766666666666666
4 0.6285042762756348 0.6445347666740417 0.016404761904761905 0.028047619047619047
4 0.6198093295097351 0.6624535918235779 0.018202380952380953 0.02912380952380952
4 0.564353883266449 0.5330082178115845 0.01393452380952381 0.023014285714285713
3 0.539531946182251 0.5219330787658691 0.01393452380952381 0.021933333333333336
3 0.46706441044807434 0.5204153060913086 0.013485119047619048 0.021933333333333336
3 0.5575860142707825 0.602100670337677 0.015732142857142858 0.026609523809523812
3 0.5625206232070923 0.6587714552879333 0.016854166666666667 0.028766666666666666
3 0.6026334166526794 0.7379934787750244 0.019776785714285715 0.032004761904761904
3 0.7108280062675476 0.6728763580322266 0.017979166666666664 0.030204761904761904
0 0.6131699085235596 0.6480962038040161 0.01663095238095238 0.028766666666666666
1 0.4426347315311432 0.49187371134757996 0.011910714285714287 0.02265238095238095
