4 0.2724885940551758 0.5760077238082886 0.017461309523809525 0.027047619047619046
1 0.3390282094478607 0.38274073600769043 0.019877976190476192 0.028833333333333332
3 0.41541588306427 0.41250360012054443 0.017089285714285713 0.026157142857142858
3 0.4632489085197449 0.31421640515327454 0.015419642857142857 0.02556190476190476
4 0.49817124009132385 0.30395975708961487 0.015604166666666667 0.024671428571428573
3 0.6026525497436523 0.45454683899879456 0.01467559523809524 0.026157142857142858
4 0.6813458204269409 0.4090752899646759 0.017833333333333333 0.027342857142857144
4 0.6945350170135498 0.4482995569705963 0.017089285714285713 0.025266666666666666
4 0.7102361917495728 0.48607614636421204 0.017276785714285713 0.028533333333333334
3 0.67922443151474 0.5452820658683777 0.015976190476190477 0.027342857142857144
4 0.6255645155906677 0.6205127239227295 0.016348214285714285 0.024671428571428573
3 0.7646743059158325 0.4041213095188141 0.017276785714285713 0.026157142857142858
3 0.776660144329071 0.6119592189788818 0.015976190476190477 0.025857142857142856
4 0.7631582617759705 0.6833394169807434 0.016532738095238093 0.028833333333333332
0 0.6913658976554871 0.4724562466144562 0.016910714285714286 0.025123809523809524
2 0.24715591967105865 0.8101818561553955 0.005241071428571428 0.008857142857142859
2 0.33086860179901123 0.811007559299469 0.0050654761904761906 0.008576190476190477
2 0.4150131642818451 0.8109551072120667 0.0047708333333333335 0.008199999999999999
2 0.5831401348114014 0.8118250966072083 0.005005952380952381 0.008104761904761905
2 0.6677089929580688 0.8117730617523193 0.005300595238095238 0.007914285714285714
2 0.7525373101234436 0.812042772769928 0.004889880952380952 0.008199999999999999
2 0.8613179326057434 0.6400558352470398 0.0050178571428571425 0.007895238095238094
2 0.8608072400093079 0.5053172707557678 0.0051875 0.008166666666666666
2 0.8608096241950989 0.36993157863616943 0.0050178571428571425 0.008438095238095238
2 0.7511010766029358 0.19736942648887634 0.005699404761904761 0.008980952380952381
2 0.6660800576210022 0.19760656356811523 0.005782738095238095 0.008438095238095238
2 0.5811367034912109 0.19770772755146027 0.005104166666666667 0.009252380952380953
2 0.412276953458786 0.19897934794425964 0.00544345238095238 0.008438095238095238
2 0.3278143107891083 0.19994935393333435 0.005357142857142857 0.0077571428571428565
2 0.24355094134807587 0.20051991939544678 0.0052738095238095235 0.00870952380952381
2 0.13706442713737488 0.37207862734794617 0.005699404761904761 0.008438095238095238
2 0.1377687007188797 0.5063575506210327 0.004934523809523809 0.008438095238095238
2 0.13847121596336365 0.6397321224212646 0.0051875 0.007619047619047619
