4 0.7257442474365234 0.5762383341789246 0.017461309523809525 0.027047619047619046
1 0.6583964824676514 0.3857603073120117 0.019877976190476192 0.028833333333333332
3 0.5830347537994385 0.41564464569091797 0.017089285714285713 0.026157142857142858
3 0.5347900986671448 0.3186569809913635 0.015419642857142857 0.02556190476190476
4 0.5000764727592468 0.3086896538734436 0.015604166666666667 0.024671428571428573
3 0.39783942699432373 0.4583829939365387 0.01467559523809524 0.026157142857142858
4 0.31928879022598267 0.4138459861278534 0.017833333333333333 0.027342857142857144
4 0.30657821893692017 0.452770859003067 0.017089285714285713 0.025266666666666666
4 0.2913614809513092 0.4902700185775757 0.017276785714285713 0.028533333333333334
3 0.32273632287979126 0.5486524105072021 0.015976190476190477 0.027342857142857144
4 0.3766970634460449 0.6226587891578674 0.016348214285714285 0.024671428571428573
3 0.23644286394119263 0.4094367027282715 0.017276785714285713 0.026157142857142858
3 0.22666843235492706 0.6152795553207397 0.015976190476190477 0.025857142857142856
4 0.24080781638622284 0.6857554912567139 0.016532738095238093 0.028833333333333332
0 0.309964656829834 0.4766671657562256 0.016910714285714286 0.025123809523809524
2 0.7525894641876221 0.806831419467926 0.005241071428571428 0.008857142857142859
2 0.6699764728546143 0.8083264231681824 0.0050654761904761906 0.008576190476190477
2 0.5868531465530396 0.8089611530303955 0.0047708333333333335 0.008199999999999999
2 0.4205438494682312 0.8111923933029175 0.005005952380952381 0.008104761904761905
2 0.33676794171333313 0.8118331432342529 0.005300595238095238 0.007914285714285714
2 0.2526593804359436 0.8127943277359009 0.004889880952380952 0.008199999999999999
2 0.14284493029117584 0.6436809301376343 0.0050178571428571425 0.007895238095238094
2 0.1419113129377365 0.5102980732917786 0.0051875 0.008166666666666666
2 0.14045889675617218 0.37610703706741333 0.0050178571428571425 0.008438095238095238
2 0.2478254735469818 0.20428696274757385 0.005699404761904761 0.008980952380952381
2 0.3323768377304077 0.20411109924316406 0.005782738095238095 0.008438095238095238
2 0.4167696535587311 0.20380088686943054 0.005104166666666667 0.009252380952380953
2 0.584307849407196 0.20424595475196838 0.00544345238095238 0.008438095238095238
2 0.6679936647415161 0.20479904115200043 0.005357142857142857 0.0077571428571428565
2 0.7514001727104187 0.20495708286762238 0.0052738095238095235 0.00870952380952381
2 0.8579387664794922 0.3740524649620056 0.005699404761904761 0.008438095238095238
2 0.8582225441932678 0.5066189169883728 0.004934523809523809 0.008438095238095238
2 0.858501136302948 0.6381277441978455 0.0051875 0.007619047619047619
