4 0.7235005497932434 0.5660202503204346 0.017461309523809525 0.027047619047619046
1 0.6557402014732361 0.37486031651496887 0.019877976190476192 0.028833333333333332
3 0.5800487399101257 0.4049716293811798 0.017089285714285713 0.026157142857142858
3 0.5320083498954773 0.30831432342529297 0.015419642857142857 0.02556190476190476
4 0.49734991788864136 0.29852786660194397 0.015604166666666667 0.024671428571428573
3 0.3944707214832306 0.4481618106365204 0.01467559523809524 0.026157142857142858
4 0.31639134883880615 0.40389004349708557 0.017833333333333333 0.027342857142857144
4 0.3034321367740631 0.44275540113449097 0.017089285714285713 0.025266666666666666
4 0.28797027468681335 0.48024487495422363 0.017276785714285713 0.028533333333333334
3 0.31883764266967773 0.538633406162262 0.015976190476190477 0.027342857142857144
4 0.3723108172416687 0.6128988265991211 0.016348214285714285 0.024671428571428573
3 0.2339715212583542 0.3997232913970947 0.017276785714285713 0.026157142857142858
3 0.2223719209432602 0.6055058240890503 0.015976190476190477 0.025857142857142856
4 0.23585379123687744 0.6763314604759216 0.016532738095238093 0.028833333333333332
0 0.3066268861293793 0.46661582589149475 0.016910714285714286 0.025123809523809524
2 0.7508096694946289 0.7996198534965515 0.005241071428571428 0.008857142857142859
2 0.6670533418655396 0.8009507060050964 0.0050654761904761906 0.008576190476190477
2 0.5829545259475708 0.8014039993286133 0.0047708333333333335 0.008199999999999999
2 0.4152136743068695 0.8032823204994202 0.005005952380952381 0.008104761904761905
2 0.3309822380542755 0.8037363290786743 0.005300595238095238 0.007914285714285714
2 0.24659112095832825 0.8045126795768738 0.004889880952380952 0.008199999999999999
2 0.13851332664489746 0.6340062022209167 0.0050178571428571425 0.007895238095238094
2 0.13901802897453308 0.5004957318305969 0.0051875 0.008166666666666666
2 0.1390146166086197 0.36685848236083984 0.0050178571428571425 0.008438095238095238
2 0.24707132577896118 0.19616062939167023 0.005699404761904761 0.008980952380952381
2 0.33092477917671204 0.19553837180137634 0.005782738095238095 0.008438095238095238
2 0.414798378944397 0.19478259980678558 0.005104166666666667 0.009252380952380953
2 0.5818270444869995 0.1943303644657135 0.00544345238095238 0.008438095238095238
2 0.665522575378418 0.1944323480129242 0.005357142857142857 0.0077571428571428565
2 0.7491155862808228 0.1941431760787964 0.0052738095238095235 0.00870952380952381
2 0.8566281199455261 0.3625056743621826 0.005699404761904761 0.008438095238095238
2 0.8572938442230225 0.49570679664611816 0.004934523809523809 0.008438095238095238
2 0.8579546213150024 0.6285130977630615 0.0051875 0.007619047619047619
