4 0.27729684114456177 0.5695279240608215 0.017461309523809525 0.027047619047619046
1 0.34716877341270447 0.38059306144714355 0.019877976190476192 0.028833333333333332
3 0.4222722053527832 0.41143274307250977 0.017089285714285713 0.026157142857142858
3 0.471624493598938 0.31573039293289185 0.015419642857142857 0.02556190476190476
4 0.5063796043395996 0.30638015270233154 0.015604166666666667 0.024671428571428573
3 0.6064217686653137 0.45645490288734436 0.01467559523809524 0.026157142857142858
4 0.6849222183227539 0.41340169310569763 0.017833333333333333 0.027342857142857144
4 0.6970721483230591 0.4521277844905853 0.017089285714285713 0.025266666666666666
4 0.7117170691490173 0.48946109414100647 0.017276785714285713 0.028533333333333334
3 0.6799435615539551 0.5468918681144714 0.015976190476190477 0.027342857142857144
4 0.6255212426185608 0.6196302771568298 0.016348214285714285 0.024671428571428573
3 0.7670029401779175 0.41021427512168884 0.017276785714285713 0.026157142857142858
3 0.7743033766746521 0.6139527559280396 0.015976190476190477 0.025857142857142856
4 0.7595102787017822 0.6835379004478455 0.016532738095238093 0.028833333333333332
0 0.6934393644332886 0.4757479727268219 0.016910714285714286 0.025123809523809524
2 0.24753916263580322 0.7993259429931641 0.005241071428571428 0.008857142857142859
2 0.3305196762084961 0.8014729619026184 0.0050654761904761906 0.008576190476190477
2 0.4137968122959137 0.8027619123458862 0.0047708333333333335 0.008199999999999999
2 0.5797249674797058 0.8062845468521118 0.005005952380952381 0.008104761904761905
2 0.6629741191864014 0.8075728416442871 0.005300595238095238 0.007914285714285714
2 0.746321976184845 0.8091772794723511 0.004889880952380952 0.008199999999999999
2 0.8567430973052979 0.6429247260093689 0.0050178571428571425 0.007895238095238094
2 0.8591840267181396 0.5111730098724365 0.0051875 0.008166666666666666
2 0.8621450662612915 0.378663033246994 0.0050178571428571425 0.008438095238095238
2 0.7581042051315308 0.20713555812835693 0.005699404761904761 0.008980952380952381
2 0.6743717193603516 0.205477774143219 0.005782738095238095 0.008438095238095238
2 0.5905674695968628 0.2036849856376648 0.005104166666666667 0.009252380952380953
2 0.42350006103515625 0.20116621255874634 0.00544345238095238 0.008438095238095238
2 0.3397020995616913 0.20023223757743835 0.005357142857142857 0.0077571428571428565
2 0.25595971941947937 0.198906809091568 0.0052738095238095235 0.00870952380952381
2 0.14661361277103424 0.36593177914619446 0.005699404761904761 0.008438095238095238
2 0.1447218954563141 0.49839338660240173 0.004934523809523809 0.008438095238095238
2 0.14284783601760864 0.629827618598938 0.0051875 0.007619047619047619
