4 0.27696821093559265 0.5686445832252502 0.017461309523809525 0.027047619047619046
1 0.34312593936920166 0.38086068630218506 0.019877976190476192 0.028833333333333332
3 0.41938892006874084 0.40987280011177063 0.017089285714285713 0.026157142857142858
3 0.46698424220085144 0.3144386112689972 0.015419642857142857 0.02556190476190476
4 0.5017747282981873 0.3045375943183899 0.015604166666666667 0.024671428571428573
3 0.6057765483856201 0.4508218765258789 0.01467559523809524 0.026157142857142858
4 0.6839162111282349 0.4068130850791931 0.017833333333333333 0.027342857142857144
4 0.696991503238678 0.4448273777961731 0.017089285714285713 0.025266666666666666
4 0.7125496864318848 0.48141759634017944 0.017276785714285713 0.028533333333333334
3 0.6817813515663147 0.5387267470359802 0.015976190476190477 0.027342857142857144
4 0.6285418272018433 0.6115590333938599 0.016348214285714285 0.024671428571428573
3 0.7665470838546753 0.40210020542144775 0.017276785714285713 0.026157142857142858
3 0.7782812118530273 0.603166401386261 0.015976190476190477 0.025857142857142856
4 0.7648733258247375 0.6721433997154236 0.016532738095238093 0.028833333333333332
0 0.6938412189483643 0.46822211146354675 0.016910714285714286 0.025123809523809524
2 0.25208741426467896 0.7958745956420898 0.005241071428571428 0.008857142857142859
2 0.3355933427810669 0.7964636087417603 0.0050654761904761906 0.008576190476190477
2 0.419400691986084 0.7962008714675903 0.0047708333333333335 0.008199999999999999
2 0.5864715576171875 0.7966189384460449 0.005005952380952381 0.008104761904761905
2 0.6703165173530579 0.7963560223579407 0.005300595238095238 0.007914285714285714
2 0.7542896270751953 0.7964032292366028 0.004889880952380952 0.008199999999999999
2 0.861970067024231 0.6302298903465271 0.0050178571428571425 0.007895238095238094
2 0.8616101145744324 0.5000695586204529 0.0051875 0.008166666666666666
2 0.8617580533027649 0.3691151738166809 0.0050178571428571425 0.008438095238095238
2 0.7532116770744324 0.20164050161838531 0.005699404761904761 0.008980952380952381
2 0.6687982678413391 0.2016260027885437 0.005782738095238095 0.008438095238095238
2 0.5843319296836853 0.20147955417633057 0.005104166666666667 0.009252380952380953
2 0.41603392362594604 0.2022298276424408 0.00544345238095238 0.008438095238095238
2 0.33165937662124634 0.20293131470680237 0.005357142857142857 0.0077571428571428565
2 0.2473544329404831 0.20324499905109406 0.0052738095238095235 0.00870952380952381
2 0.1410369575023651 0.3702196180820465 0.005699404761904761 0.008438095238095238
2 0.1420612931251526 0.5009585618972778 0.004934523809523809 0.008438095238095238
2 0.1430804431438446 0.6306487321853638 0.0051875 0.007619047619047619
