3 0.8723282217979431 0.6744479537010193 0.022916666666666665 0.040740740740740744
3 0.7501660585403442 0.2714712917804718 0.0234375 0.040740740740740744
3 0.7012326717376709 0.6152257919311523 0.0234375 0.040740740740740744
3 0.6859477758407593 0.7662508487701416 0.022916666666666665 0.040740740740740744
1 0.6684504151344299 0.616558849811554 0.0234375 0.041666666666666664
4 0.6371608376502991 0.6197208166122437 0.023958333333333335 0.041666666666666664
3 0.6214856505393982 0.7249532341957092 0.022916666666666665 0.040740740740740744
4 0.4879639744758606 0.5032816529273987 0.023958333333333335 0.041666666666666664
0 0.46665409207344055 0.3649391233921051 0.022395833333333334 0.040740740740740744
4 0.4549151062965393 0.4215233325958252 0.023958333333333335 0.041666666666666664
3 0.39350929856300354 0.5770639181137085 0.021875 0.040740740740740744
4 0.18770429491996765 0.7061923742294312 0.023958333333333335 0.041666666666666664
2 0.18063978850841522 0.0985134020447731 0.007291666666666667 0.012962962962962963
2 0.2768862843513489 0.0984082892537117 0.007291666666666667 0.012962962962962963
2 0.37403956055641174 0.09744282811880112 0.007291666666666667 0.012962962962962963
2 0.5726732015609741 0.09590722620487213 0.007291666666666667 0.012962962962962963
2 0.6749535202980042 0.09312772750854492 0.007291666666666667 0.012962962962962963
2 0.7785331606864929 0.09119857847690582 0.007291666666666667 0.012962962962962963
2 0.914459764957428 0.3077191114425659 0.007291666666666667 0.012962962962962963
2 0.9196465611457825 0.490079402923584 0.007291666666666667 0.012962962962962963
2 0.9237375259399414 0.6719534993171692 0.007291666666666667 0.012962962962962963
2 0.7978561520576477 0.8924862146377563 0.007291666666666667 0.012962962962962963
2 0.6921550035476685 0.8883383274078369 0.007291666666666667 0.012962962962962963
2 0.5877686738967896 0.882882833480835 0.007291666666666667 0.012962962962962963
2 0.3852030634880066 0.8718441724777222 0.007291666666666667 0.012962962962962963
2 0.2869221568107605 0.8671466112136841 0.007291666666666667 0.012962962962962963
2 0.18786831200122833 0.8628509640693665 0.007291666666666667 0.012962962962962963
2 0.06807004660367966 0.6448911428451538 0.007291666666666667 0.012962962962962963
2 0.06742776930332184 0.47508636116981506 0.007291666666666667 0.012962962962962963
2 0.06606536358594894 0.3051568269729614 0.007291666666666667 0.012962962962962963
