3 0.11654561012983322 0.6795152425765991 0.022916666666666665 0.040740740740740744
3 0.22681039571762085 0.2824547290802002 0.0234375 0.040740740740740744
3 0.27974021434783936 0.6272428631782532 0.0234375 0.040740740740740744
3 0.29697054624557495 0.7786765694618225 0.022916666666666665 0.040740740740740744
1 0.3117758333683014 0.6297498345375061 0.0234375 0.041666666666666664
4 0.34255117177963257 0.6340542435646057 0.023958333333333335 0.041666666666666664
3 0.35957813262939453 0.740385890007019 0.022916666666666665 0.040740740740740744
4 0.4897770583629608 0.5209264159202576 0.023958333333333335 0.041666666666666664
0 0.5094702839851379 0.3799608647823334 0.022395833333333334 0.040740740740740744
4 0.5221921801567078 0.43812742829322815 0.023958333333333335 0.041666666666666664
3 0.5871127843856812 0.5993247628211975 0.021875 0.040740740740740744
4 0.8041375279426575 0.7414095997810364 0.023958333333333335 0.041666666666666664
2 0.8047640323638916 0.103517547249794 0.007291666666666667 0.012962962962962963
2 0.7024288177490234 0.10438361763954163 0.007291666666666667 0.012962962962962963
2 0.6009067296981812 0.1043507382273674 0.007291666666666667 0.012962962962962963
2 0.39874330163002014 0.10473227500915527 0.007291666666666667 0.012962962962962963
2 0.2973438799381256 0.10291340947151184 0.007291666666666667 0.012962962962962963
2 0.1964922547340393 0.10199131816625595 0.007291666666666667 0.012962962962962963
2 0.07060610502958298 0.3172856569290161 0.007291666666666667 0.012962962962962963
2 0.06885185092687607 0.4967479705810547 0.007291666666666667 0.012962962962962963
2 0.06812318414449692 0.6750481128692627 0.007291666666666667 0.012962962962962963
2 0.19091401994228363 0.8978849053382874 0.007291666666666667 0.012962962962962963
2 0.29280102252960205 0.8999902606010437 0.007291666666666667 0.012962962962962963
2 0.39525240659713745 0.9007428884506226 0.007291666666666667 0.012962962962962963
2 0.5995064973831177 0.9017810225486755 0.007291666666666667 0.012962962962962963
2 0.7013012170791626 0.9029772877693176 0.007291666666666667 0.012962962962962963
2 0.8057408928871155 0.9046612977981567 0.007291666666666667 0.012962962962962963
2 0.9324060082435608 0.6824527978897095 0.007291666666666667 0.012962962962962963
2 0.9313568472862244 0.5028244853019714 0.007291666666666667 0.012962962962962963
2 0.9310903549194336 0.3224738836288452 0.007291666666666667 0.012962962962962963
