3 0.8759765625 0.17332351207733154 0.024479166666666666 0.04259259259259259
4 0.38942039012908936 0.16971056163311005 0.024479166666666666 0.04351851851851852
4 0.3719068765640259 0.4581124186515808 0.025 0.04259259259259259
4 0.2795640230178833 0.39737018942832947 0.023958333333333335 0.04259259259259259
0 0.2832784354686737 0.5721022486686707 0.0234375 0.040740740740740744
1 0.15106935799121857 0.33453235030174255 0.024479166666666666 0.04351851851851852
3 0.1517798900604248 0.6696075797080994 0.024479166666666666 0.041666666666666664
4 0.1799943596124649 0.716673731803894 0.025 0.04259259259259259
2 0.2358579784631729 0.09751901775598526 0.007291666666666667 0.012962962962962963
2 0.33798646926879883 0.10071953386068344 0.007291666666666667 0.012962962962962963
2 0.43861010670661926 0.1038706973195076 0.007291666666666667 0.012962962962962963
2 0.6342532634735107 0.10657097399234772 0.007291666666666667 0.012962962962962963
2 0.7296084761619568 0.10704374313354492 0.007291666666666667 0.012962962962962963
2 0.8224551677703857 0.10958859324455261 0.007291666666666667 0.012962962962962963
2 0.9382982850074768 0.3156004250049591 0.007291666666666667 0.012962962962962963
2 0.9396083354949951 0.48397526144981384 0.007291666666666667 0.012962962962962963
2 0.9411477446556091 0.6527226567268372 0.007291666666666667 0.012962962962962963
2 0.8279252648353577 0.8662197589874268 0.007291666666666667 0.012962962962962963
2 0.7330010533332825 0.8705843091011047 0.007291666666666667 0.012962962962962963
2 0.6371707320213318 0.8762847781181335 0.007291666666666667 0.012962962962962963
2 0.4405277967453003 0.8875472545623779 0.007291666666666667 0.012962962962962963
2 0.33911803364753723 0.8940233588218689 0.007291666666666667 0.012962962962962963
2 0.23434267938137054 0.9002470374107361 0.007291666666666667 0.012962962962962963
2 0.10408491641283035 0.6791414618492126 0.007291666666666667 0.012962962962962963
2 0.10528172552585602 0.49654483795166016 0.007291666666666667 0.012962962962962963
2 0.10648110508918762 0.31173333525657654 0.007291666666666667 0.012962962962962963
