3 0.13525690138339996 0.15131576359272003 0.024479166666666666 0.04259259259259259
4 0.6523951888084412 0.16187144815921783 0.024479166666666666 0.04351851851851852
4 0.6683221459388733 0.45943495631217957 0.025 0.04259259259259259
4 0.7615116238594055 0.39728960394859314 0.023958333333333335 0.04259259259259259
0 0.7568919658660889 0.5764493942260742 0.0234375 0.040740740740740744
1 0.8882691860198975 0.334593802690506 0.024479166666666666 0.04351851851851852
3 0.8863179087638855 0.6741716265678406 0.024479166666666666 0.041666666666666664
4 0.8585112690925598 0.7227439284324646 0.025 0.04259259259259259
2 0.8062877655029297 0.09302737563848495 0.007291666666666667 0.012962962962962963
2 0.704719603061676 0.09276486933231354 0.007291666666666667 0.012962962962962963
2 0.6027334928512573 0.0924990177154541 0.007291666666666667 0.012962962962962963
2 0.39882609248161316 0.08836620301008224 0.007291666666666667 0.012962962962962963
2 0.2966521084308624 0.08540070801973343 0.007291666666666667 0.012962962962962963
2 0.19531358778476715 0.08469102531671524 0.007291666666666667 0.012962962962962963
2 0.06347300112247467 0.3038803040981293 0.007291666666666667 0.012962962962962963
2 0.05966326221823692 0.48738691210746765 0.007291666666666667 0.012962962962962963
2 0.05557180941104889 0.6720889806747437 0.007291666666666667 0.012962962962962963
2 0.1800200194120407 0.9019008874893188 0.007291666666666667 0.012962962962962963
2 0.2846406400203705 0.9025641679763794 0.007291666666666667 0.012962962962962963
2 0.38831081986427307 0.9046064019203186 0.007291666666666667 0.012962962962962963
2 0.5951840877532959 0.9082248210906982 0.007291666666666667 0.012962962962962963
2 0.698898196220398 0.9107338786125183 0.007291666666666667 0.012962962962962963
2 0.8040162920951843 0.91279536485672 0.007291666666666667 0.012962962962962963
2 0.932641863822937 0.6829110383987427 0.007291666666666667 0.012962962962962963
2 0.9320783019065857 0.4983218014240265 0.007291666666666667 0.012962962962962963
2 0.9315215349197388 0.31220322847366333 0.007291666666666667 0.012962962962962963
