4 0.8337717056274414 0.7165619730949402 0.024479166666666666 0.041666666666666664
4 0.6873617172241211 0.7776197791099548 0.023958333333333335 0.041666666666666664
4 0.7361624240875244 0.4336223900318146 0.023958333333333335 0.041666666666666664
4 0.7585945129394531 0.3443012237548828 0.0234375 0.041666666666666664
3 0.6924455165863037 0.34244322776794434 0.022916666666666665 0.040740740740740744
3 0.624068558216095 0.5654095411300659 0.022916666666666665 0.03981481481481482
4 0.6292308568954468 0.16692186892032623 0.023958333333333335 0.041666666666666664
3 0.5243757963180542 0.5595768094062805 0.0234375 0.040740740740740744
4 0.47267863154411316 0.5528265833854675 0.0234375 0.041666666666666664
1 0.42244863510131836 0.2210255116224289 0.0234375 0.040740740740740744
3 0.2875331938266754 0.6258562207221985 0.0234375 0.03981481481481482
0 0.2562074661254883 0.5731222629547119 0.022916666666666665 0.040740740740740744
4 0.2273251861333847 0.5915173292160034 0.024479166666666666 0.040740740740740744
3 0.17505890130996704 0.5861347913742065 0.025 0.040740740740740744
3 0.11256380379199982 0.7801812291145325 0.023958333333333335 0.040740740740740744
2 0.18889957666397095 0.10748141258955002 0.007291666666666667 0.012962962962962963
2 0.29013878107070923 0.10669945180416107 0.007291666666666667 0.012962962962962963
2 0.3916744589805603 0.10546611249446869 0.007291666666666667 0.012962962962962963
2 0.5940846800804138 0.10121270269155502 0.007291666666666667 0.012962962962962963
2 0.6957327723503113 0.09907668828964233 0.007291666666666667 0.012962962962962963
2 0.7986993789672852 0.09556232392787933 0.007291666666666667 0.012962962962962963
2 0.9286518692970276 0.312969833612442 0.007291666666666667 0.012962962962962963
2 0.9309118390083313 0.4938385486602783 0.007291666666666667 0.012962962962962963
2 0.9334484338760376 0.6758962273597717 0.007291666666666667 0.012962962962962963
2 0.8086790442466736 0.902620792388916 0.007291666666666667 0.012962962962962963
2 0.7042405605316162 0.9045225381851196 0.007291666666666667 0.012962962962962963
2 0.6019152998924255 0.9045755863189697 0.007291666666666667 0.012962962962962963
2 0.39790716767311096 0.9042254090309143 0.007291666666666667 0.012962962962962963
2 0.29519835114479065 0.9047415852546692 0.007291666666666667 0.012962962962962963
2 0.1925368458032608 0.9052575826644897 0.007291666666666667 0.012962962962962963
2 0.06726901978254318 0.6844086647033691 0.007291666666666667 0.012962962962962963
2 0.06650182604789734 0.5050376653671265 0.007291666666666667 0.012962962962962963
2 0.06624507904052734 0.325926810503006 0.007291666666666667 0.012962962962962963
