4 0.17984403669834137 0.7069615721702576 0.024479166666666666 0.041666666666666664
4 0.31744030117988586 0.7597274780273438 0.023958333333333335 0.041666666666666664
4 0.2697446942329407 0.43797269463539124 0.023958333333333335 0.041666666666666664
4 0.2482822984457016 0.35523250699043274 0.0234375 0.041666666666666664
3 0.31028443574905396 0.3505871593952179 0.022916666666666665 0.040740740740740744
3 0.37595856189727783 0.5574653744697571 0.022916666666666665 0.03981481481481482
4 0.3687741458415985 0.18298640847206116 0.023958333333333335 0.041666666666666664
3 0.4704130291938782 0.5481917858123779 0.0234375 0.040740740740740744
4 0.5196037888526917 0.5398314595222473 0.0234375 0.041666666666666664
1 0.5652710199356079 0.22380302846431732 0.0234375 0.040740740740740744
3 0.6978471279144287 0.6022948622703552 0.0234375 0.03981481481481482
0 0.7277084589004517 0.5508336424827576 0.022916666666666665 0.040740740740740744
4 0.7558271884918213 0.5672919154167175 0.024479166666666666 0.040740740740740744
3 0.8065313100814819 0.5601671934127808 0.025 0.040740740740740744
3 0.8691697716712952 0.7439755797386169 0.023958333333333335 0.040740740740740744
2 0.7890453338623047 0.10440672934055328 0.007291666666666667 0.012962962962962963
2 0.6912789940834045 0.10897532105445862 0.007291666666666667 0.012962962962962963
2 0.5938612222671509 0.11310336738824844 0.007291666666666667 0.012962962962962963
2 0.40153273940086365 0.11956867575645447 0.007291666666666667 0.012962962962962963
2 0.3058832287788391 0.12278404086828232 0.007291666666666667 0.012962962962962963
2 0.209616020321846 0.12476082146167755 0.007291666666666667 0.012962962962962963
2 0.08991997689008713 0.3334682285785675 0.007291666666666667 0.012962962962962963
2 0.08856557309627533 0.5020970106124878 0.007291666666666667 0.012962962962962963
2 0.08695685118436813 0.6721832156181335 0.007291666666666667 0.012962962962962963
2 0.20416851341724396 0.8810145854949951 0.007291666666666667 0.012962962962962963
2 0.3022286593914032 0.8799644708633423 0.007291666666666667 0.012962962962962963
2 0.39893123507499695 0.8772143125534058 0.007291666666666667 0.012962962962962963
2 0.5936275720596313 0.8712425231933594 0.007291666666666667 0.012962962962962963
2 0.6926244497299194 0.8688685894012451 0.007291666666666667 0.012962962962962963
2 0.7922349572181702 0.8664798736572266 0.007291666666666667 0.012962962962962963
2 0.9126394391059875 0.65043044090271 0.007291666666666667 0.012962962962962963
2 0.9117400646209717 0.47822362184524536 0.007291666666666667 0.012962962962962963
2 0.9103458523750305 0.3066559135913849 0.007291666666666667 0.012962962962962963
