4 0.7114428877830505 0.5670761466026306 0.0234375 0.04259259259259259
3 0.6153742671012878 0.5571188926696777 0.022916666666666665 0.03981481481481482
3 0.5919241309165955 0.45815083384513855 0.0234375 0.03981481481481482
4 0.5856894850730896 0.5669503808021545 0.023958333333333335 0.040740740740740744
3 0.533540666103363 0.5672149658203125 0.022916666666666665 0.040740740740740744
1 0.27752628922462463 0.4527170956134796 0.023958333333333335 0.041666666666666664
0 0.24928733706474304 0.6223928332328796 0.022916666666666665 0.040740740740740744
4 0.12744270265102386 0.7803255915641785 0.024479166666666666 0.041666666666666664
2 0.18478147685527802 0.12819957733154297 0.007291666666666667 0.012962962962962963
2 0.28318241238594055 0.1284610629081726 0.007291666666666667 0.012962962962962963
2 0.3823915719985962 0.1279025822877884 0.007291666666666667 0.012962962962962963
2 0.5810387134552002 0.1288428157567978 0.007291666666666667 0.012962962962962963
2 0.6811517477035522 0.125797301530838 0.007291666666666667 0.012962962962962963
2 0.783686101436615 0.1252230554819107 0.007291666666666667 0.012962962962962963
2 0.915482759475708 0.3283175230026245 0.007291666666666667 0.012962962962962963
2 0.9206634163856506 0.4969148337841034 0.007291666666666667 0.012962962962962963
2 0.9243271350860596 0.667543351650238 0.007291666666666667 0.012962962962962963
2 0.8036046624183655 0.8777035474777222 0.007291666666666667 0.012962962962962963
2 0.6987953186035156 0.8751814961433411 0.007291666666666667 0.012962962962962963
2 0.5948740839958191 0.8726798295974731 0.007291666666666667 0.012962962962962963
2 0.39222651720046997 0.8682155013084412 0.007291666666666667 0.012962962962962963
2 0.29090484976768494 0.8670519590377808 0.007291666666666667 0.012962962962962963
2 0.18940655887126923 0.8654544949531555 0.007291666666666667 0.012962962962962963
2 0.06560046225786209 0.6568735241889954 0.007291666666666667 0.012962962962962963
2 0.06601410359144211 0.4908575117588043 0.007291666666666667 0.012962962962962963
2 0.06419429183006287 0.3271853029727936 0.007291666666666667 0.012962962962962963
