4 0.12093302607536316 0.8319635391235352 0.024479166666666666 0.040740740740740744
3 0.11689916998147964 0.791917085647583 0.023958333333333335 0.03981481481481482
4 0.14320704340934753 0.561764657497406 0.0234375 0.041666666666666664
4 0.14557476341724396 0.46858081221580505 0.023958333333333335 0.041666666666666664
4 0.5040653944015503 0.6915963888168335 0.023958333333333335 0.041666666666666664
0 0.8419259190559387 0.3947352170944214 0.0234375 0.040740740740740744
1 0.8680044412612915 0.41293010115623474 0.024479166666666666 0.041666666666666664
4 0.8465219140052795 0.45663902163505554 0.022395833333333334 0.03981481481481482
4 0.8711347579956055 0.5510725378990173 0.023958333333333335 0.040740740740740744
2 0.811535656452179 0.11468005925416946 0.007291666666666667 0.012962962962962963
2 0.7155279517173767 0.11487749218940735 0.007291666666666667 0.012962962962962963
2 0.6193921566009521 0.11336300522089005 0.007291666666666667 0.012962962962962963
2 0.4221695065498352 0.1089358851313591 0.007291666666666667 0.012962962962962963
2 0.31966522336006165 0.10775450617074966 0.007291666666666667 0.012962962962962963
2 0.21722398698329926 0.10479406267404556 0.007291666666666667 0.012962962962962963
2 0.08255977928638458 0.320617139339447 0.007291666666666667 0.012962962962962963
2 0.07766812294721603 0.5004768371582031 0.007291666666666667 0.012962962962962963
2 0.0722208023071289 0.6811016798019409 0.007291666666666667 0.012962962962962963
2 0.19541765749454498 0.899326741695404 0.007291666666666667 0.012962962962962963
2 0.30050748586654663 0.8949692845344543 0.007291666666666667 0.012962962962962963
2 0.40223661065101624 0.8903086185455322 0.007291666666666667 0.012962962962962963
2 0.6007470488548279 0.8812117576599121 0.007291666666666667 0.012962962962962963
2 0.6983212828636169 0.8776084184646606 0.007291666666666667 0.012962962962962963
2 0.7949818968772888 0.8736066818237305 0.007291666666666667 0.012962962962962963
2 0.9161924719810486 0.659593403339386 0.007291666666666667 0.012962962962962963
2 0.9196482300758362 0.4911712110042572 0.007291666666666667 0.012962962962962963
2 0.9233256578445435 0.3234223425388336 0.007291666666666667 0.012962962962962963
