4 0.866966187953949 0.8332815170288086 0.024479166666666666 0.040740740740740744
3 0.8719736337661743 0.7940077781677246 0.023958333333333335 0.03981481481481482
4 0.8526745438575745 0.5681334733963013 0.0234375 0.041666666666666664
4 0.8529059290885925 0.47628581523895264 0.023958333333333335 0.041666666666666664
4 0.49331650137901306 0.6988113522529602 0.023958333333333335 0.041666666666666664
0 0.1577696055173874 0.40152570605278015 0.0234375 0.040740740740740744
1 0.13056397438049316 0.4199164807796478 0.024479166666666666 0.041666666666666664
4 0.15172256529331207 0.46424952149391174 0.022395833333333334 0.03981481481481482
4 0.12441973388195038 0.5598918795585632 0.023958333333333335 0.040740740740740744
2 0.19505459070205688 0.11724641919136047 0.007291666666666667 0.012962962962962963
2 0.29334601759910583 0.11873475462198257 0.007291666666666667 0.012962962962962963
2 0.39110010862350464 0.11848381906747818 0.007291666666666667 0.012962962962962963
2 0.5894966125488281 0.11665000766515732 0.007291666666666667 0.012962962962962963
2 0.6914433240890503 0.11682653427124023 0.007291666666666667 0.012962962962962963
2 0.7926066517829895 0.11522927135229111 0.007291666666666667 0.012962962962962963
2 0.9183140993118286 0.3304404318332672 0.007291666666666667 0.012962962962962963
2 0.9180617928504944 0.5076613426208496 0.007291666666666667 0.012962962962962963
2 0.9183271527290344 0.6849827170372009 0.007291666666666667 0.012962962962962963
2 0.7926972508430481 0.900360107421875 0.007291666666666667 0.012962962962962963
2 0.6899401545524597 0.8977168202400208 0.007291666666666667 0.012962962962962963
2 0.5897132754325867 0.8947009444236755 0.007291666666666667 0.012962962962962963
2 0.3919268846511841 0.8887473344802856 0.007291666666666667 0.012962962962962963
2 0.29360294342041016 0.8866556882858276 0.007291666666666667 0.012962962962962963
2 0.19549411535263062 0.8841351270675659 0.007291666666666667 0.012962962962962963
2 0.07576220482587814 0.6699346303939819 0.007291666666666667 0.012962962962962963
2 0.07568271458148956 0.4992837905883789 0.007291666666666667 0.012962962962962963
2 0.07535966485738754 0.32872939109802246 0.007291666666666667 0.012962962962962963
