4 0.1235743835568428 0.8316299915313721 0.024479166666666666 0.040740740740740744
3 0.11823126673698425 0.791634738445282 0.023958333333333335 0.03981481481481482
4 0.1370212584733963 0.5613256096839905 0.0234375 0.041666666666666664
4 0.13634777069091797 0.46740174293518066 0.023958333333333335 0.041666666666666664
4 0.5053785443305969 0.6964753866195679 0.023958333333333335 0.041666666666666664
0 0.8451851010322571 0.3976987302303314 0.0234375 0.040740740740740744
1 0.8725900053977966 0.41658127307891846 0.024479166666666666 0.041666666666666664
4 0.8512135148048401 0.4612542688846588 0.022395833333333334 0.03981481481481482
4 0.8785924315452576 0.5581448674201965 0.023958333333333335 0.040740740740740744
2 0.8077731728553772 0.10853426903486252 0.007291666666666667 0.012962962962962963
2 0.708121120929718 0.10862430930137634 0.007291666666666667 0.012962962962962963
2 0.6086958646774292 0.10694573819637299 0.007291666666666667 0.012962962962962963
2 0.40591850876808167 0.10216482728719711 0.007291666666666667 0.012962962962962963
2 0.30120569467544556 0.10084459185600281 0.007291666666666667 0.012962962962962963
2 0.19694150984287262 0.09770732372999191 0.007291666666666667 0.012962962962962963
2 0.06804637610912323 0.31723880767822266 0.007291666666666667 0.012962962962962963
2 0.06924737244844437 0.4989691376686096 0.007291666666666667 0.012962962962962963
2 0.06991132348775864 0.6802690029144287 0.007291666666666667 0.012962962962962963
2 0.20016466081142426 0.8999685645103455 0.007291666666666667 0.012962962962962963
2 0.3053702712059021 0.8974490761756897 0.007291666666666667 0.012962962962962963
2 0.40764763951301575 0.8945567607879639 0.007291666666666667 0.012962962962962963
2 0.6085137724876404 0.8888742327690125 0.007291666666666667 0.012962962962962963
2 0.7078943848609924 0.886937141418457 0.007291666666666667 0.012962962962962963
2 0.8067443370819092 0.8845743536949158 0.007291666666666667 0.012962962962962963
2 0.9273248910903931 0.6694228053092957 0.007291666666666667 0.012962962962962963
2 0.927700936794281 0.4973087012767792 0.007291666666666667 0.012962962962962963
2 0.928322970867157 0.3248184025287628 0.007291666666666667 0.012962962962962963
