1 0.16843827068805695 0.8172245621681213 0.023958333333333335 0.041666666666666664
4 0.18592287600040436 0.7664936780929565 0.023958333333333335 0.04259259259259259
3 0.21698062121868134 0.5427287220954895 0.023958333333333335 0.040740740740740744
4 0.21636269986629486 0.4901614189147949 0.0234375 0.040740740740740744
0 0.24251867830753326 0.48178422451019287 0.0234375 0.040740740740740744
3 0.3495763838291168 0.45365110039711 0.022395833333333334 0.040740740740740744
3 0.46691879630088806 0.22419215738773346 0.021875 0.03981481481481482
3 0.4494425356388092 0.3993492126464844 0.0234375 0.03981481481481482
3 0.42286092042922974 0.6864213347434998 0.0234375 0.040740740740740744
3 0.4701913297176361 0.7837926149368286 0.0234375 0.04259259259259259
3 0.6686322689056396 0.5871797204017639 0.0234375 0.040740740740740744
4 0.8008601069450378 0.4490128755569458 0.0234375 0.040740740740740744
2 0.7982551455497742 0.10257168859243393 0.007291666666666667 0.012962962962962963
2 0.6967359781265259 0.10185287147760391 0.007291666666666667 0.012962962962962963
2 0.5951440930366516 0.10158360004425049 0.007291666666666667 0.012962962962962963
2 0.3942908048629761 0.10239576548337936 0.007291666666666667 0.012962962962962963
2 0.29346874356269836 0.09988845884799957 0.007291666666666667 0.012962962962962963
2 0.1925838440656662 0.09917447715997696 0.007291666666666667 0.012962962962962963
2 0.0694049820303917 0.31537219882011414 0.007291666666666667 0.012962962962962963
2 0.0705123245716095 0.4937654137611389 0.007291666666666667 0.012962962962962963
2 0.07187563925981522 0.6724689602851868 0.007291666666666667 0.012962962962962963
2 0.19749411940574646 0.8949940204620361 0.007291666666666667 0.012962962962962963
2 0.29876887798309326 0.8959638476371765 0.007291666666666667 0.012962962962962963
2 0.3994518220424652 0.8964763879776001 0.007291666666666667 0.012962962962962963
2 0.6013469696044922 0.8975042104721069 0.007291666666666667 0.012962962962962963
2 0.7030912041664124 0.8998357653617859 0.007291666666666667 0.012962962962962963
2 0.805758535861969 0.8990061283111572 0.007291666666666667 0.012962962962962963
2 0.9293115735054016 0.6794766187667847 0.007291666666666667 0.012962962962962963
2 0.9274572730064392 0.5003360509872437 0.007291666666666667 0.012962962962962963
2 0.9253442287445068 0.3210529386997223 0.007291666666666667 0.012962962962962963
