4 0.18725986778736115 0.7629266381263733 0.023958333333333335 0.04259259259259259
3 0.3195452392101288 0.8150972723960876 0.022916666666666665 0.040740740740740744
4 0.22072015702724457 0.7023109197616577 0.023958333333333335 0.040740740740740744
0 0.30494359135627747 0.4318821132183075 0.022395833333333334 0.040740740740740744
1 0.4747268557548523 0.4287257194519043 0.022916666666666665 0.040740740740740744
4 0.5475041270256042 0.3811570107936859 0.0234375 0.041666666666666664
2 0.8002305626869202 0.11417202651500702 0.007291666666666667 0.012962962962962963
2 0.7003505825996399 0.1134759858250618 0.007291666666666667 0.012962962962962963
2 0.5995737910270691 0.11364821344614029 0.007291666666666667 0.012962962962962963
2 0.39834290742874146 0.11180925369262695 0.007291666666666667 0.012962962962962963
2 0.29789409041404724 0.10979503393173218 0.007291666666666667 0.012962962962962963
2 0.19526170194149017 0.10864071547985077 0.007291666666666667 0.012962962962962963
2 0.0713680237531662 0.31924352049827576 0.007291666666666667 0.012962962962962963
2 0.07117246091365814 0.49655938148498535 0.007291666666666667 0.012962962962962963
2 0.07071272283792496 0.6726342439651489 0.007291666666666667 0.012962962962962963
2 0.19681821763515472 0.889881432056427 0.007291666666666667 0.012962962962962963
2 0.300634503364563 0.8891538977622986 0.007291666666666667 0.012962962962962963
2 0.4025026261806488 0.8888682126998901 0.007291666666666667 0.012962962962962963
2 0.6042795777320862 0.8900678157806396 0.007291666666666667 0.012962962962962963
2 0.7059805393218994 0.8906679749488831 0.007291666666666667 0.012962962962962963
2 0.808300793170929 0.8908260464668274 0.007291666666666667 0.012962962962962963
2 0.9301595687866211 0.6743772029876709 0.007291666666666667 0.012962962962962963
2 0.9283443093299866 0.5006641149520874 0.007291666666666667 0.012962962962962963
2 0.9262711405754089 0.32657966017723083 0.007291666666666667 0.012962962962962963
