3 0.8065868020057678 0.2048521786928177 0.022916666666666665 0.041666666666666664
3 0.8070113062858582 0.31529203057289124 0.021875 0.040740740740740744
3 0.8428592085838318 0.44837015867233276 0.0234375 0.040740740740740744
4 0.8380071520805359 0.6724031567573547 0.025 0.041666666666666664
4 0.7689639925956726 0.5384924411773682 0.024479166666666666 0.041666666666666664
3 0.7444248199462891 0.5839283466339111 0.0234375 0.040740740740740744
3 0.7244630455970764 0.738189160823822 0.022395833333333334 0.03981481481481482
0 0.711538553237915 0.5063225030899048 0.022395833333333334 0.040740740740740744
3 0.6105981469154358 0.40731021761894226 0.0234375 0.040740740740740744
1 0.6161779165267944 0.6597970724105835 0.0234375 0.041666666666666664
4 0.5863518118858337 0.6736685037612915 0.0234375 0.041666666666666664
3 0.5620076060295105 0.5805831551551819 0.023958333333333335 0.041666666666666664
4 0.49032098054885864 0.45594313740730286 0.0234375 0.03888888888888889
4 0.43995097279548645 0.5866990685462952 0.023958333333333335 0.040740740740740744
4 0.23867228627204895 0.7662861347198486 0.024479166666666666 0.041666666666666664
2 0.20197097957134247 0.11057890206575394 0.007291666666666667 0.012962962962962963
2 0.3026898503303528 0.11116760969161987 0.007291666666666667 0.012962962962962963
2 0.40269824862480164 0.11219384521245956 0.007291666666666667 0.012962962962962963
2 0.6023910641670227 0.112919382750988 0.007291666666666667 0.012962962962962963
2 0.702326238155365 0.11218244582414627 0.007291666666666667 0.012962962962962963
2 0.8018046021461487 0.11232529580593109 0.007291666666666667 0.012962962962962963
2 0.9233531355857849 0.32723239064216614 0.007291666666666667 0.012962962962962963
2 0.9229738712310791 0.5031814575195312 0.007291666666666667 0.012962962962962963
2 0.9228435158729553 0.6804670095443726 0.007291666666666667 0.012962962962962963
2 0.7983483076095581 0.9011121392250061 0.007291666666666667 0.012962962962962963
2 0.6972339749336243 0.9008593559265137 0.007291666666666667 0.012962962962962963
2 0.5966789126396179 0.9010554552078247 0.007291666666666667 0.012962962962962963
2 0.3954735994338989 0.901899516582489 0.007291666666666667 0.012962962962962963
2 0.2935524880886078 0.9016464948654175 0.007291666666666667 0.012962962962962963
2 0.19193483889102936 0.9018446207046509 0.007291666666666667 0.012962962962962963
2 0.06938844174146652 0.6816196441650391 0.007291666666666667 0.012962962962962963
2 0.07348646968603134 0.502833902835846 0.007291666666666667 0.012962962962962963
2 0.07552064210176468 0.32495543360710144 0.007291666666666667 0.012962962962962963
