1 0.42884618043899536 0.2653719186782837 0.024479166666666666 0.04259259259259259
4 0.6515349745750427 0.1891317367553711 0.024479166666666666 0.04351851851851852
4 0.6690016388893127 0.4803934693336487 0.025520833333333333 0.04259259259259259
4 0.7604948878288269 0.4207893908023834 0.023958333333333335 0.04259259259259259
0 0.7567159533500671 0.5939833521842957 0.023958333333333335 0.041666666666666664
4 0.8618864417076111 0.8343772888183594 0.024479166666666666 0.04537037037037037
2 0.9294594526290894 0.6992498636245728 0.007291666666666667 0.012962962962962963
2 0.9296351075172424 0.5186249017715454 0.007291666666666667 0.012962962962962963
2 0.9287959337234497 0.3425411283969879 0.007291666666666667 0.012962962962962963
2 0.8035535216331482 0.1212087869644165 0.007291666666666667 0.012962962962962963
2 0.7021737694740295 0.12097172439098358 0.007291666666666667 0.012962962962962963
2 0.600936233997345 0.11984867602586746 0.007291666666666667 0.012962962962962963
2 0.4006533920764923 0.11629927903413773 0.007291666666666667 0.012962962962962963
2 0.29908472299575806 0.11340458691120148 0.007291666666666667 0.012962962962962963
2 0.1979111284017563 0.11095868796110153 0.007291666666666667 0.012962962962962963
2 0.07180029898881912 0.32731518149375916 0.007291666666666667 0.012962962962962963
2 0.0711200088262558 0.5036562085151672 0.007291666666666667 0.012962962962962963
2 0.06968231499195099 0.6831859946250916 0.007291666666666667 0.012962962962962963
2 0.195011705160141 0.9056505560874939 0.007291666666666667 0.012962962962962963
2 0.29657015204429626 0.9073361158370972 0.007291666666666667 0.012962962962962963
2 0.39801979064941406 0.9090198278427124 0.007291666666666667 0.012962962962962963
2 0.5998298525810242 0.9123691916465759 0.007291666666666667 0.012962962962962963
2 0.7022155523300171 0.9158470630645752 0.007291666666666667 0.012962962962962963
2 0.8044933080673218 0.9179907441139221 0.007291666666666667 0.012962962962962963
