1 0.5748081803321838 0.5713462233543396 0.019791666666666666 0.03425925925925926
3 0.7049834132194519 0.6065134406089783 0.01875 0.03796296296296296
3 0.6913886666297913 0.6103811860084534 0.0203125 0.03796296296296296
3 0.8332592248916626 0.609895646572113 0.021354166666666667 0.03796296296296296
0 0.710435152053833 0.6483293771743774 0.021875 0.040740740740740744
2 0.5763481259346008 0.7814828753471375 0.011458333333333333 0.012962962962962963
2 0.6361404061317444 0.7497219443321228 0.011458333333333333 0.012962962962962963
2 0.6923199892044067 0.7201859951019287 0.011458333333333333 0.012962962962962963
2 0.791808009147644 0.6700162887573242 0.011458333333333333 0.012962962962962963
2 0.8374292850494385 0.6471462249755859 0.011458333333333333 0.012962962962962963
2 0.879962146282196 0.6251409649848938 0.011458333333333333 0.012962962962962963
2 0.8216720223426819 0.5838678479194641 0.011458333333333333 0.012962962962962963
2 0.7408521175384521 0.5726138353347778 0.011458333333333333 0.012962962962962963
2 0.6638590693473816 0.5609643459320068 0.011458333333333333 0.012962962962962963
2 0.5196042656898499 0.5682041645050049 0.011458333333333333 0.012962962962962963
2 0.4716004729270935 0.58559250831604 0.011458333333333333 0.012962962962962963
2 0.41973087191581726 0.6033784747123718 0.011458333333333333 0.012962962962962963
2 0.30566972494125366 0.6437981128692627 0.011458333333333333 0.012962962962962963
2 0.24115759134292603 0.6668524742126465 0.011458333333333333 0.012962962962962963
2 0.17045065760612488 0.6920899152755737 0.011458333333333333 0.012962962962962963
2 0.17870095372200012 0.7476376295089722 0.011458333333333333 0.012962962962962963
2 0.2684667706489563 0.7690134644508362 0.011458333333333333 0.012962962962962963
2 0.365150511264801 0.7918532490730286 0.011458333333333333 0.012962962962962963
