1 0.5651959180831909 0.5770750045776367 0.019791666666666666 0.03425925925925926
3 0.6921465396881104 0.6095183491706848 0.01875 0.03796296296296296
3 0.6788005828857422 0.6132330894470215 0.0203125 0.03796296296296296
3 0.8170226216316223 0.6119672656059265 0.021354166666666667 0.03796296296296296
0 0.696744978427887 0.6487723588943481 0.021875 0.040740740740740744
2 0.5636076331138611 0.7746444940567017 0.011458333333333333 0.012962962962962963
2 0.622542679309845 0.7443830370903015 0.011458333333333333 0.012962962962962963
2 0.6778468489646912 0.7162697911262512 0.011458333333333333 0.012962962962962963
2 0.7755889296531677 0.668562650680542 0.011458333333333333 0.012962962962962963
2 0.8203379511833191 0.6468468308448792 0.011458333333333333 0.012962962962962963
2 0.8620322942733765 0.6259803175926208 0.011458333333333333 0.012962962962962963
2 0.8062708377838135 0.5876070261001587 0.011458333333333333 0.012962962962962963
2 0.7277580499649048 0.5774404406547546 0.011458333333333333 0.012962962962962963
2 0.6527015566825867 0.56684410572052 0.011458333333333333 0.012962962962962963
2 0.5109373331069946 0.5743811726570129 0.011458333333333333 0.012962962962962963
2 0.46339157223701477 0.5910680890083313 0.011458333333333333 0.012962962962962963
2 0.4119592010974884 0.608174741268158 0.011458333333333333 0.012962962962962963
2 0.29858526587486267 0.6471180319786072 0.011458333333333333 0.012962962962962963
2 0.23430302739143372 0.6693810820579529 0.011458333333333333 0.012962962962962963
2 0.1637178361415863 0.6937980651855469 0.011458333333333333 0.012962962962962963
2 0.17155055701732635 0.7463021278381348 0.011458333333333333 0.012962962962962963
2 0.26054561138153076 0.76569664478302 0.011458333333333333 0.012962962962962963
2 0.35594692826271057 0.7863143682479858 0.011458333333333333 0.012962962962962963
