1 0.4295964241027832 0.5704203844070435 0.019791666666666666 0.03425925925925926
3 0.29854732751846313 0.6031429171562195 0.01875 0.03796296296296296
3 0.312273234128952 0.6071730256080627 0.0203125 0.03796296296296296
3 0.1690189093351364 0.6045193672180176 0.021354166666666667 0.03796296296296296
0 0.29320287704467773 0.6443774104118347 0.021875 0.040740740740740744
2 0.4287181794643402 0.7777079939842224 0.011458333333333333 0.012962962962962963
2 0.3684399724006653 0.745554506778717 0.011458333333333333 0.012962962962962963
2 0.31173381209373474 0.7156080007553101 0.011458333333333333 0.012962962962962963
2 0.21115294098854065 0.6645973324775696 0.011458333333333333 0.012962962962962963
2 0.16495925188064575 0.6413036584854126 0.011458333333333333 0.012962962962962963
2 0.12184899300336838 0.6188901662826538 0.011458333333333333 0.012962962962962963
2 0.18062472343444824 0.5789477825164795 0.011458333333333333 0.012962962962962963
2 0.26222413778305054 0.5690780282020569 0.011458333333333333 0.012962962962962963
2 0.33985480666160583 0.5587704181671143 0.011458333333333333 0.012962962962962963
2 0.4851258099079132 0.5681810975074768 0.011458333333333333 0.012962962962962963
2 0.5334261059761047 0.5860821008682251 0.011458333333333333 0.012962962962962963
2 0.5855605602264404 0.6044168472290039 0.011458333333333333 0.012962962962962963
2 0.7000152468681335 0.6459554433822632 0.011458333333333333 0.012962962962962963
2 0.7646334171295166 0.6695971488952637 0.011458333333333333 0.012962962962962963
2 0.8353596925735474 0.695443332195282 0.011458333333333333 0.012962962962962963
2 0.8272112011909485 0.749914824962616 0.011458333333333333 0.012962962962962963
2 0.7375167012214661 0.7696778178215027 0.011458333333333333 0.012962962962962963
2 0.6407670974731445 0.7908147573471069 0.011458333333333333 0.012962962962962963
