2 0.4043523967266083 0.218086838722229 0.005011904761904762 0.005180952380952382
2 0.5050511360168457 0.21867692470550537 0.004595238095238095 0.004009523809523809
2 0.6058092713356018 0.21909844875335693 0.004803571428571429 0.004842857142857143
2 0.7456644773483276 0.2787953019142151 0.005011904761904762 0.005009523809523809
2 0.7549607753753662 0.3291621208190918 0.005324404761904762 0.004676190476190476
2 0.7652318477630615 0.38379037380218506 0.005116071428571429 0.005009523809523809
2 0.7875041365623474 0.5066612958908081 0.006160714285714286 0.005680952380952381
2 0.8001744151115417 0.5769537687301636 0.005848214285714286 0.005514285714285715
2 0.8143815398216248 0.6541200280189514 0.006577380952380953 0.006347619047619047
2 0.6472535133361816 0.7631367444992065 0.006577380952380953 0.006514285714285714
2 0.5014556050300598 0.7616551518440247 0.0067857142857142855 0.006347619047619047
2 0.35578083992004395 0.7605814337730408 0.0067857142857142855 0.006347619047619047
2 0.19156868755817413 0.6493076086044312 0.006369047619047619 0.005680952380952381
2 0.206455260515213 0.5723940134048462 0.007309523809523809 0.005680952380952381
2 0.21992336213588715 0.502696692943573 0.004985119047619047 0.005233333333333334
2 0.24417808651924133 0.3806506395339966 0.005202380952380952 0.005185714285714286
2 0.25475403666496277 0.3263953626155853 0.00550297619047619 0.0048238095238095245
2 0.2645839750766754 0.2761589288711548 0.004898809523809524 0.0044619047619047615
4 0.44856929779052734 0.30101966857910156 0.019452380952380954 0.031819047619047615
4 0.3189491033554077 0.6720985770225525 0.023916666666666666 0.04063809523809524
4 0.3949401378631592 0.5486129522323608 0.022434523809523807 0.03894285714285714
4 0.4871796667575836 0.6738414764404297 0.024553571428571428 0.04097619047619047
4 0.520958662033081 0.6236470341682434 0.02349404761904762 0.03962380952380952
4 0.5969588756561279 0.5979451537132263 0.023705357142857146 0.039285714285714285
4 0.6823745965957642 0.4514696002006531 0.021166666666666667 0.03589523809523809
3 0.5835191607475281 0.3929063081741333 0.020107142857142858 0.034204761904761904
3 0.549775242805481 0.531632125377655 0.02201190476190476 0.03657619047619048
3 0.605552077293396 0.6756810545921326 0.024339285714285716 0.04097619047619047
3 0.46355077624320984 0.5954487919807434 0.023282738095238096 0.039285714285714285
3 0.3914332389831543 0.6868419647216797 0.024553571428571428 0.04063809523809524
1 0.549938976764679 0.631341814994812 0.022223214285714287 0.03962380952380952
0 0.5351643562316895 0.607524037361145 0.02286011904761905 0.0386047619047619
