2 0.6059233546257019 0.22396878898143768 0.005011904761904762 0.005180952380952382
2 0.5070073008537292 0.22258728742599487 0.004595238095238095 0.004009523809523809
2 0.407534658908844 0.221032977104187 0.004803571428571429 0.004842857142857143
2 0.26813188195228577 0.2768719792366028 0.005011904761904762 0.005009523809523809
2 0.2584250271320343 0.3262178599834442 0.005324404761904762 0.004676190476190476
2 0.24768806993961334 0.3798413872718811 0.005116071428571429 0.005009523809523809
2 0.22428901493549347 0.500868022441864 0.006160714285714286 0.005680952380952381
2 0.21092595160007477 0.5703572034835815 0.005848214285714286 0.005514285714285715
2 0.19591572880744934 0.646850049495697 0.006577380952380953 0.006347619047619047
2 0.3626277446746826 0.7564700245857239 0.006577380952380953 0.006514285714285714
2 0.5078276991844177 0.7559106349945068 0.0067857142857142855 0.006347619047619047
2 0.6518409252166748 0.7557568550109863 0.0067857142857142855 0.006347619047619047
2 0.8130029439926147 0.6476738452911377 0.006369047619047619 0.005680952380952381
2 0.7985488772392273 0.572301983833313 0.007309523809523809 0.005680952380952381
2 0.7854897379875183 0.5040938854217529 0.004985119047619047 0.005233333333333334
2 0.7620087265968323 0.3848554193973541 0.005202380952380952 0.005185714285714286
2 0.7517879605293274 0.3319360911846161 0.00550297619047619 0.0048238095238095245
2 0.7422969341278076 0.2829827666282654 0.004898809523809524 0.0044619047619047615
4 0.5621997714042664 0.30392560362815857 0.019452380952380954 0.031819047619047615
4 0.6883051991462708 0.6689293384552002 0.023916666666666666 0.04063809523809524
4 0.6139828562736511 0.5469302535057068 0.022434523809523807 0.03894285714285714
4 0.5224120020866394 0.6692356467247009 0.024553571428571428 0.04097619047619047
4 0.4892009198665619 0.6194122433662415 0.02349404761904762 0.03962380952380952
4 0.41388946771621704 0.593290388584137 0.023705357142857146 0.039285714285714285
4 0.3298608064651489 0.44776755571365356 0.021166666666666667 0.03589523809523809
3 0.42851683497428894 0.3916242718696594 0.020107142857142858 0.034204761904761904
3 0.4611419439315796 0.528436541557312 0.02201190476190476 0.03657619047619048
3 0.40483489632606506 0.6700596809387207 0.024339285714285716 0.04097619047619047
3 0.5461487770080566 0.5922051668167114 0.023282738095238096 0.039285714285714285
3 0.6169512867927551 0.682838499546051 0.024553571428571428 0.04063809523809524
1 0.46041062474250793 0.6267278790473938 0.022223214285714287 0.03962380952380952
0 0.47520387172698975 0.603371798992157 0.02286011904761905 0.0386047619047619
