4 0.7201435565948486 0.5782670974731445 0.016491071428571428 0.02860952380952381
3 0.5781881213188171 0.4158272445201874 0.015553571428571429 0.028147619047619046
4 0.4960671067237854 0.30892136693000793 0.016502976190476193 0.026404761904761907
3 0.3938184380531311 0.45892563462257385 0.014875 0.02342857142857143
4 0.3730035722255707 0.622301459312439 0.016735119047619047 0.02789047619047619
4 0.31634390354156494 0.41402557492256165 0.01743154761904762 0.02751904761904762
4 0.2887032628059387 0.4895918071269989 0.01743154761904762 0.028266666666666666
4 0.2365468293428421 0.5238233208656311 0.016967261904761905 0.02789047619047619
3 0.3193936347961426 0.5480644106864929 0.016038690476190477 0.02789047619047619
0 0.3070303201675415 0.47585397958755493 0.015366071428571429 0.025152380952380954
1 0.2809140980243683 0.4610753655433655 0.017663690476190475 0.026566666666666666
3 0.23467516899108887 0.4097205400466919 0.016955357142857144 0.02628095238095238
3 0.2239058017730713 0.6146674752235413 0.016604166666666666 0.025152380952380954
4 0.23855823278427124 0.6857208609580994 0.016779761904761905 0.02712857142857143
2 0.7462164759635925 0.8102272748947144 0.005279761904761904 0.007995238095238095
2 0.6636282801628113 0.81010502576828 0.004339285714285714 0.007695238095238095
2 0.5807843208312988 0.8110877871513367 0.004904761904761905 0.007847619047619048
2 0.41546666622161865 0.812097430229187 0.004997023809523809 0.0083
2 0.33243924379348755 0.812050998210907 0.005092261904761905 0.008147619047619048
2 0.24952422082424164 0.8123725652694702 0.0051875 0.008147619047619048
2 0.14210815727710724 0.6429076790809631 0.004904761904761905 0.0083
2 0.14097900688648224 0.5093280673027039 0.0048095238095238095 0.0086
2 0.14003710448741913 0.3758387863636017 0.005508928571428572 0.009628571428571427
2 0.2458263635635376 0.20378361642360687 0.005508928571428572 0.009957142857142857
2 0.32982271909713745 0.20397977530956268 0.005916666666666666 0.007833333333333333
2 0.4133375883102417 0.2032884657382965 0.005303571428571428 0.007833333333333333
2 0.579896867275238 0.20287860929965973 0.004997023809523809 0.008814285714285715
2 0.6633867621421814 0.20314957201480865 0.005202380952380952 0.008814285714285715
2 0.7464519739151001 0.20358368754386902 0.005303571428571428 0.008161904761904763
2 0.8531143665313721 0.3747722804546356 0.005202380952380952 0.009304761904761904
2 0.8528923392295837 0.5079731941223145 0.005508928571428572 0.008485714285714286
2 0.8525184392929077 0.6404892206192017 0.005101190476190476 0.007342857142857143
