4 0.7169421315193176 0.584122359752655 0.016491071428571428 0.02860952380952381
3 0.5742756724357605 0.4215410053730011 0.015553571428571429 0.028147619047619046
4 0.4920085668563843 0.31494173407554626 0.016502976190476193 0.026404761904761907
3 0.38862720131874084 0.4621824026107788 0.014875 0.02342857142857143
4 0.36704275012016296 0.6234474778175354 0.016735119047619047 0.02789047619047619
4 0.31107011437416077 0.41699057817459106 0.01743154761904762 0.02751904761904762
4 0.283033162355423 0.49131104350090027 0.01743154761904762 0.028266666666666666
4 0.2306283861398697 0.5245140790939331 0.016967261904761905 0.02789047619047619
3 0.31355395913124084 0.5494210720062256 0.016038690476190477 0.02789047619047619
0 0.30146557092666626 0.4779488742351532 0.015366071428571429 0.025152380952380954
1 0.27535051107406616 0.46306684613227844 0.017663690476190475 0.026566666666666666
3 0.22926032543182373 0.41188254952430725 0.016955357142857144 0.02628095238095238
3 0.21756598353385925 0.614048182964325 0.016604166666666666 0.025152380952380954
4 0.23192523419857025 0.6844033002853394 0.016779761904761905 0.02712857142857143
2 0.7424862384796143 0.8146723508834839 0.005279761904761904 0.007995238095238095
2 0.659000813961029 0.8133650422096252 0.004339285714285714 0.007695238095238095
2 0.5753840208053589 0.8131516575813293 0.004904761904761905 0.007847619047619048
2 0.40891969203948975 0.8117852210998535 0.004997023809523809 0.0083
2 0.32551509141921997 0.8105530142784119 0.005092261904761905 0.008147619047619048
2 0.2423524409532547 0.809688150882721 0.0051875 0.008147619047619048
2 0.1355917751789093 0.6408976316452026 0.004904761904761905 0.0083
2 0.13507799804210663 0.5091156959533691 0.0048095238095238095 0.0086
2 0.13475117087364197 0.3774917721748352 0.005508928571428572 0.009628571428571427
2 0.24133475124835968 0.2088543325662613 0.005508928571428572 0.009957142857142857
2 0.3254830539226532 0.20976772904396057 0.005916666666666666 0.007833333333333333
2 0.4092852771282196 0.20980195701122284 0.005303571428571428 0.007833333333333333
2 0.5768094658851624 0.2108287364244461 0.004997023809523809 0.008814285714285715
2 0.6609803438186646 0.21181631088256836 0.005202380952380952 0.008814285714285715
2 0.7448550462722778 0.21296338737010956 0.005303571428571428 0.008161904761904763
2 0.852185845375061 0.38371965289115906 0.005202380952380952 0.009304761904761904
2 0.8515191078186035 0.5159376263618469 0.005508928571428572 0.008485714285714286
2 0.8507004380226135 0.6475375294685364 0.005101190476190476 0.007342857142857143
