4 0.2756534218788147 0.5718657374382019 0.016491071428571428 0.02860952380952381
3 0.42013031244277954 0.40891870856285095 0.015553571428571429 0.028147619047619046
4 0.5032379627227783 0.30222421884536743 0.016502976190476193 0.026404761904761907
3 0.6073312759399414 0.4522561728954315 0.014875 0.02342857142857143
4 0.6290317177772522 0.6156107187271118 0.016735119047619047 0.02789047619047619
4 0.685438871383667 0.4075413644313812 0.01743154761904762 0.02751904761904762
4 0.7136618494987488 0.48294615745544434 0.01743154761904762 0.028266666666666666
4 0.766402542591095 0.5171060562133789 0.016967261904761905 0.02789047619047619
3 0.6829379200935364 0.5413247346878052 0.016038690476190477 0.02789047619047619
0 0.6951076984405518 0.46922776103019714 0.015366071428571429 0.025152380952380954
1 0.7213887572288513 0.45450559258461 0.017663690476190475 0.026566666666666666
3 0.7677326202392578 0.4033862352371216 0.016955357142857144 0.02628095238095238
3 0.7795844674110413 0.6077536344528198 0.016604166666666666 0.025152380952380954
4 0.7651615142822266 0.6787678599357605 0.016779761904761905 0.02712857142857143
2 0.24930039048194885 0.8056145906448364 0.005279761904761904 0.007995238095238095
2 0.3338741958141327 0.8051174283027649 0.004339285714285714 0.007695238095238095
2 0.41849562525749207 0.8057326674461365 0.004904761904761905 0.007847619047619048
2 0.5867137312889099 0.8060005307197571 0.004997023809523809 0.0083
2 0.67087322473526 0.805579423904419 0.005092261904761905 0.008147619047619048
2 0.7547059655189514 0.8055285811424255 0.0051875 0.008147619047619048
2 0.8620593547821045 0.6358012557029724 0.004904761904761905 0.0083
2 0.8624602556228638 0.5026649832725525 0.0048095238095238095 0.0086
2 0.8626728653907776 0.3698595464229584 0.005508928571428572 0.009628571428571427
2 0.7555205821990967 0.19852465391159058 0.005508928571428572 0.009957142857142857
2 0.6709462404251099 0.1983143389225006 0.005916666666666666 0.007833333333333333
2 0.5866369009017944 0.19722199440002441 0.005303571428571428 0.007833333333333333
2 0.4178504943847656 0.19600242376327515 0.004997023809523809 0.008814285714285715
2 0.33291926980018616 0.19586503505706787 0.005202380952380952 0.008814285714285715
2 0.24820275604724884 0.19589263200759888 0.005303571428571428 0.008161904761904763
2 0.13921503722667694 0.3672056198120117 0.005202380952380952 0.009304761904761904
2 0.13953302800655365 0.5011849999427795 0.005508928571428572 0.008485714285714286
2 0.14000721275806427 0.6347132921218872 0.005101190476190476 0.007342857142857143
