4 0.8531640768051147 0.2024485170841217 0.023958333333333335 0.041666666666666664
3 0.8887920379638672 0.28778496384620667 0.022916666666666665 0.03981481481481482
3 0.8657247424125671 0.3293987810611725 0.022916666666666665 0.040740740740740744
1 0.8773573040962219 0.4079543948173523 0.024479166666666666 0.040740740740740744
4 0.8031718134880066 0.8271872401237488 0.023958333333333335 0.041666666666666664
4 0.7760840654373169 0.5246737599372864 0.0234375 0.040740740740740744
0 0.5922156572341919 0.5742781162261963 0.022395833333333334 0.040740740740740744
2 0.20798012614250183 0.1286357343196869 0.007291666666666667 0.012962962962962963
2 0.3058283030986786 0.12625004351139069 0.007291666666666667 0.012962962962962963
2 0.4048919081687927 0.12426356226205826 0.007291666666666667 0.012962962962962963
2 0.6014875769615173 0.11817628145217896 0.007291666666666667 0.012962962962962963
2 0.7017675042152405 0.11442122608423233 0.007291666666666667 0.012962962962962963
2 0.8030427694320679 0.11063328385353088 0.007291666666666667 0.012962962962962963
2 0.9261611700057983 0.31869009137153625 0.007291666666666667 0.012962962962962963
2 0.926690399646759 0.4972832500934601 0.007291666666666667 0.012962962962962963
2 0.9259375929832458 0.6748184561729431 0.007291666666666667 0.012962962962962963
2 0.7982426285743713 0.8983811736106873 0.007291666666666667 0.012962962962962963
2 0.6944507956504822 0.8998420238494873 0.007291666666666667 0.012962962962962963
2 0.5932385921478271 0.9008239507675171 0.007291666666666667 0.012962962962962963
2 0.39179179072380066 0.9027783274650574 0.007291666666666667 0.012962962962962963
2 0.29079562425613403 0.9037582278251648 0.007291666666666667 0.012962962962962963
2 0.1902776062488556 0.9056279063224792 0.007291666666666667 0.012962962962962963
2 0.0737568661570549 0.689879834651947 0.007291666666666667 0.012962962962962963
2 0.07824753224849701 0.5137233734130859 0.007291666666666667 0.012962962962962963
2 0.08186960965394974 0.34259411692619324 0.007291666666666667 0.012962962962962963
