4 0.8574700951576233 0.19283844530582428 0.023958333333333335 0.041666666666666664
3 0.8931578993797302 0.27876582741737366 0.022916666666666665 0.03981481481481482
3 0.8711432218551636 0.31981581449508667 0.022916666666666665 0.040740740740740744
1 0.883314311504364 0.39805182814598083 0.024479166666666666 0.040740740740740744
4 0.8160585761070251 0.8108438849449158 0.023958333333333335 0.041666666666666664
4 0.7859558463096619 0.5127579569816589 0.0234375 0.040740740740740744
0 0.6055739521980286 0.5607922673225403 0.022395833333333334 0.040740740740740744
2 0.2070484161376953 0.10240790247917175 0.007291666666666667 0.012962962962962963
2 0.30784615874290466 0.1025051549077034 0.007291666666666667 0.012962962962962963
2 0.40904778242111206 0.1030418872833252 0.007291666666666667 0.012962962962962963
2 0.6073348522186279 0.10191566497087479 0.007291666666666667 0.012962962962962963
2 0.7072075009346008 0.1006910428404808 0.007291666666666667 0.012962962962962963
2 0.8072242736816406 0.09946908056735992 0.007291666666666667 0.012962962962962963
2 0.9297729730606079 0.31015536189079285 0.007291666666666667 0.012962962962962963
2 0.9320271611213684 0.48695889115333557 0.007291666666666667 0.012962962962962963
2 0.9330212473869324 0.6614778637886047 0.007291666666666667 0.012962962962962963
2 0.8121366500854492 0.8804666996002197 0.007291666666666667 0.012962962962962963
2 0.711181640625 0.8826674818992615 0.007291666666666667 0.012962962962962963
2 0.6118837594985962 0.8843961358070374 0.007291666666666667 0.012962962962962963
2 0.41171693801879883 0.8878808617591858 0.007291666666666667 0.012962962962962963
2 0.3100730776786804 0.889650285243988 0.007291666666666667 0.012962962962962963
2 0.20806266367435455 0.892322301864624 0.007291666666666667 0.012962962962962963
2 0.0827946811914444 0.6752033233642578 0.007291666666666667 0.012962962962962963
2 0.08263254910707474 0.49577343463897705 0.007291666666666667 0.012962962962962963
2 0.08170270919799805 0.3202805519104004 0.007291666666666667 0.012962962962962963
