4 0.13599000871181488 0.2857573926448822 0.0234375 0.04259259259259259
3 0.25678667426109314 0.19489912688732147 0.023958333333333335 0.040740740740740744
4 0.23379357159137726 0.5468214154243469 0.023958333333333335 0.040740740740740744
4 0.30745208263397217 0.47760525345802307 0.023958333333333335 0.040740740740740744
0 0.4767957031726837 0.4819219410419464 0.022395833333333334 0.040740740740740744
4 0.5253044962882996 0.4734977185726166 0.022916666666666665 0.041666666666666664
4 0.6113125085830688 0.5118594169616699 0.023958333333333335 0.041666666666666664
3 0.6402909755706787 0.644559919834137 0.022395833333333334 0.040740740740740744
4 0.7172203660011292 0.6496304869651794 0.023958333333333335 0.040740740740740744
4 0.6394423246383667 0.2042134553194046 0.023958333333333335 0.03981481481481482
3 0.8294810652732849 0.4386284649372101 0.023958333333333335 0.041666666666666664
1 0.8546611070632935 0.7109187841415405 0.023958333333333335 0.041666666666666664
2 0.922193169593811 0.6842524409294128 0.007291666666666667 0.012962962962962963
2 0.9199168086051941 0.5102488398551941 0.007291666666666667 0.012962962962962963
2 0.9200640916824341 0.3337457776069641 0.007291666666666667 0.012962962962962963
2 0.800592303276062 0.11725980043411255 0.007291666666666667 0.012962962962962963
2 0.7031233906745911 0.11427950114011765 0.007291666666666667 0.012962962962962963
2 0.6058788299560547 0.11086716502904892 0.007291666666666667 0.012962962962962963
2 0.4083377718925476 0.10438226163387299 0.007291666666666667 0.012962962962962963
2 0.30801329016685486 0.0999663919210434 0.007291666666666667 0.012962962962962963
2 0.20688623189926147 0.09641602635383606 0.007291666666666667 0.012962962962962963
2 0.07971414178609848 0.3105544149875641 0.007291666666666667 0.012962962962962963
2 0.07895476371049881 0.4916783571243286 0.007291666666666667 0.012962962962962963
2 0.07767035067081451 0.6738388538360596 0.007291666666666667 0.012962962962962963
2 0.20313268899917603 0.8997284173965454 0.007291666666666667 0.012962962962962963
2 0.30628344416618347 0.9000901579856873 0.007291666666666667 0.012962962962962963
2 0.40707632899284363 0.8999903798103333 0.007291666666666667 0.012962962962962963
2 0.6052712798118591 0.9006890058517456 0.007291666666666667 0.012962962962962963
2 0.7039505243301392 0.9014847278594971 0.007291666666666667 0.012962962962962963
2 0.8028382062911987 0.9013853669166565 0.007291666666666667 0.012962962962962963
