4 0.4249270260334015 0.2827005386352539 0.013541666666666667 0.025925925925925925
3 0.41868630051612854 0.33149611949920654 0.015104166666666667 0.025925925925925925
3 0.4673694968223572 0.2688266932964325 0.013541666666666667 0.024074074074074074
1 0.5275524258613586 0.27626311779022217 0.014583333333333334 0.025
3 0.6316111087799072 0.2737072706222534 0.013541666666666667 0.025
3 0.6315605044364929 0.3291548788547516 0.015104166666666667 0.026851851851851852
3 0.5236814618110657 0.37322553992271423 0.015104166666666667 0.026851851851851852
4 0.4747895896434784 0.3894791007041931 0.016145833333333335 0.026851851851851852
0 0.45330411195755005 0.534184455871582 0.0171875 0.03148148148148148
4 0.4879220724105835 0.5589584112167358 0.018229166666666668 0.03333333333333333
3 0.5320755839347839 0.5708877444267273 0.018229166666666668 0.032407407407407406
3 0.5019766092300415 0.6252378821372986 0.019270833333333334 0.03518518518518519
4 0.54013991355896 0.648379921913147 0.01875 0.03518518518518519
4 0.5293610692024231 0.6941897869110107 0.0203125 0.037037037037037035
2 0.7455703616142273 0.6404774188995361 0.007291666666666667 0.012962962962962963
2 0.7288828492164612 0.5624440312385559 0.007291666666666667 0.012962962962962963
2 0.7126935720443726 0.4944954812526703 0.007291666666666667 0.012962962962962963
2 0.6870501041412354 0.38006722927093506 0.007291666666666667 0.012962962962962963
2 0.6750057339668274 0.33113953471183777 0.007291666666666667 0.012962962962962963
2 0.6655728816986084 0.28686678409576416 0.007291666666666667 0.012962962962962963
2 0.5577048659324646 0.23801901936531067 0.007291666666666667 0.012962962962962963
2 0.4855724573135376 0.2402689903974533 0.007291666666666667 0.012962962962962963
2 0.41334348917007446 0.2425219714641571 0.007291666666666667 0.012962962962962963
2 0.3126487731933594 0.2988619804382324 0.007291666666666667 0.012962962962962963
2 0.30567196011543274 0.34425705671310425 0.007291666666666667 0.012962962962962963
2 0.2985381484031677 0.3920056223869324 0.007291666666666667 0.012962962962962963
2 0.2816077470779419 0.5054584741592407 0.007291666666666667 0.012962962962962963
2 0.27165845036506653 0.5734675526618958 0.007291666666666667 0.012962962962962963
2 0.2602548599243164 0.6485099792480469 0.007291666666666667 0.012962962962962963
2 0.38972848653793335 0.7588228583335876 0.007291666666666667 0.012962962962962963
2 0.5053231716156006 0.7565532922744751 0.007291666666666667 0.012962962962962963
2 0.6209204792976379 0.7559382319450378 0.007291666666666667 0.012962962962962963
