4 0.5691928863525391 0.2451154887676239 0.013541666666666667 0.025925925925925925
3 0.5761236548423767 0.2930287718772888 0.015104166666666667 0.025925925925925925
3 0.5278259515762329 0.23347151279449463 0.013541666666666667 0.024074074074074074
1 0.4697039723396301 0.24355293810367584 0.014583333333333334 0.025
3 0.3694356083869934 0.2458593249320984 0.013541666666666667 0.025
3 0.3693857192993164 0.30034664273262024 0.015104166666666667 0.026851851851851852
3 0.47423070669174194 0.33928462862968445 0.015104166666666667 0.026851851851851852
4 0.5221698880195618 0.3533764183521271 0.016145833333333335 0.026851851851851852
0 0.5453872084617615 0.49957022070884705 0.0171875 0.03148148148148148
4 0.5113099813461304 0.5265864729881287 0.018229166666666668 0.03333333333333333
3 0.4675399363040924 0.5407353043556213 0.018229166666666668 0.032407407407407406
3 0.4980442225933075 0.5962044596672058 0.019270833333333334 0.03518518518518519
4 0.46007010340690613 0.621999979019165 0.01875 0.03518518518518519
4 0.4712303876876831 0.6700215339660645 0.0203125 0.037037037037037035
2 0.2556488513946533 0.6216250658035278 0.007291666666666667 0.012962962962962963
2 0.2730475664138794 0.5399268269538879 0.007291666666666667 0.012962962962962963
2 0.28961798548698425 0.4696607291698456 0.007291666666666667 0.012962962962962963
2 0.3155006468296051 0.35332736372947693 0.007291666666666667 0.012962962962962963
2 0.32744741439819336 0.30426156520843506 0.007291666666666667 0.012962962962962963
2 0.3367604911327362 0.26029640436172485 0.007291666666666667 0.012962962962962963
2 0.4404093325138092 0.20762401819229126 0.007291666666666667 0.012962962962962963
2 0.5098835229873657 0.2064233124256134 0.007291666666666667 0.012962962962962963
2 0.5797187685966492 0.20521637797355652 0.007291666666666667 0.012962962962962963
2 0.6789903044700623 0.25584036111831665 0.007291666666666667 0.012962962962962963
2 0.6871052980422974 0.3005836009979248 0.007291666666666667 0.012962962962962963
2 0.6955180764198303 0.34809255599975586 0.007291666666666667 0.012962962962962963
2 0.7158118486404419 0.4628095328807831 0.007291666666666667 0.012962962962962963
2 0.7279999256134033 0.5328498482704163 0.007291666666666667 0.012962962962962963
2 0.7420763373374939 0.6112456917762756 0.007291666666666667 0.012962962962962963
2 0.6135769486427307 0.7340420484542847 0.007291666666666667 0.012962962962962963
2 0.4960800111293793 0.7357973456382751 0.007291666666666667 0.012962962962962963
2 0.3793061077594757 0.7393168807029724 0.007291666666666667 0.012962962962962963
