3 0.6230319738388062 0.463445246219635 0.017708333333333333 0.02962962962962963
3 0.5604137778282166 0.5326871275901794 0.017708333333333333 0.030555555555555555
0 0.4778093099594116 0.5557520985603333 0.018229166666666668 0.03333333333333333
4 0.4381999373435974 0.30301257967948914 0.015625 0.026851851851851852
4 0.34274429082870483 0.3924710750579834 0.015625 0.02962962962962963
4 0.35220351815223694 0.6190342903137207 0.019270833333333334 0.03518518518518519
1 0.3884383738040924 0.7197026014328003 0.020833333333333332 0.026851851851851852
4 0.29461050033569336 0.6836035251617432 0.0203125 0.03611111111111111
2 0.2508998215198517 0.6366735100746155 0.007291666666666667 0.012962962962962963
2 0.26577264070510864 0.5565434098243713 0.007291666666666667 0.012962962962962963
2 0.2809930145740509 0.48681867122650146 0.007291666666666667 0.012962962962962963
2 0.30509716272354126 0.36864712834358215 0.007291666666666667 0.012962962962962963
2 0.31604307889938354 0.3174762427806854 0.007291666666666667 0.012962962962962963
2 0.3254798650741577 0.27216628193855286 0.007291666666666667 0.012962962962962963
2 0.4314511716365814 0.21974121034145355 0.007291666666666667 0.012962962962962963
2 0.5039269924163818 0.2214481085538864 0.007291666666666667 0.012962962962962963
2 0.5771413445472717 0.22181600332260132 0.007291666666666667 0.012962962962962963
2 0.6812260150909424 0.27614301443099976 0.007291666666666667 0.012962962962962963
2 0.6900864243507385 0.3219667375087738 0.007291666666666667 0.012962962962962963
2 0.697971761226654 0.3726597726345062 0.007291666666666667 0.012962962962962963
2 0.7200080752372742 0.49086451530456543 0.007291666666666667 0.012962962962962963
2 0.733165442943573 0.5614620447158813 0.007291666666666667 0.012962962962962963
2 0.7471639513969421 0.6408922076225281 0.007291666666666667 0.012962962962962963
2 0.6164601445198059 0.7606587409973145 0.007291666666666667 0.012962962962962963
2 0.4973101019859314 0.7595113515853882 0.007291666666666667 0.012962962962962963
2 0.3784484565258026 0.7583474516868591 0.007291666666666667 0.012962962962962963
