3 0.3832549452781677 0.4636733829975128 0.017708333333333333 0.02962962962962963
3 0.4454529583454132 0.5328779220581055 0.017708333333333333 0.030555555555555555
0 0.5271550416946411 0.5552511215209961 0.018229166666666668 0.03333333333333333
4 0.5660485625267029 0.3011361360549927 0.015625 0.026851851851851852
4 0.6599264740943909 0.390362948179245 0.015625 0.02962962962962963
4 0.6507709622383118 0.6173475980758667 0.019270833333333334 0.03518518518518519
1 0.6152575016021729 0.7186549305915833 0.020833333333333332 0.026851851851851852
4 0.7072126865386963 0.6812404990196228 0.0203125 0.03611111111111111
2 0.7498979568481445 0.6337888836860657 0.007291666666666667 0.012962962962962963
2 0.7353401184082031 0.5538915395736694 0.007291666666666667 0.012962962962962963
2 0.7204346060752869 0.48433125019073486 0.007291666666666667 0.012962962962962963
2 0.6967985033988953 0.36628958582878113 0.007291666666666667 0.012962962962962963
2 0.6860554218292236 0.31512558460235596 0.007291666666666667 0.012962962962962963
2 0.6767874360084534 0.26979386806488037 0.007291666666666667 0.012962962962962963
2 0.5726449489593506 0.21750223636627197 0.007291666666666667 0.012962962962962963
2 0.501130998134613 0.21936437487602234 0.007291666666666667 0.012962962962962963
2 0.4286315143108368 0.21988534927368164 0.007291666666666667 0.012962962962962963
2 0.3251650631427765 0.27498018741607666 0.007291666666666667 0.012962962962962963
2 0.3163701295852661 0.3213052749633789 0.007291666666666667 0.012962962962962963
2 0.3085494935512543 0.3725601136684418 0.007291666666666667 0.012962962962962963
2 0.2866608202457428 0.49216240644454956 0.007291666666666667 0.012962962962962963
2 0.2735830247402191 0.5636420249938965 0.007291666666666667 0.012962962962962963
2 0.2596660554409027 0.6440970301628113 0.007291666666666667 0.012962962962962963
2 0.3900274336338043 0.7631590962409973 0.007291666666666667 0.012962962962962963
2 0.5080411434173584 0.760190486907959 0.007291666666666667 0.012962962962962963
2 0.6250916719436646 0.7572267651557922 0.007291666666666667 0.012962962962962963
