3 0.6167306303977966 0.4585879147052765 0.017708333333333333 0.02962962962962963
3 0.5570629835128784 0.5243455767631531 0.017708333333333333 0.030555555555555555
0 0.4779556691646576 0.5452637672424316 0.018229166666666668 0.03333333333333333
4 0.4387000501155853 0.30075064301490784 0.015625 0.026851851851851852
4 0.34751132130622864 0.38546064496040344 0.015625 0.02962962962962963
4 0.35769981145858765 0.6043369174003601 0.019270833333333334 0.03518518518518519
1 0.392988383769989 0.702106773853302 0.020833333333333332 0.026851851851851852
4 0.3026873767375946 0.6657837629318237 0.0203125 0.03611111111111111
2 0.26045385003089905 0.6197649836540222 0.007291666666666667 0.012962962962962963
2 0.2743627727031708 0.5426073670387268 0.007291666666666667 0.012962962962962963
2 0.2886524200439453 0.47552189230918884 0.007291666666666667 0.012962962962962963
2 0.31123822927474976 0.36183083057403564 0.007291666666666667 0.012962962962962963
2 0.3215039074420929 0.31262221932411194 0.007291666666666667 0.012962962962962963
2 0.3303470015525818 0.2690523564815521 0.007291666666666667 0.012962962962962963
2 0.43181338906288147 0.22030431032180786 0.007291666666666667 0.012962962962962963
2 0.5013414621353149 0.2232118844985962 0.007291666666666667 0.012962962962962963
2 0.5715305805206299 0.2248397320508957 0.007291666666666667 0.012962962962962963
2 0.671519935131073 0.2790040671825409 0.007291666666666667 0.012962962962962963
2 0.6802396178245544 0.3233191668987274 0.007291666666666667 0.012962962962962963
2 0.6880506277084351 0.3723112642765045 0.007291666666666667 0.012962962962962963
2 0.7097592949867249 0.48661285638809204 0.007291666666666667 0.012962962962962963
2 0.7227211594581604 0.5548799633979797 0.007291666666666667 0.012962962962962963
2 0.7365341782569885 0.631676197052002 0.007291666666666667 0.012962962962962963
2 0.6119422316551208 0.7451496124267578 0.007291666666666667 0.012962962962962963
2 0.49767938256263733 0.7422163486480713 0.007291666666666667 0.012962962962962963
2 0.383585125207901 0.7392686605453491 0.007291666666666667 0.012962962962962963
