3 0.3639970123767853 0.4728623926639557 0.017708333333333333 0.02962962962962963
3 0.4262825548648834 0.5409126281738281 0.017708333333333333 0.030555555555555555
0 0.5075365900993347 0.5634685158729553 0.018229166666666668 0.03333333333333333
4 0.5424635410308838 0.31296494603157043 0.015625 0.026851851851851852
4 0.6380179524421692 0.40112993121147156 0.015625 0.02962962962962963
4 0.6320688724517822 0.6258491277694702 0.019270833333333334 0.03518518518518519
1 0.5978934168815613 0.7253477573394775 0.020833333333333332 0.026851851851851852
4 0.6898937225341797 0.6897668838500977 0.0203125 0.03611111111111111
2 0.732485830783844 0.6432680487632751 0.007291666666666667 0.012962962962962963
2 0.7166043519973755 0.5637696385383606 0.007291666666666667 0.012962962962962963
2 0.7005194425582886 0.49456483125686646 0.007291666666666667 0.012962962962962963
2 0.6749190092086792 0.37719792127609253 0.007291666666666667 0.012962962962962963
2 0.663323700428009 0.3263511061668396 0.007291666666666667 0.012962962962962963
2 0.6533066034317017 0.2813125252723694 0.007291666666666667 0.012962962962962963
2 0.5478048920631409 0.23016391694545746 0.007291666666666667 0.012962962962962963
2 0.47651684284210205 0.23260146379470825 0.007291666666666667 0.012962962962962963
2 0.40473225712776184 0.23371122777462006 0.007291666666666667 0.012962962962962963
2 0.3040578067302704 0.2884376049041748 0.007291666666666667 0.012962962962962963
2 0.2962411344051361 0.3337407410144806 0.007291666666666667 0.012962962962962963
2 0.2894674837589264 0.38378387689590454 0.007291666666666667 0.012962962962962963
2 0.270163357257843 0.500254213809967 0.007291666666666667 0.012962962962962963
2 0.25866496562957764 0.5696514248847961 0.007291666666666667 0.012962962962962963
2 0.24653129279613495 0.6475841999053955 0.007291666666666667 0.012962962962962963
2 0.3754543364048004 0.7651892304420471 0.007291666666666667 0.012962962962962963
2 0.4916922152042389 0.7643625736236572 0.007291666666666667 0.012962962962962963
2 0.6083102822303772 0.7635142803192139 0.007291666666666667 0.012962962962962963
