3 0.6259728074073792 0.4567849040031433 0.017708333333333333 0.02962962962962963
3 0.5637092590332031 0.5255581140518188 0.017708333333333333 0.030555555555555555
0 0.4823150038719177 0.5486328601837158 0.018229166666666668 0.03333333333333333
4 0.446406751871109 0.29871949553489685 0.015625 0.026851851851851852
4 0.35178282856941223 0.3874158263206482 0.015625 0.02962962962962963
4 0.3582458794116974 0.6116713285446167 0.019270833333333334 0.03518518518518519
1 0.39258942008018494 0.7114816308021545 0.020833333333333332 0.026851851851851852
4 0.3009048402309418 0.675840437412262 0.0203125 0.03611111111111111
2 0.25862428545951843 0.6293920874595642 0.007291666666666667 0.012962962962962963
2 0.27425363659858704 0.5499600172042847 0.007291666666666667 0.012962962962962963
2 0.29007425904273987 0.48090028762817383 0.007291666666666667 0.012962962962962963
2 0.3151998221874237 0.3639950454235077 0.007291666666666667 0.012962962962962963
2 0.3265661597251892 0.313423216342926 0.007291666666666667 0.012962962962962963
2 0.3363746702671051 0.2686709463596344 0.007291666666666667 0.012962962962962963
2 0.4407769441604614 0.21656182408332825 0.007291666666666667 0.012962962962962963
2 0.5117584466934204 0.2179710566997528 0.007291666666666667 0.012962962962962963
2 0.5835183262825012 0.2180568128824234 0.007291666666666667 0.012962962962962963
2 0.6850577592849731 0.2713184952735901 0.007291666666666667 0.012962962962962963
2 0.6932932138442993 0.31657713651657104 0.007291666666666667 0.012962962962962963
2 0.700527548789978 0.366688072681427 0.007291666666666667 0.012962962962962963
2 0.721006453037262 0.4836728274822235 0.007291666666666667 0.012962962962962963
2 0.7332512736320496 0.5536419153213501 0.007291666666666667 0.012962962962962963
2 0.7462511658668518 0.6324566006660461 0.007291666666666667 0.012962962962962963
2 0.616358757019043 0.7517497539520264 0.007291666666666667 0.012962962962962963
2 0.4991356432437897 0.7508251667022705 0.007291666666666667 0.012962962962962963
2 0.38230201601982117 0.7498845458030701 0.007291666666666667 0.012962962962962963
