4 0.7462657690048218 0.682568371295929 0.016145833333333335 0.028703703703703703
3 0.797569215297699 0.623439371585846 0.015625 0.026851851851851852
4 0.7772806286811829 0.5032251477241516 0.016145833333333335 0.027777777777777776
4 0.6966015696525574 0.37886276841163635 0.016145833333333335 0.027777777777777776
3 0.6977290511131287 0.6097152829170227 0.015625 0.025925925925925925
1 0.605771005153656 0.6831066012382507 0.015625 0.027777777777777776
4 0.6114457249641418 0.6389471888542175 0.015104166666666667 0.026851851851851852
4 0.6138097047805786 0.5917928814888 0.015625 0.027777777777777776
3 0.5036342740058899 0.5974080562591553 0.015104166666666667 0.026851851851851852
0 0.565983772277832 0.300916850566864 0.015625 0.026851851851851852
4 0.5133351683616638 0.244646817445755 0.015104166666666667 0.026851851851851852
3 0.3874276280403137 0.2670697867870331 0.015104166666666667 0.027777777777777776
4 0.27245619893074036 0.4331851899623871 0.015625 0.027777777777777776
3 0.2617935538291931 0.6336543560028076 0.015625 0.025925925925925925
2 0.14908146858215332 0.6231911778450012 0.007291666666666667 0.012962962962962963
2 0.1467714160680771 0.4884279668331146 0.007291666666666667 0.012962962962962963
2 0.1439446657896042 0.35148295760154724 0.007291666666666667 0.012962962962962963
2 0.24294361472129822 0.17443779110908508 0.007291666666666667 0.012962962962962963
2 0.32320383191108704 0.17207221686840057 0.007291666666666667 0.012962962962962963
2 0.403812438249588 0.16969506442546844 0.007291666666666667 0.012962962962962963
2 0.5665997266769409 0.16616901755332947 0.007291666666666667 0.012962962962962963
2 0.6490288376808167 0.16416983306407928 0.007291666666666667 0.012962962962962963
2 0.7320827841758728 0.16258391737937927 0.007291666666666667 0.012962962962962963
2 0.8405112624168396 0.340231329202652 0.007291666666666667 0.012962962962962963
2 0.8421258330345154 0.4816029965877533 0.007291666666666667 0.012962962962962963
2 0.8434705138206482 0.6219928860664368 0.007291666666666667 0.012962962962962963
2 0.7386787533760071 0.7990810871124268 0.007291666666666667 0.012962962962962963
2 0.656525194644928 0.7982916235923767 0.007291666666666667 0.012962962962962963
2 0.5742425918579102 0.7987750768661499 0.007291666666666667 0.012962962962962963
2 0.41270625591278076 0.7976350784301758 0.007291666666666667 0.012962962962962963
2 0.332948237657547 0.7972812056541443 0.007291666666666667 0.012962962962962963
2 0.25327008962631226 0.796093225479126 0.007291666666666667 0.012962962962962963
