4 0.2398880571126938 0.7074314951896667 0.016145833333333335 0.028703703703703703
3 0.18909505009651184 0.6517623662948608 0.015625 0.026851851851851852
4 0.20585040748119354 0.5345980525016785 0.016145833333333335 0.027777777777777776
4 0.2815852463245392 0.4094778299331665 0.016145833333333335 0.027777777777777776
3 0.2854241132736206 0.6353857517242432 0.015625 0.025925925925925925
1 0.37710222601890564 0.7042441964149475 0.015625 0.027777777777777776
4 0.37064945697784424 0.6612561345100403 0.015104166666666667 0.026851851851851852
4 0.36739814281463623 0.6151708960533142 0.015625 0.027777777777777776
3 0.4771565794944763 0.6170321106910706 0.015104166666666667 0.026851851851851852
0 0.40937602519989014 0.32556766271591187 0.015625 0.026851851851851852
4 0.4612799286842346 0.26627257466316223 0.015104166666666667 0.026851851851851852
3 0.5899452567100525 0.28141894936561584 0.015104166666666667 0.027777777777777776
4 0.7111623287200928 0.4435206949710846 0.015625 0.027777777777777776
3 0.7245821356773376 0.6452517509460449 0.015625 0.025925925925925925
2 0.8425871133804321 0.6310429573059082 0.007291666666666667 0.012962962962962963
2 0.8438677191734314 0.4939727187156677 0.007291666666666667 0.012962962962962963
2 0.8456884622573853 0.3536829948425293 0.007291666666666667 0.012962962962962963
2 0.7391065955162048 0.17780792713165283 0.007291666666666667 0.012962962962962963
2 0.6550585627555847 0.1807752400636673 0.007291666666666667 0.012962962962962963
2 0.5716496706008911 0.18371866643428802 0.007291666666666667 0.012962962962962963
2 0.40622684359550476 0.19083596765995026 0.007291666666666667 0.012962962962962963
2 0.3239542543888092 0.19416241347789764 0.007291666666666667 0.012962962962962963
2 0.24205951392650604 0.19789861142635345 0.007291666666666667 0.012962962962962963
2 0.1410495787858963 0.37869155406951904 0.007291666666666667 0.012962962962962963
2 0.1429651826620102 0.5161600708961487 0.007291666666666667 0.012962962962962963
2 0.14510148763656616 0.6517473459243774 0.007291666666666667 0.012962962962962963
2 0.2497931867837906 0.8195849657058716 0.007291666666666667 0.012962962962962963
2 0.32955342531204224 0.8173292279243469 0.007291666666666667 0.012962962962962963
2 0.4104194641113281 0.8162829279899597 0.007291666666666667 0.012962962962962963
2 0.5719830989837646 0.8121346235275269 0.007291666666666667 0.012962962962962963
2 0.6531834006309509 0.8102570176124573 0.007291666666666667 0.012962962962962963
2 0.7352563738822937 0.8075271248817444 0.007291666666666667 0.012962962962962963
