4 0.23994992673397064 0.704808235168457 0.016145833333333335 0.028703703703703703
3 0.18997745215892792 0.6427661180496216 0.015625 0.026851851851851852
4 0.20956751704216003 0.52122563123703 0.016145833333333335 0.027777777777777776
4 0.2882143557071686 0.3963281214237213 0.016145833333333335 0.027777777777777776
3 0.28740960359573364 0.6321226954460144 0.015625 0.025925925925925925
1 0.378471314907074 0.7107676863670349 0.015625 0.027777777777777776
4 0.37274596095085144 0.6650895476341248 0.015104166666666667 0.026851851851851852
4 0.3703121840953827 0.6164965629577637 0.015625 0.027777777777777776
3 0.4806540608406067 0.6259111166000366 0.015104166666666667 0.026851851851851852
0 0.41740912199020386 0.3183882236480713 0.015625 0.026851851851851852
4 0.47005176544189453 0.26095280051231384 0.015104166666666667 0.026851851851851852
3 0.5978488922119141 0.2853194773197174 0.015104166666666667 0.027777777777777776
4 0.7170836329460144 0.46093159914016724 0.015625 0.027777777777777776
3 0.7289544343948364 0.6723074316978455 0.015625 0.025925925925925925
2 0.8474893569946289 0.6654036641120911 0.007291666666666667 0.012962962962962963
2 0.8493306636810303 0.5223610997200012 0.007291666666666667 0.012962962962962963
2 0.8517073392868042 0.3771843910217285 0.007291666666666667 0.012962962962962963
2 0.746857762336731 0.18940696120262146 0.007291666666666667 0.012962962962962963
2 0.6635482907295227 0.1866777539253235 0.007291666666666667 0.012962962962962963
2 0.5808116793632507 0.18396596610546112 0.007291666666666667 0.012962962962962963
2 0.4165215790271759 0.17989006638526917 0.007291666666666667 0.012962962962962963
2 0.33472296595573425 0.17764243483543396 0.007291666666666667 0.012962962962962963
2 0.25323015451431274 0.17583827674388885 0.007291666666666667 0.012962962962962963
2 0.14831052720546722 0.3548510670661926 0.007291666666666667 0.012962962962962963
2 0.1468336135149002 0.4977036118507385 0.007291666666666667 0.012962962962962963
2 0.14561423659324646 0.63975590467453 0.007291666666666667 0.012962962962962963
2 0.24748992919921875 0.8240990042686462 0.007291666666666667 0.012962962962962963
2 0.32830047607421875 0.8271086812019348 0.007291666666666667 0.012962962962962963
2 0.4101540148258209 0.8314740061759949 0.007291666666666667 0.012962962962962963
2 0.573564887046814 0.8380056619644165 0.007291666666666667 0.012962962962962963
2 0.6556083559989929 0.8415047526359558 0.007291666666666667 0.012962962962962963
2 0.7384840846061707 0.8441573977470398 0.007291666666666667 0.012962962962962963
