3 0.15679830312728882 0.29616886377334595 0.026041666666666668 0.04259259259259259
1 0.1391000747680664 0.5279991030693054 0.025 0.04259259259259259
3 0.18110688030719757 0.5094883441925049 0.024479166666666666 0.04259259259259259
0 0.5428674817085266 0.433170348405838 0.023958333333333335 0.040740740740740744
3 0.7927894592285156 0.7783205509185791 0.024479166666666666 0.041666666666666664
3 0.8002603054046631 0.537652313709259 0.024479166666666666 0.041666666666666664
3 0.8637725114822388 0.3659825623035431 0.025 0.04259259259259259
2 0.9221595525741577 0.6640768051147461 0.007291666666666667 0.012962962962962963
2 0.9180716872215271 0.4854646921157837 0.007291666666666667 0.012962962962962963
2 0.9144850969314575 0.3067311942577362 0.007291666666666667 0.012962962962962963
2 0.787073016166687 0.09258634597063065 0.007291666666666667 0.012962962962962963
2 0.6857827305793762 0.09539733827114105 0.007291666666666667 0.012962962962962963
2 0.5857660174369812 0.09906363487243652 0.007291666666666667 0.012962962962962963
2 0.38467058539390564 0.10330842435359955 0.007291666666666667 0.012962962962962963
2 0.28411737084388733 0.10520829260349274 0.007291666666666667 0.012962962962962963
2 0.1830665022134781 0.10756730288267136 0.007291666666666667 0.012962962962962963
2 0.06085777282714844 0.329984575510025 0.007291666666666667 0.012962962962962963
2 0.0631902664899826 0.5087602734565735 0.007291666666666667 0.012962962962962963
2 0.06504859775304794 0.68921959400177 0.007291666666666667 0.012962962962962963
2 0.1941574066877365 0.9051206111907959 0.007291666666666667 0.012962962962962963
2 0.29656752943992615 0.9018306136131287 0.007291666666666667 0.012962962962962963
2 0.3972228467464447 0.8990334868431091 0.007291666666666667 0.012962962962962963
2 0.5987749695777893 0.8929884433746338 0.007291666666666667 0.012962962962962963
2 0.700182318687439 0.8901703953742981 0.007291666666666667 0.012962962962962963
2 0.8018262386322021 0.886457622051239 0.007291666666666667 0.012962962962962963
