3 0.8343095779418945 0.2974395155906677 0.026041666666666668 0.04259259259259259
1 0.8608173727989197 0.5115342736244202 0.025 0.04259259259259259
3 0.8192400336265564 0.49481749534606934 0.024479166666666666 0.04259259259259259
0 0.4597972631454468 0.42710402607917786 0.023958333333333335 0.040740740740740744
3 0.21700191497802734 0.7591597437858582 0.024479166666666666 0.041666666666666664
3 0.2029256969690323 0.5286800265312195 0.024479166666666666 0.041666666666666664
3 0.13363638520240784 0.36614248156547546 0.025 0.04259259259259259
2 0.08087093383073807 0.6516457200050354 0.007291666666666667 0.012962962962962963
2 0.08084253966808319 0.48028045892715454 0.007291666666666667 0.012962962962962963
2 0.08029782772064209 0.3102818727493286 0.007291666666666667 0.012962962962962963
2 0.20458722114562988 0.10894925147294998 0.007291666666666667 0.012962962962962963
2 0.3065778315067291 0.11191371083259583 0.007291666666666667 0.012962962962962963
2 0.4065576493740082 0.11564382165670395 0.007291666666666667 0.012962962962962963
2 0.6052417159080505 0.12018568068742752 0.007291666666666667 0.012962962962962963
2 0.7034716010093689 0.12222743779420853 0.007291666666666667 0.012962962962962963
2 0.8014702200889587 0.12467446178197861 0.007291666666666667 0.012962962962962963
2 0.9281904101371765 0.3280980885028839 0.007291666666666667 0.012962962962962963
2 0.9334765672683716 0.49284008145332336 0.007291666666666667 0.012962962962962963
2 0.9393375515937805 0.6605129241943359 0.007291666666666667 0.012962962962962963
2 0.8223394751548767 0.8661652207374573 0.007291666666666667 0.012962962962962963
2 0.7211952209472656 0.8656438589096069 0.007291666666666667 0.012962962962962963
2 0.6210407018661499 0.8655440211296082 0.007291666666666667 0.012962962962962963
2 0.4181748032569885 0.8649147748947144 0.007291666666666667 0.012962962962962963
2 0.31493517756462097 0.8648101687431335 0.007291666666666667 0.012962962962962963
2 0.21062645316123962 0.8638440370559692 0.007291666666666667 0.012962962962962963
