3 0.1597428023815155 0.27525919675827026 0.026041666666666668 0.04259259259259259
1 0.1390378326177597 0.5010923147201538 0.025 0.04259259259259259
3 0.18064790964126587 0.4852449893951416 0.024479166666666666 0.04259259259259259
0 0.5398971438407898 0.4294557273387909 0.023958333333333335 0.040740740740740744
3 0.7810075879096985 0.7804896831512451 0.024479166666666666 0.041666666666666664
3 0.7940494418144226 0.5455673336982727 0.024479166666666666 0.041666666666666664
3 0.8616841435432434 0.3799867033958435 0.025 0.04259259259259259
2 0.9127315282821655 0.6760758757591248 0.007291666666666667 0.012962962962962963
2 0.913128137588501 0.5005607008934021 0.007291666666666667 0.012962962962962963
2 0.9140332341194153 0.3240644633769989 0.007291666666666667 0.012962962962962963
2 0.7912788391113281 0.10540597140789032 0.007291666666666667 0.012962962962962963
2 0.6895855069160461 0.10326175391674042 0.007291666666666667 0.012962962962962963
2 0.589389443397522 0.10203251987695694 0.007291666666666667 0.012962962962962963
2 0.3887058198451996 0.09647699445486069 0.007291666666666667 0.012962962962962963
2 0.28871288895606995 0.09348879754543304 0.007291666666666667 0.012962962962962963
2 0.1884523332118988 0.09093668311834335 0.007291666666666667 0.012962962962962963
2 0.06467889249324799 0.3035854995250702 0.007291666666666667 0.012962962962962963
2 0.06467539817094803 0.4783637821674347 0.007291666666666667 0.012962962962962963
2 0.0641857162117958 0.6538712382316589 0.007291666666666667 0.012962962962962963
2 0.1877240538597107 0.8698277473449707 0.007291666666666667 0.012962962962962963
2 0.28821176290512085 0.8724331855773926 0.007291666666666667 0.012962962962962963
2 0.3872031569480896 0.8754222393035889 0.007291666666666667 0.012962962962962963
2 0.5861271023750305 0.8809979557991028 0.007291666666666667 0.012962962962962963
2 0.686560332775116 0.8840299844741821 0.007291666666666667 0.012962962962962963
2 0.7874858379364014 0.8862133622169495 0.007291666666666667 0.012962962962962963
