3 0.47525107860565186 0.2846587896347046 0.015104166666666667 0.025925925925925925
3 0.49380841851234436 0.29062244296073914 0.0140625 0.025
3 0.45440673828125 0.4074564278125763 0.016145833333333335 0.028703703703703703
3 0.5316317677497864 0.46644148230552673 0.016666666666666666 0.02962962962962963
3 0.4484478533267975 0.649797797203064 0.019270833333333334 0.03518518518518519
4 0.5718148350715637 0.6305181980133057 0.019270833333333334 0.03518518518518519
0 0.5415402054786682 0.5828544497489929 0.018229166666666668 0.03333333333333333
1 0.6857856512069702 0.5780045390129089 0.01875 0.03333333333333333
3 0.7233273983001709 0.6717836260795593 0.019791666666666666 0.03425925925925926
2 0.758643388748169 0.6409184336662292 0.007291666666666667 0.012962962962962963
2 0.743460476398468 0.5650289058685303 0.007291666666666667 0.012962962962962963
2 0.7300662398338318 0.49773842096328735 0.007291666666666667 0.012962962962962963
2 0.7066171169281006 0.38297396898269653 0.007291666666666667 0.012962962962962963
2 0.6965996623039246 0.33394694328308105 0.007291666666666667 0.012962962962962963
2 0.6875006556510925 0.289122074842453 0.007291666666666667 0.012962962962962963
2 0.5874164700508118 0.23359748721122742 0.007291666666666667 0.012962962962962963
2 0.5170881748199463 0.23088157176971436 0.007291666666666667 0.012962962962962963
2 0.4458138048648834 0.22902612388134003 0.007291666666666667 0.012962962962962963
2 0.3426019549369812 0.27977800369262695 0.007291666666666667 0.012962962962962963
2 0.33519917726516724 0.32559579610824585 0.007291666666666667 0.012962962962962963
2 0.326809823513031 0.3767664432525635 0.007291666666666667 0.012962962962962963
2 0.3073464632034302 0.49647775292396545 0.007291666666666667 0.012962962962962963
2 0.2955247759819031 0.5676715970039368 0.007291666666666667 0.012962962962962963
2 0.28224271535873413 0.6481882929801941 0.007291666666666667 0.012962962962962963
2 0.4159197509288788 0.7651920318603516 0.007291666666666667 0.012962962962962963
2 0.5304217338562012 0.7616569399833679 0.007291666666666667 0.012962962962962963
2 0.6420183777809143 0.7586321234703064 0.007291666666666667 0.012962962962962963
