3 0.4315319061279297 0.28053605556488037 0.015104166666666667 0.025925925925925925
3 0.45021852850914 0.2858501970767975 0.0140625 0.025
3 0.4136123061180115 0.39952170848846436 0.016145833333333335 0.028703703703703703
3 0.4928446114063263 0.45701831579208374 0.016666666666666666 0.02962962962962963
3 0.41319534182548523 0.6359408497810364 0.019270833333333334 0.03518518518518519
4 0.5386189818382263 0.6205759644508362 0.019270833333333334 0.03518518518518519
0 0.5060194134712219 0.5722585916519165 0.018229166666666668 0.03333333333333333
1 0.6577276587486267 0.5705277919769287 0.01875 0.03333333333333333
3 0.701582133769989 0.6675904989242554 0.019791666666666666 0.03425925925925926
2 0.7393817901611328 0.6370154023170471 0.007291666666666667 0.012962962962962963
2 0.7200109362602234 0.5584915280342102 0.007291666666666667 0.012962962962962963
2 0.7030736804008484 0.48953139781951904 0.007291666666666667 0.012962962962962963
2 0.6738829016685486 0.3733404874801636 0.007291666666666667 0.012962962962962963
2 0.6615489721298218 0.32424652576446533 0.007291666666666667 0.012962962962962963
2 0.6504064202308655 0.27963918447494507 0.007291666666666667 0.012962962962962963
2 0.5438833832740784 0.22773562371730804 0.007291666666666667 0.012962962962962963
2 0.4721585214138031 0.2274138480424881 0.007291666666666667 0.012962962962962963
2 0.401100218296051 0.2279527336359024 0.007291666666666667 0.012962962962962963
2 0.301959365606308 0.2790917158126831 0.007291666666666667 0.012962962962962963
2 0.2957369387149811 0.3225519359111786 0.007291666666666667 0.012962962962962963
2 0.2886667847633362 0.3711235523223877 0.007291666666666667 0.012962962962962963
2 0.27226319909095764 0.48488420248031616 0.007291666666666667 0.012962962962962963
2 0.262260377407074 0.5526226758956909 0.007291666666666667 0.012962962962962963
2 0.2510201632976532 0.6293072700500488 0.007291666666666667 0.012962962962962963
2 0.3833119571208954 0.748212993144989 0.007291666666666667 0.012962962962962963
2 0.4992466866970062 0.7503852844238281 0.007291666666666667 0.012962962962962963
2 0.6163921356201172 0.7530097365379333 0.007291666666666667 0.012962962962962963
