3 0.8867895603179932 0.4483911395072937 0.013541666666666667 0.016666666666666666
1 0.8663721680641174 0.43343520164489746 0.013541666666666667 0.023148148148148147
4 0.8392094373703003 0.40112701058387756 0.013541666666666667 0.023148148148148147
4 0.786833643913269 0.4174908399581909 0.013541666666666667 0.023148148148148147
4 0.8009695410728455 0.4605516493320465 0.013541666666666667 0.023148148148148147
3 0.7377097606658936 0.3800831735134125 0.0125 0.020370370370370372
0 0.7450059056282043 0.42268434166908264 0.0125 0.022222222222222223
4 0.7237175107002258 0.5038855075836182 0.015104166666666667 0.025925925925925925
3 0.6582310199737549 0.45919519662857056 0.013541666666666667 0.023148148148148147
3 0.5629326701164246 0.45311275124549866 0.013541666666666667 0.023148148148148147
3 0.4448539912700653 0.5308529138565063 0.0140625 0.025
3 0.426117479801178 0.5255923867225647 0.0140625 0.025925925925925925
4 0.35993796586990356 0.5288130044937134 0.014583333333333334 0.025925925925925925
2 0.3597862422466278 0.4553662836551666 0.011458333333333333 0.012962962962962963
2 0.4197804033756256 0.43207240104675293 0.011458333333333333 0.012962962962962963
2 0.4762197732925415 0.4101397395133972 0.011458333333333333 0.012962962962962963
2 0.5793542265892029 0.36986926198005676 0.011458333333333333 0.012962962962962963
2 0.6266161203384399 0.3519623875617981 0.011458333333333333 0.012962962962962963
2 0.671220064163208 0.33449310064315796 0.011458333333333333 0.012962962962962963
2 0.7830852270126343 0.3441337049007416 0.011458333333333333 0.012962962962962963
2 0.8306721448898315 0.36964455246925354 0.011458333333333333 0.012962962962962963
2 0.8814583420753479 0.3968842327594757 0.011458333333333333 0.012962962962962963
2 0.8983622193336487 0.46400129795074463 0.011458333333333333 0.012962962962962963
2 0.8540340065956116 0.488504022359848 0.011458333333333333 0.012962962962962963
2 0.806107223033905 0.5147724151611328 0.011458333333333333 0.012962962962962963
2 0.701056718826294 0.5718297958374023 0.011458333333333333 0.012962962962962963
2 0.6423652172088623 0.603512167930603 0.011458333333333333 0.012962962962962963
2 0.5794106125831604 0.6379196643829346 0.011458333333333333 0.012962962962962963
2 0.42126211524009705 0.6227105259895325 0.011458333333333333 0.012962962962962963
2 0.3729497492313385 0.5782254338264465 0.011458333333333333 0.012962962962962963
2 0.32873743772506714 0.5362910628318787 0.011458333333333333 0.012962962962962963
