3 0.875255823135376 0.5690836310386658 0.025 0.04259259259259259
3 0.8501269817352295 0.5873814225196838 0.026041666666666668 0.04259259259259259
3 0.5337350368499756 0.8267452716827393 0.023958333333333335 0.04259259259259259
3 0.5287559628486633 0.22044795751571655 0.023958333333333335 0.041666666666666664
4 0.4012642800807953 0.3045457899570465 0.024479166666666666 0.041666666666666664
3 0.34585610032081604 0.2818845510482788 0.024479166666666666 0.04259259259259259
4 0.2821664810180664 0.47768837213516235 0.023958333333333335 0.041666666666666664
0 0.2609480321407318 0.5105825066566467 0.024479166666666666 0.041666666666666664
3 0.28848251700401306 0.30723288655281067 0.025 0.04259259259259259
3 0.22810395061969757 0.33342084288597107 0.023958333333333335 0.041666666666666664
1 0.13215582072734833 0.42562949657440186 0.025 0.04259259259259259
2 0.1935831904411316 0.09149184823036194 0.007291666666666667 0.012962962962962963
2 0.2970688045024872 0.09269329160451889 0.007291666666666667 0.012962962962962963
2 0.39962732791900635 0.09388397634029388 0.007291666666666667 0.012962962962962963
2 0.6060998439788818 0.09443768113851547 0.007291666666666667 0.012962962962962963
2 0.7092421650886536 0.0942508801817894 0.007291666666666667 0.012962962962962963
2 0.8137897253036499 0.09454025328159332 0.007291666666666667 0.012962962962962963
2 0.9424285292625427 0.3219444751739502 0.007291666666666667 0.012962962962962963
2 0.9417884349822998 0.5057709217071533 0.007291666666666667 0.012962962962962963
2 0.9411448240280151 0.6894961595535278 0.007291666666666667 0.012962962962962963
2 0.8121671080589294 0.9116737842559814 0.007291666666666667 0.012962962962962963
2 0.7083869576454163 0.9095999002456665 0.007291666666666667 0.012962962962962963
2 0.6062451004981995 0.9084516167640686 0.007291666666666667 0.012962962962962963
2 0.40125516057014465 0.9065917730331421 0.007291666666666667 0.012962962962962963
2 0.2994304895401001 0.9058958292007446 0.007291666666666667 0.012962962962962963
2 0.1961813122034073 0.9047278761863708 0.007291666666666667 0.012962962962962963
2 0.0691746398806572 0.6790799498558044 0.007291666666666667 0.012962962962962963
2 0.06895991414785385 0.4975128173828125 0.007291666666666667 0.012962962962962963
2 0.06848233193159103 0.31403207778930664 0.007291666666666667 0.012962962962962963
