3 0.13325494527816772 0.5593176484107971 0.025 0.04259259259259259
3 0.15813064575195312 0.5775710344314575 0.026041666666666668 0.04259259259259259
3 0.4714147448539734 0.8163107633590698 0.023958333333333335 0.04259259259259259
3 0.47402939200401306 0.2225404679775238 0.023958333333333335 0.041666666666666664
4 0.5990040898323059 0.3057653307914734 0.024479166666666666 0.041666666666666664
3 0.6529179811477661 0.28445613384246826 0.024479166666666666 0.04259259259259259
4 0.7164568305015564 0.4755943715572357 0.023958333333333335 0.041666666666666664
0 0.737434446811676 0.5079007148742676 0.024479166666666666 0.041666666666666664
3 0.7089996337890625 0.3097439110279083 0.025 0.04259259259259259
3 0.7679852843284607 0.3358696401119232 0.023958333333333335 0.041666666666666664
1 0.8621629476547241 0.42649203538894653 0.025 0.04259259259259259
2 0.7993840575218201 0.10258407145738602 0.007291666666666667 0.012962962962962963
2 0.6990520358085632 0.10224921256303787 0.007291666666666667 0.012962962962962963
2 0.5993837714195251 0.1019165888428688 0.007291666666666667 0.012962962962962963
2 0.3980119824409485 0.09946249425411224 0.007291666666666667 0.012962962962962963
2 0.29706287384033203 0.09778375923633575 0.007291666666666667 0.012962962962962963
2 0.19449767470359802 0.09654200822114944 0.007291666666666667 0.012962962962962963
2 0.06732336431741714 0.3161333501338959 0.007291666666666667 0.012962962962962963
2 0.06743736565113068 0.49636828899383545 0.007291666666666667 0.012962962962962963
2 0.0675557479262352 0.6775836944580078 0.007291666666666667 0.012962962962962963
2 0.19548822939395905 0.8988938927650452 0.007291666666666667 0.012962962962962963
2 0.2986580431461334 0.897407591342926 0.007291666666666667 0.012962962962962963
2 0.3999549150466919 0.8968344330787659 0.007291666666666667 0.012962962962962963
2 0.6025258898735046 0.8961287140846252 0.007291666666666667 0.012962962962962963
2 0.7027933597564697 0.8960047960281372 0.007291666666666667 0.012962962962962963
2 0.8042189478874207 0.8954226970672607 0.007291666666666667 0.012962962962962963
2 0.9261552095413208 0.6743499636650085 0.007291666666666667 0.012962962962962963
2 0.9243570566177368 0.49707314372062683 0.007291666666666667 0.012962962962962963
2 0.9228031039237976 0.3189840018749237 0.007291666666666667 0.012962962962962963
