4 0.5935570597648621 0.23695579171180725 0.0125 0.021296296296296296
4 0.6217988729476929 0.27679184079170227 0.015625 0.026851851851851852
4 0.47842103242874146 0.26288852095603943 0.014583333333333334 0.026851851851851852
4 0.5758005380630493 0.369491845369339 0.015625 0.028703703703703703
4 0.6369674801826477 0.5692921280860901 0.01875 0.032407407407407406
4 0.4168330430984497 0.4456762969493866 0.016666666666666666 0.030555555555555555
1 0.5203825831413269 0.4875439703464508 0.0171875 0.030555555555555555
3 0.4931182861328125 0.5760120153427124 0.019270833333333334 0.03333333333333333
3 0.44147250056266785 0.5636181235313416 0.018229166666666668 0.03148148148148148
3 0.45603474974632263 0.6609050035476685 0.019791666666666666 0.03518518518518519
0 0.3923892080783844 0.6436417102813721 0.019270833333333334 0.03518518518518519
2 0.2385154515504837 0.621405839920044 0.007291666666666667 0.012962962962962963
2 0.2541957199573517 0.5431191921234131 0.007291666666666667 0.012962962962962963
2 0.26752763986587524 0.4744047522544861 0.007291666666666667 0.012962962962962963
2 0.2907681465148926 0.35837677121162415 0.007291666666666667 0.012962962962962963
2 0.3006349205970764 0.30844491720199585 0.007291666666666667 0.012962962962962963
2 0.30957117676734924 0.2633344233036041 0.007291666666666667 0.012962962962962963
2 0.412168949842453 0.21242298185825348 0.007291666666666667 0.012962962962962963
2 0.4833921492099762 0.21433626115322113 0.007291666666666667 0.012962962962962963
2 0.5556652545928955 0.21582116186618805 0.007291666666666667 0.012962962962962963
2 0.6595136523246765 0.27157074213027954 0.007291666666666667 0.012962962962962963
2 0.6770029664039612 0.3687027394771576 0.007291666666666667 0.012962962962962963
2 0.6988623738288879 0.48926639556884766 0.007291666666666667 0.012962962962962963
2 0.7117170095443726 0.5608158111572266 0.007291666666666667 0.012962962962962963
2 0.7264711856842041 0.6413931846618652 0.007291666666666667 0.012962962962962963
2 0.5954058170318604 0.756604790687561 0.007291666666666667 0.012962962962962963
2 0.478590190410614 0.7513359785079956 0.007291666666666667 0.012962962962962963
2 0.36279943585395813 0.7456666827201843 0.007291666666666667 0.012962962962962963
