4 0.6197965741157532 0.24089550971984863 0.0125 0.021296296296296296
4 0.647465705871582 0.27880504727363586 0.015625 0.026851851851851852
4 0.5063793063163757 0.2657117247581482 0.014583333333333334 0.026851851851851852
4 0.6032059192657471 0.36768838763237 0.015625 0.028703703703703703
4 0.6640987396240234 0.5581862330436707 0.01875 0.032407407407407406
4 0.44487661123275757 0.4441153407096863 0.016666666666666666 0.030555555555555555
1 0.5490965247154236 0.48258617520332336 0.0171875 0.030555555555555555
3 0.5222572088241577 0.5694869756698608 0.019270833333333334 0.03333333333333333
3 0.470182865858078 0.5590944290161133 0.018229166666666668 0.03148148148148148
3 0.4852207601070404 0.6541447639465332 0.019791666666666666 0.03518518518518519
0 0.42033371329307556 0.6398459672927856 0.019270833333333334 0.03518518518518519
2 0.259776771068573 0.6240939497947693 0.007291666666666667 0.012962962962962963
2 0.27648231387138367 0.5449104905128479 0.007291666666666667 0.012962962962962963
2 0.290598064661026 0.47586557269096375 0.007291666666666667 0.012962962962962963
2 0.315005362033844 0.36019179224967957 0.007291666666666667 0.012962962962962963
2 0.32529333233833313 0.31077131628990173 0.007291666666666667 0.012962962962962963
2 0.334572970867157 0.266305148601532 0.007291666666666667 0.012962962962962963
2 0.43961483240127563 0.21674524247646332 0.007291666666666667 0.012962962962962963
2 0.511163055896759 0.21890342235565186 0.007291666666666667 0.012962962962962963
2 0.5826438069343567 0.22062331438064575 0.007291666666666667 0.012962962962962963
2 0.6838088631629944 0.2737734317779541 0.007291666666666667 0.012962962962962963
2 0.7013010382652283 0.3657462000846863 0.007291666666666667 0.012962962962962963
2 0.7231621146202087 0.47992655634880066 0.007291666666666667 0.012962962962962963
2 0.7360251545906067 0.5477023124694824 0.007291666666666667 0.012962962962962963
2 0.7507781386375427 0.6240308284759521 0.007291666666666667 0.012962962962962963
2 0.6246845722198486 0.7410545945167542 0.007291666666666667 0.012962962962962963
2 0.5083172917366028 0.7420869469642639 0.007291666666666667 0.012962962962962963
2 0.39000242948532104 0.7426906824111938 0.007291666666666667 0.012962962962962963
