4 0.382659912109375 0.24045351147651672 0.0125 0.021296296296296296
4 0.35467904806137085 0.27999547123908997 0.015625 0.026851851851851852
4 0.49987688660621643 0.2688281834125519 0.014583333333333334 0.026851851851851852
4 0.402480810880661 0.3744117021560669 0.015625 0.028703703703703703
4 0.3433294892311096 0.57459557056427 0.01875 0.032407407407407406
4 0.5655807256698608 0.45546674728393555 0.016666666666666666 0.030555555555555555
1 0.46045544743537903 0.49519020318984985 0.0171875 0.030555555555555555
3 0.48954880237579346 0.585716724395752 0.019270833333333334 0.03333333333333333
3 0.5421609282493591 0.5746729969978333 0.018229166666666668 0.03148148148148148
3 0.5287348031997681 0.6732276082038879 0.019791666666666666 0.03518518518518519
0 0.5937672853469849 0.6577290892601013 0.019270833333333334 0.03518518518518519
2 0.7523854970932007 0.6399936676025391 0.007291666666666667 0.012962962962962963
2 0.7347757816314697 0.5593337416648865 0.007291666666666667 0.012962962962962963
2 0.719799816608429 0.48870545625686646 0.007291666666666667 0.012962962962962963
2 0.6938292980194092 0.3697572946548462 0.007291666666666667 0.012962962962962963
2 0.6828199028968811 0.31869998574256897 0.007291666666666667 0.012962962962962963
2 0.6728647947311401 0.2726380228996277 0.007291666666666667 0.012962962962962963
2 0.5667382478713989 0.21904191374778748 0.007291666666666667 0.012962962962962963
2 0.4940919280052185 0.2196829915046692 0.007291666666666667 0.012962962962962963
2 0.42071202397346497 0.21987050771713257 0.007291666666666667 0.012962962962962963
2 0.3165877163410187 0.27399349212646484 0.007291666666666667 0.012962962962962963
2 0.3002646267414093 0.37127959728240967 0.007291666666666667 0.012962962962962963
2 0.2798407971858978 0.4920964539051056 0.007291666666666667 0.012962962962962963
2 0.26783302426338196 0.5638335347175598 0.007291666666666667 0.012962962962962963
2 0.2540259063243866 0.644644558429718 0.007291666666666667 0.012962962962962963
2 0.3880177140235901 0.7657089829444885 0.007291666666666667 0.012962962962962963
2 0.5070149302482605 0.7645712494850159 0.007291666666666667 0.012962962962962963
2 0.6258581876754761 0.7629778981208801 0.007291666666666667 0.012962962962962963
