1 0.37718895077705383 0.43038251996040344 0.014583333333333334 0.025
3 0.4956769049167633 0.43559345602989197 0.0140625 0.01574074074074074
3 0.4952453672885895 0.44758233428001404 0.013020833333333334 0.023148148148148147
3 0.5673460364341736 0.42735400795936584 0.0125 0.023148148148148147
0 0.551785409450531 0.47174426913261414 0.0140625 0.025925925925925925
2 0.6543163657188416 0.5820762515068054 0.007291666666666667 0.009259259259259259
2 0.6471312046051025 0.5530707836151123 0.007291666666666667 0.009259259259259259
2 0.6409899592399597 0.5254270434379578 0.007291666666666667 0.009259259259259259
2 0.6300591230392456 0.47687506675720215 0.007291666666666667 0.009259259259259259
2 0.6244906783103943 0.455066978931427 0.007291666666666667 0.009259259259259259
2 0.6199658513069153 0.435051828622818 0.007291666666666667 0.009259259259259259
2 0.5441638827323914 0.4108627736568451 0.007291666666666667 0.009259259259259259
2 0.4863004684448242 0.41159844398498535 0.007291666666666667 0.009259259259259259
2 0.42873987555503845 0.41277778148651123 0.007291666666666667 0.009259259259259259
2 0.35268574953079224 0.4369684159755707 0.007291666666666667 0.009259259259259259
2 0.34921735525131226 0.45870015025138855 0.007291666666666667 0.009259259259259259
2 0.34472694993019104 0.4808826148509979 0.007291666666666667 0.009259259259259259
2 0.3347364366054535 0.5292741656303406 0.007291666666666667 0.009259259259259259
2 0.3297535479068756 0.5568232536315918 0.007291666666666667 0.009259259259259259
2 0.3247678875923157 0.584388017654419 0.007291666666666667 0.009259259259259259
2 0.41230425238609314 0.6230334639549255 0.007291666666666667 0.009259259259259259
2 0.49000877141952515 0.6229041218757629 0.007291666666666667 0.009259259259259259
2 0.5677849054336548 0.6214361786842346 0.007291666666666667 0.009259259259259259
