1 0.6226933598518372 0.43834322690963745 0.014583333333333334 0.025
3 0.507079005241394 0.4447287321090698 0.0140625 0.01574074074074074
3 0.5077040195465088 0.4559490382671356 0.013020833333333334 0.023148148148148147
3 0.4358997642993927 0.437923401594162 0.0125 0.023148148148148147
0 0.4521166980266571 0.47948315739631653 0.0140625 0.025925925925925925
2 0.3510146737098694 0.5859130024909973 0.007291666666666667 0.009259259259259259
2 0.3578254282474518 0.5581902861595154 0.007291666666666667 0.009259259259259259
2 0.36359304189682007 0.5318249464035034 0.007291666666666667 0.009259259259259259
2 0.3738490343093872 0.48560604453086853 0.007291666666666667 0.009259259259259259
2 0.3791101574897766 0.46487370133399963 0.007291666666666667 0.009259259259259259
2 0.38334405422210693 0.44587621092796326 0.007291666666666667 0.009259259259259259
2 0.4586981236934662 0.42213165760040283 0.007291666666666667 0.009259259259259259
2 0.5159133076667786 0.422158807516098 0.007291666666666667 0.009259259259259259
2 0.5723199248313904 0.42260226607322693 0.007291666666666667 0.009259259259259259
2 0.6464678049087524 0.44413232803344727 0.007291666666666667 0.009259259259259259
2 0.6501909494400024 0.4642049968242645 0.007291666666666667 0.009259259259259259
2 0.6549052596092224 0.4846741855144501 0.007291666666666667 0.009259259259259259
2 0.665370762348175 0.5292985439300537 0.007291666666666667 0.009259259259259259
2 0.6706477403640747 0.5547018051147461 0.007291666666666667 0.009259259259259259
2 0.6759257912635803 0.5801102519035339 0.007291666666666667 0.009259259259259259
2 0.5919408798217773 0.6182339787483215 0.007291666666666667 0.009259259259259259
2 0.5157937407493591 0.6202096343040466 0.007291666666666667 0.009259259259259259
2 0.438609778881073 0.6209475994110107 0.007291666666666667 0.009259259259259259
