1 0.6270822882652283 0.41665616631507874 0.014583333333333334 0.025
3 0.5083978772163391 0.42237207293510437 0.0140625 0.01574074074074074
3 0.5088628530502319 0.43465813994407654 0.013020833333333334 0.023148148148148147
3 0.4363504648208618 0.4141528606414795 0.0125 0.023148148148148147
0 0.45210397243499756 0.45964834094047546 0.0140625 0.025925925925925925
2 0.34895405173301697 0.5735675096511841 0.007291666666666667 0.009259259259259259
2 0.3561652600765228 0.5436692237854004 0.007291666666666667 0.009259259259259259
2 0.36232027411460876 0.5151959657669067 0.007291666666666667 0.009259259259259259
2 0.37326779961586 0.4652271270751953 0.007291666666666667 0.009259259259259259
2 0.37884557247161865 0.4427972137928009 0.007291666666666667 0.009259259259259259
2 0.3833717703819275 0.42222294211387634 0.007291666666666667 0.009259259259259259
2 0.45962873101234436 0.3971696197986603 0.007291666666666667 0.009259259259259259
2 0.5177433490753174 0.39775872230529785 0.007291666666666667 0.009259259259259259
2 0.5754433274269104 0.3988015651702881 0.007291666666666667 0.009259259259259259
2 0.651593804359436 0.42331159114837646 0.007291666666666667 0.009259259259259259
2 0.6551380157470703 0.44552022218704224 0.007291666666666667 0.009259259259259259
2 0.6597055196762085 0.4681898355484009 0.007291666666666667 0.009259259259259259
2 0.6698666214942932 0.5176553726196289 0.007291666666666667 0.009259259259259259
2 0.6749487519264221 0.5458269715309143 0.007291666666666667 0.009259259259259259
2 0.680034875869751 0.574020504951477 0.007291666666666667 0.009259259259259259
2 0.5925763249397278 0.6141713857650757 0.007291666666666667 0.009259259259259259
2 0.5145919919013977 0.6145445108413696 0.007291666666666667 0.009259259259259259
2 0.43632787466049194 0.6135420203208923 0.007291666666666667 0.009259259259259259
