2 0.37690216302871704 0.6766376495361328 0.006651785714285715 0.0064428571428571425
2 0.3154173791408539 0.5961235761642456 0.0063898809523809524 0.006023809523809524
2 0.26276466250419617 0.527240514755249 0.0055148809523809525 0.005042857142857143
2 0.17766155302524567 0.4153613746166229 0.005339285714285715 0.004061904761904761
2 0.14239910244941711 0.3688742518424988 0.00481547619047619 0.003923809523809524
2 0.11100653558969498 0.3275633454322815 0.004639880952380953 0.003923809523809524
2 0.1836623102426529 0.2560825049877167 0.004377976190476191 0.0032190476190476188
2 0.26278579235076904 0.23882105946540833 0.003675595238095238 0.0028
2 0.33672115206718445 0.2221112996339798 0.003851190476190476 0.002942857142857143
2 0.4760349690914154 0.23822414875030518 0.0040267857142857145 0.0033619047619047617
2 0.5208117961883545 0.2687946856021881 0.004464285714285714 0.0034999999999999996
2 0.5704097151756287 0.3026614189147949 0.004202380952380952 0.0033619047619047617
2 0.68562251329422 0.38139668107032776 0.004377976190476191 0.0034999999999999996
2 0.7537351846694946 0.42830270528793335 0.005339285714285715 0.003780952380952381
2 0.8312388062477112 0.4813916087150574 0.0054285714285714284 0.004480952380952381
2 0.8364290595054626 0.6163325309753418 0.005776785714285714 0.005323809523809524
2 0.7391400933265686 0.6658053994178772 0.0064761904761904765 0.005742857142857143
2 0.6306015253067017 0.7211100459098816 0.006651785714285715 0.006580952380952381
4 0.5575519800186157 0.6019951701164246 0.023172619047619046 0.03911428571428571
4 0.43612390756607056 0.48720499873161316 0.020833333333333332 0.03503333333333333
4 0.3575488030910492 0.38852760195732117 0.018282738095238095 0.031971428571428574
4 0.6680033206939697 0.4475717842578888 0.019770833333333335 0.03231428571428571
4 0.770160436630249 0.5020341277122498 0.021044642857142856 0.034352380952380954
3 0.47790512442588806 0.5745106339454651 0.02189583333333333 0.0380952380952381
3 0.49339529871940613 0.4694105088710785 0.019556547619047616 0.0329952380952381
3 0.39561063051223755 0.43227696418762207 0.018708333333333334 0.03129047619047619
3 0.21920685470104218 0.3506080210208893 0.017857142857142856 0.02959047619047619
3 0.25905030965805054 0.285116046667099 0.015306547619047619 0.02619047619047619
3 0.33052948117256165 0.29453277587890625 0.01594345238095238 0.02720952380952381
3 0.41438913345336914 0.2466205656528473 0.014669642857142857 0.02449047619047619
0 0.32303741574287415 0.32598042488098145 0.016157738095238097 0.02857142857142857
1 0.26589834690093994 0.2719152867794037 0.015092261904761905 0.025852380952380953
