2 0.3752327263355255 0.6738002896308899 0.006651785714285715 0.0064428571428571425
2 0.31403884291648865 0.5934796929359436 0.0063898809523809524 0.006023809523809524
2 0.2617194652557373 0.5248729586601257 0.0055148809523809525 0.005042857142857143
2 0.17732374370098114 0.4136617183685303 0.005339285714285715 0.004061904761904761
2 0.14241503179073334 0.3675313889980316 0.00481547619047619 0.003923809523809524
2 0.1113661527633667 0.3265760838985443 0.004639880952380953 0.003923809523809524
2 0.18448781967163086 0.25618019700050354 0.004377976190476191 0.0032190476190476188
2 0.26370126008987427 0.23936182260513306 0.003675595238095238 0.0028
2 0.33777371048927307 0.22306238114833832 0.003851190476190476 0.002942857142857143
2 0.47721603512763977 0.23939652740955353 0.0040267857142857145 0.0033619047619047617
2 0.5219573378562927 0.2697850465774536 0.004464285714285714 0.0034999999999999996
2 0.5715633034706116 0.3034823536872864 0.004202380952380952 0.0033619047619047617
2 0.6869872808456421 0.3819545805454254 0.004377976190476191 0.0034999999999999996
2 0.7553507685661316 0.4287891685962677 0.005339285714285715 0.003780952380952381
2 0.8332562446594238 0.4818776249885559 0.0054285714285714284 0.004480952380952381
2 0.8380670547485352 0.6162110567092896 0.005776785714285714 0.005323809523809524
2 0.7397644519805908 0.6649850010871887 0.0064761904761904765 0.005742857142857143
2 0.6301513910293579 0.7194812893867493 0.006651785714285715 0.006580952380952381
4 0.5571833848953247 0.600525438785553 0.023172619047619046 0.03911428571428571
4 0.4357994496822357 0.485932856798172 0.020833333333333332 0.03503333333333333
4 0.3575897514820099 0.38778597116470337 0.018282738095238095 0.031971428571428574
4 0.668989360332489 0.44757652282714844 0.019770833333333335 0.03231428571428571
4 0.7716289758682251 0.5021355152130127 0.021044642857142856 0.034352380952380954
3 0.47726622223854065 0.5728121399879456 0.02189583333333333 0.0380952380952381
3 0.49339017271995544 0.46852242946624756 0.019556547619047616 0.0329952380952381
3 0.3954774737358093 0.43128684163093567 0.018708333333333334 0.03129047619047619
3 0.2193431556224823 0.34974104166030884 0.017857142857142856 0.02959047619047619
3 0.25965049862861633 0.2851070463657379 0.015306547619047619 0.02619047619047619
3 0.3311173617839813 0.2946496307849884 0.01594345238095238 0.02720952380952381
3 0.41539186239242554 0.24751991033554077 0.014669642857142857 0.02449047619047619
0 0.323415607213974 0.3257376551628113 0.016157738095238097 0.02857142857142857
1 0.2665899097919464 0.2720785140991211 0.015092261904761905 0.025852380952380953
