2 0.4049011170864105 0.21771204471588135 0.005690476190476191 0.004357142857142857
2 0.5054784417152405 0.21688880026340485 0.005145833333333333 0.004066666666666666
2 0.6063385605812073 0.2165890783071518 0.005145833333333333 0.0044523809523809525
2 0.7461819648742676 0.27493539452552795 0.005264880952380953 0.005033333333333333
2 0.7557390928268433 0.3250340521335602 0.005386904761904762 0.005323809523809524
2 0.7661494016647339 0.3798341453075409 0.005508928571428572 0.005323809523809524
2 0.7890850901603699 0.5022265911102295 0.005991071428571428 0.005133333333333333
2 0.8019187450408936 0.5723791718482971 0.0062351190476190475 0.005519047619047619
2 0.8162016272544861 0.6492489576339722 0.006113095238095238 0.005133333333333333
2 0.6505535840988159 0.7606561779975891 0.0061726190476190474 0.0058095238095238096
2 0.5044510364532471 0.7615392208099365 0.005991071428571428 0.0058095238095238096
2 0.3586025834083557 0.762324869632721 0.006416666666666666 0.005614285714285714
2 0.1932341605424881 0.6528750061988831 0.005991071428571428 0.005133333333333333
2 0.2078305184841156 0.5753664970397949 0.005264880952380953 0.004938095238095238
2 0.22125835716724396 0.5051467418670654 0.005145833333333333 0.004842857142857143
2 0.24474364519119263 0.3825969696044922 0.005205357142857143 0.004357142857142857
2 0.25527042150497437 0.3282601535320282 0.0049017857142857136 0.004552380952380953
2 0.2649402320384979 0.2773188352584839 0.0049017857142857136 0.004842857142857143
3 0.349249005317688 0.3301613926887512 0.01894345238095238 0.03176190476190476
3 0.4561738967895508 0.27004125714302063 0.018098214285714287 0.030938095238095237
3 0.5183648467063904 0.3004077076911926 0.018839285714285715 0.031928571428571424
3 0.6713151931762695 0.26764047145843506 0.017848214285714287 0.031928571428571424
1 0.47781458497047424 0.2567846477031708 0.018098214285714287 0.03153333333333333
0 0.4758509695529938 0.33209264278411865 0.019089285714285715 0.032523809523809524
4 0.4429125189781189 0.40731438994407654 0.02119642857142857 0.0351047619047619
3 0.42760035395622253 0.46666690707206726 0.02144345238095238 0.034904761904761904
3 0.48832541704177856 0.5258313417434692 0.02181547619047619 0.03728571428571428
4 0.4159791171550751 0.5233267545700073 0.0221875 0.03768095238095238
3 0.3702363073825836 0.6095821261405945 0.02293154761904762 0.03907142857142857
4 0.41442689299583435 0.6572449803352356 0.023797619047619047 0.04125238095238095
4 0.7325270175933838 0.6480715274810791 0.024133928571428574 0.04038571428571429
4 0.6916414499282837 0.5633410811424255 0.022845238095238096 0.038909523809523804
