2 0.5941426157951355 0.2185099869966507 0.005690476190476191 0.004357142857142857
2 0.4936951994895935 0.21857768297195435 0.005145833333333333 0.004066666666666666
2 0.3928960859775543 0.21917177736759186 0.005145833333333333 0.0044523809523809525
2 0.25305670499801636 0.2788337171077728 0.005264880952380953 0.005033333333333333
2 0.24352046847343445 0.3290984332561493 0.005386904761904762 0.005323809523809524
2 0.23312973976135254 0.38409745693206787 0.005508928571428572 0.005323809523809524
2 0.21022571623325348 0.5069980025291443 0.005991071428571428 0.005133333333333333
2 0.19740302860736847 0.577480137348175 0.0062351190476190475 0.005519047619047619
2 0.18312545120716095 0.6547479629516602 0.006113095238095238 0.005133333333333333
2 0.3491428792476654 0.7647880911827087 0.0061726190476190474 0.0058095238095238096
2 0.49537089467048645 0.7641009092330933 0.005991071428571428 0.0058095238095238096
2 0.6411974430084229 0.7633194923400879 0.006416666666666666 0.005614285714285714
2 0.8061493635177612 0.6519185304641724 0.005991071428571428 0.005133333333333333
2 0.7914348244667053 0.5744693875312805 0.005264880952380953 0.004938095238095238
2 0.7779037952423096 0.5043235421180725 0.005145833333333333 0.004842857142857143
2 0.7542465329170227 0.3819445073604584 0.005205357142857143 0.004357142857142857
2 0.7436469793319702 0.3277011513710022 0.0049017857142857136 0.004552380952380953
2 0.7339102625846863 0.276854932308197 0.0049017857142857136 0.004842857142857143
3 0.6498680710792542 0.3304709494113922 0.01894345238095238 0.03176190476190476
3 0.5430136919021606 0.27130743861198425 0.018098214285714287 0.030938095238095237
3 0.4809172749519348 0.3022571802139282 0.018839285714285715 0.031928571428571424
3 0.3279619514942169 0.27085089683532715 0.017848214285714287 0.031928571428571424
1 0.5213800668716431 0.2582407295703888 0.018098214285714287 0.03153333333333333
0 0.5234364867210388 0.33357471227645874 0.019089285714285715 0.032523809523809524
4 0.5564427971839905 0.40855368971824646 0.02119642857142857 0.0351047619047619
3 0.5718215703964233 0.46782568097114563 0.02144345238095238 0.034904761904761904
3 0.5112108588218689 0.5276753902435303 0.02181547619047619 0.03728571428571428
4 0.583511471748352 0.5244482755661011 0.0221875 0.03768095238095238
3 0.6293393969535828 0.6103811264038086 0.02293154761904762 0.03907142857142857
4 0.5852511525154114 0.6585911512374878 0.023797619047619047 0.04125238095238095
4 0.266962468624115 0.6526973843574524 0.024133928571428574 0.04038571428571429
4 0.3078470230102539 0.5673022270202637 0.022845238095238096 0.038909523809523804
