3 0.3300623893737793 0.6991604566574097 0.016586309523809524 0.026538095238095236
3 0.23089833557605743 0.5715414881706238 0.016976190476190475 0.02579047619047619
1 0.20722125470638275 0.5449270606040955 0.016976190476190475 0.02750952380952381
3 0.2826289236545563 0.49084070324897766 0.01680059523809524 0.02411904761904762
0 0.3341895043849945 0.5433368682861328 0.01648809523809524 0.02411904761904762
4 0.44545263051986694 0.579059362411499 0.01711607142857143 0.025123809523809524
3 0.527561604976654 0.5923122763633728 0.014916666666666667 0.024623809523809524
4 0.5988189578056335 0.600908637046814 0.01570238095238095 0.027133333333333332
3 0.6018164157867432 0.5237213373184204 0.016958333333333332 0.025123809523809524
3 0.6965905427932739 0.6414263844490051 0.016330357142857143 0.025628571428571428
4 0.7475523948669434 0.5938761234283447 0.01711607142857143 0.02638095238095238
4 0.7400676012039185 0.2791145145893097 0.01617261904761905 0.02638095238095238
4 0.6473612189292908 0.31070321798324585 0.01617261904761905 0.02638095238095238
3 0.2255658060312271 0.29264307022094727 0.017285714285714286 0.026385714285714283
2 0.25624653697013855 0.8134046196937561 0.004714285714285714 0.0070904761904761904
2 0.3393428921699524 0.8130166530609131 0.004622023809523809 0.007242857142857143
2 0.42226293683052063 0.8121893405914307 0.004339285714285714 0.007395238095238095
2 0.587067723274231 0.8106950521469116 0.004431547619047619 0.0067904761904761905
2 0.6692762970924377 0.8095014691352844 0.004526785714285715 0.007395238095238095
2 0.7515861392021179 0.8081628680229187 0.0048095238095238095 0.007395238095238095
2 0.8574029207229614 0.6374655961990356 0.004526785714285715 0.008447619047619048
2 0.858423113822937 0.5037561655044556 0.004431547619047619 0.0070904761904761904
2 0.8592686057090759 0.3691302537918091 0.004148809523809523 0.007542857142857143
2 0.7539300322532654 0.19650369882583618 0.004622023809523809 0.008147619047619048
2 0.6709089875221252 0.1966049075126648 0.004431547619047619 0.006638095238095238
2 0.5872975587844849 0.19632767140865326 0.004714285714285714 0.007695238095238095
2 0.4199482202529907 0.19727875292301178 0.004431547619047619 0.007995238095238095
2 0.3356528580188751 0.1971542239189148 0.004431547619047619 0.006942857142857143
2 0.2514124810695648 0.19808270037174225 0.004714285714285714 0.007995238095238095
2 0.14478972554206848 0.37278592586517334 0.0048095238095238095 0.0086
2 0.14632849395275116 0.5087130069732666 0.004339285714285714 0.0070904761904761904
2 0.14767369627952576 0.6437065005302429 0.005375 0.007995238095238095
