3 0.28961339592933655 0.3967978358268738 0.013020833333333334 0.020370370370370372
0 0.28533923625946045 0.40687096118927 0.011979166666666667 0.022222222222222223
3 0.2567318081855774 0.4235477149486542 0.0140625 0.024074074074074074
3 0.29824918508529663 0.35938525199890137 0.011458333333333333 0.021296296296296296
4 0.34536120295524597 0.39042240381240845 0.013541666666666667 0.023148148148148147
4 0.3247954547405243 0.45004579424858093 0.0140625 0.025
3 0.3334299623966217 0.4669210612773895 0.013541666666666667 0.025
1 0.3499554395675659 0.5192752480506897 0.015104166666666667 0.026851851851851852
4 0.42071354389190674 0.5585268139839172 0.015625 0.028703703703703703
3 0.441316157579422 0.4774550795555115 0.0140625 0.024074074074074074
4 0.4824680984020233 0.4682919681072235 0.0140625 0.026851851851851852
4 0.562992513179779 0.42245161533355713 0.013541666666666667 0.025
3 0.63856041431427 0.4699760973453522 0.0140625 0.025
2 0.5774154663085938 0.5861677527427673 0.011458333333333333 0.012962962962962963
2 0.6249735355377197 0.5417340397834778 0.011458333333333333 0.012962962962962963
2 0.6683705449104309 0.5006468296051025 0.011458333333333333 0.012962962962962963
2 0.6368738412857056 0.4209275245666504 0.011458333333333333 0.012962962962962963
2 0.5782057642936707 0.39815160632133484 0.011458333333333333 0.012962962962962963
2 0.5230151414871216 0.3771345019340515 0.011458333333333333 0.012962962962962963
2 0.42141464352607727 0.3377472758293152 0.011458333333333333 0.012962962962962963
2 0.3749496340751648 0.3197890520095825 0.011458333333333333 0.012962962962962963
2 0.3313393294811249 0.3026871085166931 0.011458333333333333 0.012962962962962963
2 0.22002042829990387 0.3115609288215637 0.011458333333333333 0.012962962962962963
2 0.17176546156406403 0.3366682827472687 0.011458333333333333 0.012962962962962963
2 0.12020785361528397 0.362752765417099 0.011458333333333333 0.012962962962962963
2 0.1010930985212326 0.4293730556964874 0.011458333333333333 0.012962962962962963
2 0.14569728076457977 0.4536985456943512 0.011458333333333333 0.012962962962962963
2 0.19318948686122894 0.4793763756752014 0.011458333333333333 0.012962962962962963
2 0.29796192049980164 0.5361595153808594 0.011458333333333333 0.012962962962962963
2 0.3565784990787506 0.5681741237640381 0.011458333333333333 0.012962962962962963
2 0.4200172424316406 0.6024911999702454 0.011458333333333333 0.012962962962962963
