4 0.9067169427871704 0.4071706533432007 0.013541666666666667 0.022222222222222223
1 0.7394755482673645 0.31943684816360474 0.011979166666666667 0.021296296296296296
4 0.7556237578392029 0.406766802072525 0.013020833333333334 0.022222222222222223
4 0.6201245188713074 0.3821430206298828 0.0125 0.022222222222222223
4 0.6455866694450378 0.3872402310371399 0.013020833333333334 0.023148148148148147
3 0.5742037296295166 0.39988788962364197 0.0125 0.022222222222222223
4 0.6014183759689331 0.47482430934906006 0.013541666666666667 0.025
0 0.5214622616767883 0.4838693141937256 0.013541666666666667 0.025
4 0.4650333523750305 0.5183163285255432 0.015104166666666667 0.026851851851851852
2 0.42134860157966614 0.6147712469100952 0.011458333333333333 0.012962962962962963
2 0.3722648024559021 0.5702428817749023 0.011458333333333333 0.012962962962962963
2 0.32756295800209045 0.528907060623169 0.011458333333333333 0.012962962962962963
2 0.35936152935028076 0.4464667737483978 0.011458333333333333 0.012962962962962963
2 0.4199143052101135 0.42199844121932983 0.011458333333333333 0.012962962962962963
2 0.47730782628059387 0.39888736605644226 0.011458333333333333 0.012962962962962963
2 0.5826532244682312 0.3562729060649872 0.011458333333333333 0.012962962962962963
2 0.6311351656913757 0.3367666006088257 0.011458333333333333 0.012962962962962963
2 0.6770046949386597 0.3181585669517517 0.011458333333333333 0.012962962962962963
2 0.7929018139839172 0.3260512948036194 0.011458333333333333 0.012962962962962963
2 0.8429173827171326 0.3506150245666504 0.011458333333333333 0.012962962962962963
2 0.8962593078613281 0.37744224071502686 0.011458333333333333 0.012962962962962963
2 0.9145889282226562 0.4463413655757904 0.011458333333333333 0.012962962962962963
2 0.8677683472633362 0.4721885621547699 0.011458333333333333 0.012962962962962963
2 0.8180752992630005 0.49939417839050293 0.011458333333333333 0.012962962962962963
2 0.7090064287185669 0.5592440366744995 0.011458333333333333 0.012962962962962963
2 0.6485767364501953 0.5927968621253967 0.011458333333333333 0.012962962962962963
2 0.583426296710968 0.6286240816116333 0.011458333333333333 0.012962962962962963
