4 0.8967006206512451 0.39314574003219604 0.013541666666666667 0.022222222222222223
1 0.7363565564155579 0.3100751042366028 0.011979166666666667 0.021296296296296296
4 0.7512524127960205 0.39555904269218445 0.013020833333333334 0.022222222222222223
4 0.6203252077102661 0.3738665282726288 0.0125 0.022222222222222223
4 0.6449770331382751 0.3784137964248657 0.013020833333333334 0.023148148148148147
3 0.575630247592926 0.3921795189380646 0.0125 0.022222222222222223
4 0.6015533208847046 0.4653555750846863 0.013541666666666667 0.025
0 0.5238472819328308 0.47584787011146545 0.013541666666666667 0.025
4 0.4687303900718689 0.5108938217163086 0.015104166666666667 0.026851851851851852
2 0.4256604015827179 0.6067051887512207 0.011458333333333333 0.012962962962962963
2 0.37798118591308594 0.5639783143997192 0.011458333333333333 0.012962962962962963
2 0.3344547152519226 0.5241979360580444 0.011458333333333333 0.012962962962962963
2 0.36592647433280945 0.44220462441444397 0.011458333333333333 0.012962962962962963
2 0.42522966861724854 0.4168834984302521 0.011458333333333333 0.012962962962962963
2 0.48134729266166687 0.393001914024353 0.011458333333333333 0.012962962962962963
2 0.5841218829154968 0.3490740954875946 0.011458333333333333 0.012962962962962963
2 0.6313202977180481 0.32900428771972656 0.011458333333333333 0.012962962962962963
2 0.6759187579154968 0.30989015102386475 0.011458333333333333 0.012962962962962963
2 0.7878913879394531 0.31565558910369873 0.011458333333333333 0.012962962962962963
2 0.8358796834945679 0.33889132738113403 0.011458333333333333 0.012962962962962963
2 0.8869364857673645 0.3642326295375824 0.011458333333333333 0.012962962962962963
2 0.9038847088813782 0.43131476640701294 0.011458333333333333 0.012962962962962963
2 0.8586881160736084 0.45750191807746887 0.011458333333333333 0.012962962962962963
2 0.8106640577316284 0.48510611057281494 0.011458333333333333 0.012962962962962963
2 0.7050515413284302 0.5459461808204651 0.011458333333333333 0.012962962962962963
2 0.6464120745658875 0.5801098346710205 0.011458333333333333 0.012962962962962963
2 0.5830968022346497 0.6166592240333557 0.011458333333333333 0.012962962962962963
