3 0.5048161745071411 0.5692729353904724 0.015625 0.027777777777777776
4 0.4981836974620819 0.583622932434082 0.015104166666666667 0.028703703703703703
4 0.4810161590576172 0.5885680317878723 0.016145833333333335 0.028703703703703703
3 0.3557058274745941 0.5532949566841125 0.0140625 0.022222222222222223
3 0.33548057079315186 0.5421270728111267 0.0140625 0.023148148148148147
4 0.29527977108955383 0.485821932554245 0.0140625 0.025
4 0.12734000384807587 0.4280497133731842 0.014583333333333334 0.022222222222222223
3 0.11434504389762878 0.4240594506263733 0.013541666666666667 0.019444444444444445
1 0.21837590634822845 0.421626478433609 0.013020833333333334 0.023148148148148147
0 0.252297967672348 0.3880803883075714 0.0125 0.021296296296296296
4 0.2711256146430969 0.3104170262813568 0.011979166666666667 0.021296296296296296
4 0.3064304292201996 0.3946598470211029 0.0125 0.024074074074074074
3 0.36928698420524597 0.3927392363548279 0.013541666666666667 0.023148148148148147
4 0.5485551357269287 0.4312748908996582 0.013020833333333334 0.025
3 0.6716277003288269 0.48301374912261963 0.0140625 0.025
3 0.6291066408157349 0.5144490003585815 0.0140625 0.025
2 0.5811184644699097 0.6041892766952515 0.011458333333333333 0.012962962962962963
2 0.6300275325775146 0.5597357749938965 0.011458333333333333 0.012962962962962963
2 0.6745854020118713 0.5193219184875488 0.011458333333333333 0.012962962962962963
2 0.6434795260429382 0.4373657703399658 0.011458333333333333 0.012962962962962963
2 0.5833690762519836 0.4128611385822296 0.011458333333333333 0.012962962962962963
2 0.526150107383728 0.3897203505039215 0.011458333333333333 0.012962962962962963
2 0.4216259717941284 0.3470640182495117 0.011458333333333333 0.012962962962962963
2 0.3737899661064148 0.32754215598106384 0.011458333333333333 0.012962962962962963
2 0.32804229855537415 0.30892494320869446 0.011458333333333333 0.012962962962962963
2 0.21323394775390625 0.3163678050041199 0.011458333333333333 0.012962962962962963
2 0.16379109025001526 0.3410102427005768 0.011458333333333333 0.012962962962962963
2 0.11054350435733795 0.36743637919425964 0.011458333333333333 0.012962962962962963
2 0.09192072600126266 0.43525445461273193 0.011458333333333333 0.012962962962962963
2 0.13803908228874207 0.461055725812912 0.011458333333333333 0.012962962962962963
2 0.18726570904254913 0.4882183372974396 0.011458333333333333 0.012962962962962963
2 0.29559504985809326 0.5484357476234436 0.011458333333333333 0.012962962962962963
2 0.35574474930763245 0.5815030932426453 0.011458333333333333 0.012962962962962963
2 0.4200763702392578 0.6172999739646912 0.011458333333333333 0.012962962962962963
