4 0.33110326528549194 0.5107333660125732 0.015104166666666667 0.027777777777777776
3 0.29286879301071167 0.5145291090011597 0.015104166666666667 0.026851851851851852
4 0.27966415882110596 0.5119863152503967 0.014583333333333334 0.026851851851851852
3 0.29307982325553894 0.4503247141838074 0.013020833333333334 0.024074074074074074
3 0.2718198001384735 0.4254556894302368 0.0140625 0.023148148148148147
0 0.1934097856283188 0.4336405396461487 0.013020833333333334 0.022222222222222223
4 0.24196211993694305 0.3888366222381592 0.0125 0.022222222222222223
4 0.29654306173324585 0.3720115125179291 0.0125 0.022222222222222223
3 0.35877755284309387 0.388534814119339 0.011979166666666667 0.022222222222222223
3 0.4544213116168976 0.4648147523403168 0.013541666666666667 0.023148148148148147
4 0.4296245574951172 0.49413639307022095 0.0140625 0.025925925925925925
4 0.4386277496814728 0.6184930801391602 0.015625 0.021296296296296296
1 0.48900049924850464 0.6209043860435486 0.015625 0.028703703703703703
4 0.5307918190956116 0.5044184327125549 0.0140625 0.025925925925925925
3 0.5690022706985474 0.4727139472961426 0.013020833333333334 0.024074074074074074
3 0.5820940136909485 0.5040398836135864 0.0140625 0.025
2 0.5695658326148987 0.6169864535331726 0.011458333333333333 0.012962962962962963
2 0.6172255277633667 0.5728974938392639 0.011458333333333333 0.012962962962962963
2 0.660513699054718 0.5331759452819824 0.011458333333333333 0.012962962962962963
2 0.6286515593528748 0.45228707790374756 0.011458333333333333 0.012962962962962963
2 0.5692884922027588 0.42801105976104736 0.011458333333333333 0.012962962962962963
2 0.5131205916404724 0.40509796142578125 0.011458333333333333 0.012962962962962963
2 0.4102887511253357 0.3642023801803589 0.011458333333333333 0.012962962962962963
2 0.3630751371383667 0.34576472640037537 0.011458333333333333 0.012962962962962963
2 0.3184588849544525 0.3277786374092102 0.011458333333333333 0.012962962962962963
2 0.20668824017047882 0.33608922362327576 0.011458333333333333 0.012962962962962963
2 0.15887266397476196 0.3603057861328125 0.011458333333333333 0.012962962962962963
2 0.1082434356212616 0.38668742775917053 0.011458333333333333 0.012962962962962963
2 0.09134432673454285 0.4538264572620392 0.011458333333333333 0.012962962962962963
2 0.13633480668067932 0.4784119725227356 0.011458333333333333 0.012962962962962963
2 0.18442071974277496 0.5052198171615601 0.011458333333333333 0.012962962962962963
2 0.2904305160045624 0.5637941360473633 0.011458333333333333 0.012962962962962963
2 0.3491564393043518 0.5960221290588379 0.011458333333333333 0.012962962962962963
2 0.41258111596107483 0.6309632658958435 0.011458333333333333 0.012962962962962963
