4 0.6440532207489014 0.49366986751556396 0.015104166666666667 0.027777777777777776
3 0.6833937168121338 0.49613094329833984 0.015104166666666667 0.026851851851851852
4 0.6969492435455322 0.49316689372062683 0.014583333333333334 0.026851851851851852
3 0.6817469000816345 0.43251076340675354 0.013020833333333334 0.024074074074074074
3 0.7031629085540771 0.4069463610649109 0.0140625 0.023148148148148147
0 0.785000205039978 0.411920428276062 0.013020833333333334 0.022222222222222223
4 0.733368456363678 0.36915504932403564 0.0125 0.022222222222222223
4 0.6764209866523743 0.3547946512699127 0.0125 0.022222222222222223
3 0.6128807067871094 0.3739456236362457 0.011979166666666667 0.022222222222222223
3 0.5178426504135132 0.45287707448005676 0.013541666666666667 0.023148148148148147
4 0.5435561537742615 0.48071610927581787 0.0140625 0.025925925925925925
4 0.537642240524292 0.6024348139762878 0.015625 0.021296296296296296
1 0.48731425404548645 0.6060258150100708 0.015625 0.028703703703703703
4 0.44262105226516724 0.49417543411254883 0.0140625 0.025925925925925925
3 0.4039151072502136 0.4647051692008972 0.013020833333333334 0.024074074074074074
3 0.39189577102661133 0.49550655484199524 0.0140625 0.025
2 0.40742307901382446 0.6042199730873108 0.011458333333333333 0.012962962962962963
2 0.3594042956829071 0.5630136728286743 0.011458333333333333 0.012962962962962963
2 0.316018283367157 0.5260852575302124 0.011458333333333333 0.012962962962962963
2 0.3446912467479706 0.4470730721950531 0.011458333333333333 0.012962962962962963
2 0.4023679494857788 0.4213023781776428 0.011458333333333333 0.012962962962962963
2 0.45749056339263916 0.3967285752296448 0.011458333333333333 0.012962962962962963
2 0.5598437190055847 0.3521513044834137 0.011458333333333333 0.012962962962962963
2 0.6074654459953308 0.3317505419254303 0.011458333333333333 0.012962962962962963
2 0.6528185606002808 0.3117554783821106 0.011458333333333333 0.012962962962962963
2 0.7691124677658081 0.3146623373031616 0.011458333333333333 0.012962962962962963
2 0.8198809027671814 0.33674973249435425 0.011458333333333333 0.012962962962962963
2 0.8740091919898987 0.3610408902168274 0.011458333333333333 0.012962962962962963
2 0.8931849002838135 0.4281013607978821 0.011458333333333333 0.012962962962962963
2 0.8459171652793884 0.45457321405410767 0.011458333333333333 0.012962962962962963
2 0.7958422303199768 0.48315316438674927 0.011458333333333333 0.012962962962962963
2 0.6869961023330688 0.5447503328323364 0.011458333333333333 0.012962962962962963
2 0.6275989413261414 0.5781447887420654 0.011458333333333333 0.012962962962962963
2 0.5641619563102722 0.6139433979988098 0.011458333333333333 0.012962962962962963
