4 0.6546705961227417 0.49684879183769226 0.015104166666666667 0.027777777777777776
3 0.6943906545639038 0.5008713603019714 0.015104166666666667 0.026851851851851852
4 0.7080522775650024 0.4983639121055603 0.014583333333333334 0.026851851851851852
3 0.6927350163459778 0.43594151735305786 0.013020833333333334 0.024074074074074074
3 0.7142685055732727 0.41081953048706055 0.0140625 0.023148148148148147
0 0.7962716817855835 0.4192201495170593 0.013020833333333334 0.022222222222222223
4 0.7445353865623474 0.37374889850616455 0.0125 0.022222222222222223
4 0.6873889565467834 0.35676589608192444 0.0125 0.022222222222222223
3 0.6233489513397217 0.37349623441696167 0.011979166666666667 0.022222222222222223
3 0.5266997218132019 0.4501402974128723 0.013541666666666667 0.023148148148148147
4 0.5527658462524414 0.479690283536911 0.0140625 0.025925925925925925
4 0.546267569065094 0.6046659350395203 0.015625 0.021296296296296296
1 0.49475738406181335 0.6066156625747681 0.015625 0.028703703703703703
4 0.449606329202652 0.4895767867565155 0.0140625 0.025925925925925925
3 0.41009920835494995 0.45771700143814087 0.013020833333333334 0.024074074074074074
3 0.3975072503089905 0.48897090554237366 0.0140625 0.025
2 0.41265785694122314 0.6019431352615356 0.011458333333333333 0.012962962962962963
2 0.3634513318538666 0.5575131773948669 0.011458333333333333 0.012962962962962963
2 0.3189411163330078 0.5176396369934082 0.011458333333333333 0.012962962962962963
2 0.3493131399154663 0.437167763710022 0.011458333333333333 0.012962962962962963
2 0.40883931517601013 0.41303911805152893 0.011458333333333333 0.012962962962962963
2 0.4654335677623749 0.3901557922363281 0.011458333333333333 0.012962962962962963
2 0.5697574019432068 0.3490426242351532 0.011458333333333333 0.012962962962962963
2 0.6179645657539368 0.330389142036438 0.011458333333333333 0.012962962962962963
2 0.6636826992034912 0.31212568283081055 0.011458333333333333 0.012962962962962963
2 0.7801737189292908 0.32021304965019226 0.011458333333333333 0.012962962962962963
2 0.8308195471763611 0.34470266103744507 0.011458333333333333 0.012962962962962963
2 0.8846932649612427 0.37149912118911743 0.011458333333333333 0.012962962962962963
2 0.9040635228157043 0.439962238073349 0.011458333333333333 0.012962962962962963
2 0.8571942448616028 0.46488335728645325 0.011458333333333333 0.012962962962962963
2 0.8073080778121948 0.49195432662963867 0.011458333333333333 0.012962962962962963
2 0.6980255842208862 0.5507184863090515 0.011458333333333333 0.012962962962962963
2 0.6378975510597229 0.5828260183334351 0.011458333333333333 0.012962962962962963
2 0.5732913613319397 0.6174617409706116 0.011458333333333333 0.012962962962962963
