4 0.3395543396472931 0.49475452303886414 0.015104166666666667 0.027777777777777776
3 0.2997560501098633 0.4978429675102234 0.015104166666666667 0.026851851851851852
4 0.28605034947395325 0.4952990412712097 0.014583333333333334 0.026851851851851852
3 0.3010194003582001 0.43774208426475525 0.013020833333333334 0.024074074074074074
3 0.2793136537075043 0.41417568922042847 0.0140625 0.023148148148148147
0 0.1973547637462616 0.4206794500350952 0.013020833333333334 0.022222222222222223
4 0.24883416295051575 0.37946903705596924 0.0125 0.022222222222222223
4 0.3058857023715973 0.3646427094936371 0.0125 0.022222222222222223
3 0.37011057138442993 0.38105639815330505 0.011979166666666667 0.022222222222222223
3 0.4676646888256073 0.45349058508872986 0.013541666666666667 0.023148148148148147
4 0.44171854853630066 0.48047858476638794 0.0140625 0.025925925925925925
4 0.4492581784725189 0.5967040657997131 0.015625 0.021296296296296296
1 0.5011406540870667 0.5994003415107727 0.015625 0.028703703703703703
4 0.545544445514679 0.4913097321987152 0.0140625 0.025925925925925925
3 0.5850127339363098 0.462359756231308 0.013020833333333334 0.024074074074074074
3 0.5980091094970703 0.49158617854118347 0.0140625 0.025
2 0.5838640928268433 0.5964527726173401 0.011458333333333333 0.012962962962962963
2 0.6330593228340149 0.5558995008468628 0.011458333333333333 0.012962962962962963
2 0.677550733089447 0.5195204615592957 0.011458333333333333 0.012962962962962963
2 0.6460351347923279 0.4442424178123474 0.011458333333333333 0.012962962962962963
2 0.5858380198478699 0.42093178629875183 0.011458333333333333 0.012962962962962963
2 0.5287035703659058 0.3988596498966217 0.011458333333333333 0.012962962962962963
2 0.4236396253108978 0.3592562973499298 0.011458333333333333 0.012962962962962963
2 0.37519994378089905 0.3413143754005432 0.011458333333333333 0.012962962962962963
2 0.32931938767433167 0.32379311323165894 0.011458333333333333 0.012962962962962963
2 0.2129572480916977 0.32955899834632874 0.011458333333333333 0.012962962962962963
2 0.1625259965658188 0.35139015316963196 0.011458333333333333 0.012962962962962963
2 0.10889854282140732 0.37529388070106506 0.011458333333333333 0.012962962962962963
2 0.08981265872716904 0.43817219138145447 0.011458333333333333 0.012962962962962963
2 0.13668663799762726 0.4619332253932953 0.011458333333333333 0.012962962962962963
2 0.1866590529680252 0.48776867985725403 0.011458333333333333 0.012962962962962963
2 0.29641398787498474 0.5440133213996887 0.011458333333333333 0.012962962962962963
2 0.3569684326648712 0.5748365521430969 0.011458333333333333 0.012962962962962963
2 0.4221668243408203 0.6081506013870239 0.011458333333333333 0.012962962962962963
