4 0.6668431162834167 0.4966094493865967 0.015104166666666667 0.027777777777777776
3 0.7059682607650757 0.49957817792892456 0.015104166666666667 0.026851851851851852
4 0.7194367051124573 0.4967021346092224 0.014583333333333334 0.026851851851851852
3 0.7051488757133484 0.4345177114009857 0.013020833333333334 0.024074074074074074
3 0.7266671061515808 0.4088115096092224 0.0140625 0.023148148148148147
0 0.8068714141845703 0.4153924584388733 0.013020833333333334 0.022222222222222223
4 0.7568863034248352 0.37097370624542236 0.0125 0.022222222222222223
4 0.7008630037307739 0.35504183173179626 0.0125 0.022222222222222223
3 0.6372430324554443 0.37318721413612366 0.011979166666666667 0.022222222222222223
3 0.5399912595748901 0.4528296887874603 0.013541666666666667 0.023148148148148147
4 0.565776526927948 0.482032835483551 0.0140625 0.025925925925925925
4 0.5580189824104309 0.608144223690033 0.015625 0.021296296296296296
1 0.5064751505851746 0.6117936968803406 0.015625 0.028703703703703703
4 0.46208328008651733 0.49477601051330566 0.0140625 0.025925925925925925
3 0.42236748337745667 0.4634366035461426 0.013020833333333334 0.024074074074074074
3 0.40934765338897705 0.49556705355644226 0.0140625 0.025
2 0.42382052540779114 0.6097729206085205 0.011458333333333333 0.012962962962962963
2 0.3742311894893646 0.5662582516670227 0.011458333333333333 0.012962962962962963
2 0.3290887773036957 0.5269697904586792 0.011458333333333333 0.012962962962962963
2 0.3606603741645813 0.4439983069896698 0.011458333333333333 0.012962962962962963
2 0.4214414656162262 0.41796305775642395 0.011458333333333333 0.012962962962962963
2 0.47892558574676514 0.393397718667984 0.011458333333333333 0.012962962962962963
2 0.5841125249862671 0.3495252728462219 0.011458333333333333 0.012962962962962963
2 0.6323809027671814 0.3297397792339325 0.011458333333333333 0.012962962962962963
2 0.6779706478118896 0.3104766607284546 0.011458333333333333 0.012962962962962963
2 0.7925336360931396 0.31659525632858276 0.011458333333333333 0.012962962962962963
2 0.8415986895561218 0.34020859003067017 0.011458333333333333 0.012962962962962963
2 0.8934583067893982 0.3659156262874603 0.011458333333333333 0.012962962962962963
2 0.9110962748527527 0.4335898458957672 0.011458333333333333 0.012962962962962963
2 0.8654168844223022 0.4594756066799164 0.011458333333333333 0.012962962962962963
2 0.8165910840034485 0.48768356442451477 0.011458333333333333 0.012962962962962963
2 0.7089201807975769 0.5493534207344055 0.011458333333333333 0.012962962962962963
2 0.6492562890052795 0.583302915096283 0.011458333333333333 0.012962962962962963
2 0.5848071575164795 0.620111882686615 0.011458333333333333 0.012962962962962963
