4 0.1256222277879715 0.21968944370746613 0.025 0.04259259259259259
4 0.1475435346364975 0.3286450207233429 0.025 0.04259259259259259
4 0.13351210951805115 0.8293753862380981 0.025 0.04351851851851852
4 0.2363395243883133 0.5578808188438416 0.023958333333333335 0.04259259259259259
3 0.2430592030286789 0.5183547735214233 0.024479166666666666 0.041666666666666664
3 0.25634726881980896 0.5795677900314331 0.023958333333333335 0.04259259259259259
3 0.2651017904281616 0.5395792722702026 0.024479166666666666 0.04259259259259259
3 0.8359755873680115 0.23502178490161896 0.026041666666666668 0.04259259259259259
4 0.5631672143936157 0.4395163655281067 0.025 0.04351851851851852
3 0.5319257378578186 0.27941733598709106 0.023958333333333335 0.04259259259259259
3 0.38627150654792786 0.37688329815864563 0.023958333333333335 0.04351851851851852
0 0.3565301299095154 0.4708867371082306 0.0234375 0.041666666666666664
1 0.18561074137687683 0.506415605545044 0.024479166666666666 0.041666666666666664
2 0.19931678473949432 0.9115238785743713 0.007291666666666667 0.012962962962962963
2 0.30163708329200745 0.9110568165779114 0.007291666666666667 0.012962962962962963
2 0.4034806787967682 0.9110413789749146 0.007291666666666667 0.012962962962962963
2 0.6080018877983093 0.9105562567710876 0.007291666666666667 0.012962962962962963
2 0.7104259729385376 0.9100853800773621 0.007291666666666667 0.012962962962962963
2 0.8144256472587585 0.9109789729118347 0.007291666666666667 0.012962962962962963
2 0.9414404630661011 0.6848803758621216 0.007291666666666667 0.012962962962962963
2 0.9396352171897888 0.49944987893104553 0.007291666666666667 0.012962962962962963
2 0.9380950331687927 0.31544244289398193 0.007291666666666667 0.012962962962962963
2 0.807164192199707 0.09009233117103577 0.007291666666666667 0.012962962962962963
2 0.7031860947608948 0.09170505404472351 0.007291666666666667 0.012962962962962963
2 0.6005276441574097 0.09376048296689987 0.007291666666666667 0.012962962962962963
2 0.39605191349983215 0.09739711880683899 0.007291666666666667 0.012962962962962963
2 0.29473283886909485 0.09806065261363983 0.007291666666666667 0.012962962962962963
2 0.1926759034395218 0.09918969124555588 0.007291666666666667 0.012962962962962963
2 0.07024047523736954 0.322905033826828 0.007291666666666667 0.012962962962962963
2 0.07145075500011444 0.5052414536476135 0.007291666666666667 0.012962962962962963
2 0.07215841114521027 0.6876270771026611 0.007291666666666667 0.012962962962962963
