4 0.1332700103521347 0.23091520369052887 0.025 0.04259259259259259
4 0.15322276949882507 0.3340129554271698 0.025 0.04259259259259259
4 0.13532252609729767 0.8116569519042969 0.025 0.04351851851851852
4 0.23661072552204132 0.5529568195343018 0.023958333333333335 0.04259259259259259
3 0.24339158833026886 0.5152232050895691 0.024479166666666666 0.041666666666666664
3 0.25576674938201904 0.5739527940750122 0.023958333333333335 0.04259259259259259
3 0.2645179331302643 0.5357529520988464 0.024479166666666666 0.04259259259259259
3 0.8272432684898376 0.24567003548145294 0.026041666666666668 0.04259259259259259
4 0.5559244751930237 0.4422648549079895 0.025 0.04351851851851852
3 0.5257338881492615 0.28810909390449524 0.023958333333333335 0.04259259259259259
3 0.3830203711986542 0.3809792995452881 0.023958333333333335 0.04351851851851852
0 0.35356906056404114 0.47081267833709717 0.0234375 0.041666666666666664
1 0.1881851702928543 0.5032700896263123 0.024479166666666666 0.041666666666666664
2 0.198062002658844 0.8921948671340942 0.007291666666666667 0.012962962962962963
2 0.29736196994781494 0.8941184878349304 0.007291666666666667 0.012962962962962963
2 0.396910697221756 0.8964839577674866 0.007291666666666667 0.012962962962962963
2 0.5990103483200073 0.9008415937423706 0.007291666666666667 0.012962962962962963
2 0.7013338208198547 0.9028238654136658 0.007291666666666667 0.012962962962962963
2 0.8060017228126526 0.9062050580978394 0.007291666666666667 0.012962962962962963
2 0.9343630075454712 0.6858733296394348 0.007291666666666667 0.012962962962962963
2 0.9320955276489258 0.5037246346473694 0.007291666666666667 0.012962962962962963
2 0.9301117062568665 0.32396671175956726 0.007291666666666667 0.012962962962962963
2 0.7983523607254028 0.10574404895305634 0.007291666666666667 0.012962962962962963
2 0.6949905753135681 0.10776576399803162 0.007291666666666667 0.012962962962962963
2 0.5936784744262695 0.11019036918878555 0.007291666666666667 0.012962962962962963
2 0.3940393328666687 0.11453381925821304 0.007291666666666667 0.012962962962962963
2 0.29617244005203247 0.11558578163385391 0.007291666666666667 0.012962962962962963
2 0.1982843279838562 0.11707238107919693 0.007291666666666667 0.012962962962962963
2 0.07959870994091034 0.32832086086273193 0.007291666666666667 0.012962962962962963
2 0.07897063344717026 0.5010861754417419 0.007291666666666667 0.012962962962962963
2 0.07785854488611221 0.6747967004776001 0.007291666666666667 0.012962962962962963
