4 0.8733408451080322 0.22524824738502502 0.025 0.04259259259259259
4 0.8530352711677551 0.3301693797111511 0.025 0.04259259259259259
4 0.8732374310493469 0.815566897392273 0.025 0.04351851851851852
4 0.7676242589950562 0.553152322769165 0.023958333333333335 0.04259259259259259
3 0.7605217099189758 0.5149790644645691 0.024479166666666666 0.041666666666666664
3 0.7479580044746399 0.5745784044265747 0.023958333333333335 0.04259259259259259
3 0.7388373613357544 0.5359626412391663 0.024479166666666666 0.04259259259259259
3 0.1695411056280136 0.25240659713745117 0.026041666666666668 0.04259259259259259
4 0.4415489137172699 0.444714218378067 0.025 0.04351851851851852
3 0.47176259756088257 0.28971874713897705 0.023958333333333335 0.04259259259259259
3 0.6169798970222473 0.380948007106781 0.023958333333333335 0.04351851851851852
0 0.6473062038421631 0.47118568420410156 0.0234375 0.041666666666666664
1 0.8174415230751038 0.5023291707038879 0.024479166666666666 0.041666666666666664
2 0.8085004091262817 0.8974728584289551 0.007291666666666667 0.012962962962962963
2 0.7061135768890381 0.8991885185241699 0.007291666666666667 0.012962962962962963
2 0.6040971279144287 0.9013398885726929 0.007291666666666667 0.012962962962962963
2 0.3988896608352661 0.9052205085754395 0.007291666666666667 0.012962962962962963
2 0.2959531247615814 0.90694260597229 0.007291666666666667 0.012962962962962963
2 0.1913193315267563 0.9100446701049805 0.007291666666666667 0.012962962962962963
2 0.06377258151769638 0.6907237768173218 0.007291666666666667 0.012962962962962963
2 0.06590792536735535 0.5099309086799622 0.007291666666666667 0.012962962962962963
2 0.06776218116283417 0.33171650767326355 0.007291666666666667 0.012962962962962963
2 0.19810695946216583 0.11287883669137955 0.007291666666666667 0.012962962962962963
2 0.30119267106056213 0.1126711294054985 0.007291666666666667 0.012962962962962963
2 0.40286630392074585 0.11290895938873291 0.007291666666666667 0.012962962962962963
2 0.6050698161125183 0.11294523626565933 0.007291666666666667 0.012962962962962963
2 0.7050996422767639 0.11187677085399628 0.007291666666666667 0.012962962962962963
2 0.8057571649551392 0.11124102771282196 0.007291666666666667 0.012962962962962963
2 0.9293926358222961 0.32326313853263855 0.007291666666666667 0.012962962962962963
2 0.9306842684745789 0.49902817606925964 0.007291666666666667 0.012962962962962963
2 0.932485044002533 0.6759796738624573 0.007291666666666667 0.012962962962962963
