3 0.7571014761924744 0.3747228980064392 0.015625 0.026851851851851852
3 0.6580506563186646 0.34796833992004395 0.014583333333333334 0.026851851851851852
4 0.646148681640625 0.3516881763935089 0.015104166666666667 0.027777777777777776
3 0.5077517032623291 0.3695549964904785 0.015104166666666667 0.027777777777777776
4 0.42144113779067993 0.41706639528274536 0.0171875 0.02962962962962963
0 0.41727790236473083 0.45175379514694214 0.017708333333333333 0.03148148148148148
4 0.36306312680244446 0.5425775051116943 0.0203125 0.03611111111111111
4 0.37320417165756226 0.636527419090271 0.022395833333333334 0.041666666666666664
3 0.4442056715488434 0.6939186453819275 0.024479166666666666 0.044444444444444446
4 0.6156873106956482 0.5521376132965088 0.0203125 0.037037037037037035
4 0.534896194934845 0.6647583246231079 0.0234375 0.040740740740740744
4 0.5636899471282959 0.5381036996841431 0.0203125 0.03518518518518519
3 0.6262791752815247 0.5675107836723328 0.021354166666666667 0.037037037037037035
3 0.651825487613678 0.504072904586792 0.01875 0.03425925925925926
3 0.6312440037727356 0.47639724612236023 0.018229166666666668 0.032407407407407406
1 0.6710399389266968 0.44444215297698975 0.0171875 0.03148148148148148
2 0.6356163024902344 0.6847389340400696 0.011458333333333333 0.012962962962962963
2 0.6884239315986633 0.6127080917358398 0.011458333333333333 0.012962962962962963
2 0.7322484850883484 0.5524922609329224 0.011458333333333333 0.012962962962962963
2 0.8008267283439636 0.4593956470489502 0.011458333333333333 0.012962962962962963
2 0.8285208940505981 0.4215583801269531 0.011458333333333333 0.012962962962962963
2 0.8525028824806213 0.3884011507034302 0.011458333333333333 0.012962962962962963
2 0.7875239253044128 0.32919466495513916 0.011458333333333333 0.012962962962962963
2 0.7197173833847046 0.3128148317337036 0.011458333333333333 0.012962962962962963
2 0.6560699939727783 0.2972778379917145 0.011458333333333333 0.012962962962962963
2 0.5341758728027344 0.3054315447807312 0.011458333333333333 0.012962962962962963
2 0.4948068857192993 0.3293939232826233 0.011458333333333333 0.012962962962962963
2 0.45028814673423767 0.3563506007194519 0.011458333333333333 0.012962962962962963
2 0.34388670325279236 0.42085450887680054 0.011458333333333333 0.012962962962962963
2 0.27845460176467896 0.4607180655002594 0.011458333333333333 0.012962962962962963
2 0.20221519470214844 0.5066081285476685 0.011458333333333333 0.012962962962962963
2 0.19463151693344116 0.63074791431427 0.011458333333333333 0.012962962962962963
2 0.290788471698761 0.6763928532600403 0.011458333333333333 0.012962962962962963
2 0.3971455991268158 0.7272327542304993 0.011458333333333333 0.012962962962962963
