3 0.753643274307251 0.38492754101753235 0.015625 0.026851851851851852
3 0.648675262928009 0.35811835527420044 0.014583333333333334 0.026851851851851852
4 0.6361672878265381 0.3623160421848297 0.015104166666666667 0.027777777777777776
3 0.49278727173805237 0.3837190270423889 0.015104166666666667 0.027777777777777776
4 0.4059045910835266 0.4345417022705078 0.0171875 0.02962962962962963
0 0.4023381471633911 0.47041401267051697 0.017708333333333333 0.03148148148148148
4 0.3501751720905304 0.5634706020355225 0.0203125 0.03611111111111111
4 0.3621115982532501 0.6580524444580078 0.022395833333333334 0.041666666666666664
3 0.4331890046596527 0.7160314321517944 0.024479166666666666 0.044444444444444446
4 0.6050121188163757 0.5729553699493408 0.0203125 0.037037037037037035
4 0.523442268371582 0.687662661075592 0.0234375 0.040740740740740744
4 0.551601231098175 0.5585463643074036 0.0203125 0.03518518518518519
3 0.6159735321998596 0.5888267159461975 0.021354166666666667 0.037037037037037035
3 0.6422910690307617 0.5229470729827881 0.01875 0.03425925925925926
3 0.6208599805831909 0.4941689372062683 0.018229166666666668 0.032407407407407406
1 0.6623240113258362 0.46026086807250977 0.0171875 0.03148148148148148
2 0.6258602738380432 0.7088925838470459 0.011458333333333333 0.012962962962962963
2 0.6802814602851868 0.6355983018875122 0.011458333333333333 0.012962962962962963
2 0.7262489199638367 0.5732354521751404 0.011458333333333333 0.012962962962962963
2 0.7996785044670105 0.4748029410839081 0.011458333333333333 0.012962962962962963
2 0.8298673033714294 0.43407970666885376 0.011458333333333333 0.012962962962962963
2 0.8562690615653992 0.398049533367157 0.011458333333333333 0.012962962962962963
2 0.786673903465271 0.3352629244327545 0.011458333333333333 0.012962962962962963
2 0.7140733003616333 0.3190798759460449 0.011458333333333333 0.012962962962962963
2 0.6465532183647156 0.3038552403450012 0.011458333333333333 0.012962962962962963
2 0.5192773938179016 0.31545552611351013 0.011458333333333333 0.012962962962962963
2 0.479042649269104 0.3416855037212372 0.011458333333333333 0.012962962962962963
2 0.4340331256389618 0.370880126953125 0.011458333333333333 0.012962962962962963
2 0.3285149931907654 0.4394022822380066 0.011458333333333333 0.012962962962962963
2 0.26503124833106995 0.480831116437912 0.011458333333333333 0.012962962962962963
2 0.19234974682331085 0.5276908874511719 0.011458333333333333 0.012962962962962963
2 0.18901659548282623 0.6512357592582703 0.011458333333333333 0.012962962962962963
2 0.28269150853157043 0.6970356106758118 0.011458333333333333 0.012962962962962963
2 0.3873699903488159 0.7485617995262146 0.011458333333333333 0.012962962962962963
