4 0.5777977108955383 0.6591465473175049 0.0203125 0.03425925925925926
3 0.5717911124229431 0.6754770874977112 0.021354166666666667 0.03611111111111111
4 0.5765104293823242 0.7080342769622803 0.022916666666666665 0.024074074074074074
3 0.6564075946807861 0.6939336061477661 0.021354166666666667 0.03611111111111111
4 0.6129688620567322 0.6390974521636963 0.019791666666666666 0.03518518518518519
1 0.557128369808197 0.5258292555809021 0.015625 0.026851851851851852
0 0.5381410121917725 0.5295109152793884 0.015104166666666667 0.025925925925925925
4 0.46759021282196045 0.5388934016227722 0.015625 0.026851851851851852
3 0.5080991983413696 0.6499003767967224 0.0203125 0.03518518518518519
4 0.5274300575256348 0.6695802807807922 0.0203125 0.037037037037037035
4 0.49927008152008057 0.7058144807815552 0.021354166666666667 0.027777777777777776
3 0.4388602077960968 0.7008724212646484 0.022916666666666665 0.03796296296296296
4 0.4053172171115875 0.7028149962425232 0.022395833333333334 0.037037037037037035
3 0.39076775312423706 0.6682106256484985 0.019791666666666666 0.03611111111111111
2 0.29799720644950867 0.685872495174408 0.007291666666666667 0.009259259259259259
2 0.3091335594654083 0.653796911239624 0.007291666666666667 0.009259259259259259
2 0.3190370500087738 0.6252226829528809 0.007291666666666667 0.009259259259259259
2 0.33638083934783936 0.5755155086517334 0.007291666666666667 0.009259259259259259
2 0.3438167870044708 0.5539495348930359 0.007291666666666667 0.009259259259259259
2 0.3507586717605591 0.5336974263191223 0.007291666666666667 0.009259259259259259
2 0.43612024188041687 0.5105686187744141 0.007291666666666667 0.009259259259259259
2 0.49930721521377563 0.5095850825309753 0.007291666666666667 0.009259259259259259
2 0.5631253123283386 0.5077138543128967 0.007291666666666667 0.009259259259259259
2 0.6500511169433594 0.5281427502632141 0.007291666666666667 0.009259259259259259
2 0.6567509174346924 0.5475013852119446 0.007291666666666667 0.009259259259259259
2 0.6644748449325562 0.5681781768798828 0.007291666666666667 0.009259259259259259
2 0.682504415512085 0.6170241832733154 0.007291666666666667 0.009259259259259259
2 0.6938309073448181 0.645630419254303 0.007291666666666667 0.009259259259259259
2 0.7056829929351807 0.6773290038108826 0.007291666666666667 0.009259259259259259
2 0.6014400720596313 0.7237557768821716 0.007291666666666667 0.009259259259259259
2 0.5024052858352661 0.726026713848114 0.007291666666666667 0.009259259259259259
2 0.40368226170539856 0.7278513312339783 0.007291666666666667 0.009259259259259259
