4 0.4327682554721832 0.6193963289260864 0.0203125 0.03425925925925926
3 0.4389830231666565 0.6354967355728149 0.021354166666666667 0.03611111111111111
4 0.4348379075527191 0.6677552461624146 0.022916666666666665 0.024074074074074074
3 0.35551756620407104 0.6544272899627686 0.021354166666666667 0.03611111111111111
4 0.3976409137248993 0.5998794436454773 0.019791666666666666 0.03518518518518519
1 0.4510374665260315 0.4876672923564911 0.015625 0.026851851851851852
0 0.469873309135437 0.4911099970340729 0.015104166666666667 0.025925925925925925
4 0.5398708581924438 0.499679833650589 0.015625 0.026851851851851852
3 0.5016754269599915 0.6096729040145874 0.0203125 0.03518518518518519
4 0.48284685611724854 0.6293019652366638 0.0203125 0.037037037037037035
4 0.5114073753356934 0.664956271648407 0.021354166666666667 0.027777777777777776
3 0.5713192224502563 0.6595855355262756 0.022916666666666665 0.03796296296296296
4 0.6047044396400452 0.6612487435340881 0.022395833333333334 0.037037037037037035
3 0.6185139417648315 0.6268267631530762 0.019791666666666666 0.03611111111111111
2 0.7112186551094055 0.6435879468917847 0.007291666666666667 0.009259259259259259
2 0.6994650363922119 0.6118643283843994 0.007291666666666667 0.009259259259259259
2 0.6890238523483276 0.5836367607116699 0.007291666666666667 0.009259259259259259
2 0.6707730889320374 0.5346081256866455 0.007291666666666667 0.009259259259259259
2 0.6629539132118225 0.5133650302886963 0.007291666666666667 0.009259259259259259
2 0.6556578278541565 0.4934318959712982 0.007291666666666667 0.009259259259259259
2 0.5705379247665405 0.4714508056640625 0.007291666666666667 0.009259259259259259
2 0.5079507231712341 0.4711049497127533 0.007291666666666667 0.009259259259259259
2 0.44481271505355835 0.4698922336101532 0.007291666666666667 0.009259259259259259
2 0.3593045473098755 0.4908418357372284 0.007291666666666667 0.009259259259259259
2 0.35298416018486023 0.5099568963050842 0.007291666666666667 0.009259259259259259
2 0.3456697463989258 0.530388355255127 0.007291666666666667 0.009259259259259259
2 0.3285910189151764 0.5786914229393005 0.007291666666666667 0.009259259259259259
2 0.31782200932502747 0.6070115566253662 0.007291666666666667 0.009259259259259259
2 0.30657094717025757 0.6384087800979614 0.007291666666666667 0.009259259259259259
2 0.41038957238197327 0.6835148334503174 0.007291666666666667 0.009259259259259259
2 0.5086478590965271 0.6850147247314453 0.007291666666666667 0.009259259259259259
2 0.6068059206008911 0.686077356338501 0.007291666666666667 0.009259259259259259
