4 0.5750783085823059 0.6599406599998474 0.0203125 0.03425925925925926
3 0.5693323612213135 0.6764668822288513 0.021354166666666667 0.03611111111111111
4 0.5743087530136108 0.709653377532959 0.022916666666666665 0.024074074074074074
3 0.6524601578712463 0.696298360824585 0.021354166666666667 0.03611111111111111
4 0.6094064116477966 0.6401008367538452 0.019791666666666666 0.03518518518518519
1 0.5533835887908936 0.5240589380264282 0.015625 0.026851851851851852
0 0.5346949100494385 0.5273900628089905 0.015104166666666667 0.025925925925925925
4 0.4648659825325012 0.5354406833648682 0.015625 0.026851851851851852
3 0.5061570405960083 0.6494971513748169 0.0203125 0.03518518518518519
4 0.525492250919342 0.6698529720306396 0.0203125 0.037037037037037035
4 0.49794119596481323 0.7064775824546814 0.021354166666666667 0.027777777777777776
3 0.43773677945137024 0.7006885409355164 0.022916666666666665 0.03796296296296296
4 0.4041801393032074 0.7022711038589478 0.022395833333333334 0.037037037037037035
3 0.38926926255226135 0.6665332317352295 0.019791666666666666 0.03611111111111111
2 0.29578500986099243 0.6834513545036316 0.007291666666666667 0.009259259259259259
2 0.30680760741233826 0.6504978537559509 0.007291666666666667 0.009259259259259259
2 0.3165939152240753 0.6211881041526794 0.007291666666666667 0.009259259259259259
2 0.33369991183280945 0.5703086853027344 0.007291666666666667 0.009259259259259259
2 0.34101802110671997 0.5482736229896545 0.007291666666666667 0.009259259259259259
2 0.34784138202667236 0.5276027917861938 0.007291666666666667 0.009259259259259259
2 0.43324169516563416 0.5058028697967529 0.007291666666666667 0.009259259259259259
2 0.496084064245224 0.5062424540519714 0.007291666666666667 0.009259259259259259
2 0.5591074824333191 0.5057919025421143 0.007291666666666667 0.009259259259259259
2 0.6444941163063049 0.5284096598625183 0.007291666666666667 0.009259259259259259
2 0.6512326002120972 0.5481201410293579 0.007291666666666667 0.009259259259259259
2 0.6589798331260681 0.5691738128662109 0.007291666666666667 0.009259259259259259
2 0.6770538091659546 0.6188614368438721 0.007291666666666667 0.009259259259259259
2 0.6883739829063416 0.6479432582855225 0.007291666666666667 0.009259259259259259
2 0.7002289891242981 0.6801319122314453 0.007291666666666667 0.009259259259259259
2 0.5989757776260376 0.7259232401847839 0.007291666666666667 0.009259259259259259
2 0.5012484192848206 0.7271682620048523 0.007291666666666667 0.009259259259259259
2 0.402766615152359 0.7279717326164246 0.007291666666666667 0.009259259259259259
