4 0.4261539578437805 0.645402729511261 0.0203125 0.03425925925925926
3 0.43201687932014465 0.6621912121772766 0.021354166666666667 0.03611111111111111
4 0.4272230267524719 0.695409893989563 0.022916666666666665 0.024074074074074074
3 0.3486003875732422 0.6797069311141968 0.021354166666666667 0.03611111111111111
4 0.391561895608902 0.6244053244590759 0.019791666666666666 0.03518518518518519
1 0.4471092224121094 0.5094048380851746 0.015625 0.026851851851851852
0 0.46586284041404724 0.5133724808692932 0.015104166666666667 0.025925925925925925
4 0.5357630252838135 0.5237531065940857 0.015625 0.026851851851851852
3 0.4951377809047699 0.6369760036468506 0.0203125 0.03518518518518519
4 0.4759075939655304 0.6568416953086853 0.0203125 0.037037037037037035
4 0.5036782026290894 0.6944161057472229 0.021354166666666667 0.027777777777777776
3 0.5637457370758057 0.6903426051139832 0.022916666666666665 0.03796296296296296
4 0.5971807241439819 0.6928929686546326 0.022395833333333334 0.037037037037037035
3 0.6118279695510864 0.6575413346290588 0.019791666666666666 0.03611111111111111
2 0.7047105431556702 0.6771976947784424 0.007291666666666667 0.009259259259259259
2 0.6936253905296326 0.643944501876831 0.007291666666666667 0.009259259259259259
2 0.6837765574455261 0.6143481731414795 0.007291666666666667 0.009259259259259259
2 0.666547417640686 0.5629212260246277 0.007291666666666667 0.009259259259259259
2 0.6591692566871643 0.5406337380409241 0.007291666666666667 0.009259259259259259
2 0.6522858738899231 0.5197175741195679 0.007291666666666667 0.009259259259259259
2 0.5671626329421997 0.4950484037399292 0.007291666666666667 0.009259259259259259
2 0.5043956637382507 0.49339407682418823 0.007291666666666667 0.009259259259259259
2 0.4412599503993988 0.49083319306373596 0.007291666666666667 0.009259259259259259
2 0.355572372674942 0.5107724666595459 0.007291666666666667 0.009259259259259259
2 0.34890860319137573 0.5304234027862549 0.007291666666666667 0.009259259259259259
2 0.34123578667640686 0.5513996481895447 0.007291666666666667 0.009259259259259259
2 0.3233327269554138 0.6009283065795898 0.007291666666666667 0.009259259259259259
2 0.31210213899612427 0.629905641078949 0.007291666666666667 0.009259259259259259
2 0.3003484010696411 0.6620093584060669 0.007291666666666667 0.009259259259259259
2 0.4025629162788391 0.7110639810562134 0.007291666666666667 0.009259259259259259
2 0.5004899501800537 0.7150848507881165 0.007291666666666667 0.009259259259259259
2 0.5987250208854675 0.7186666131019592 0.007291666666666667 0.009259259259259259
