4 0.5086743831634521 0.49500104784965515 0.008333333333333333 0.014814814814814815
4 0.581102192401886 0.538000762462616 0.009895833333333333 0.017592592592592594
3 0.5682224035263062 0.5140382051467896 0.008854166666666666 0.01574074074074074
0 0.561374843120575 0.5492733716964722 0.009895833333333333 0.017592592592592594
4 0.5337437391281128 0.5786013603210449 0.010416666666666666 0.019444444444444445
4 0.4799569845199585 0.5993032455444336 0.011458333333333333 0.019444444444444445
4 0.49212005734443665 0.5415140390396118 0.010416666666666666 0.016666666666666666
1 0.4398629367351532 0.5536468625068665 0.009895833333333333 0.017592592592592594
4 0.3779984712600708 0.6027749180793762 0.011458333333333333 0.012962962962962963
4 0.40809115767478943 0.5536091327667236 0.009895833333333333 0.017592592592592594
2 0.3523405194282532 0.5846872925758362 0.007291666666666667 0.009259259259259259
2 0.35996606945991516 0.564385712146759 0.007291666666666667 0.009259259259259259
2 0.37852755188941956 0.5151966214179993 0.007291666666666667 0.009259259259259259
2 0.3838702142238617 0.5016550421714783 0.007291666666666667 0.009259259259259259
2 0.3884473741054535 0.4890144169330597 0.007291666666666667 0.009259259259259259
2 0.4483739137649536 0.47416284680366516 0.007291666666666667 0.009259259259259259
2 0.49144306778907776 0.47374898195266724 0.007291666666666667 0.009259259259259259
2 0.5599234700202942 0.4738091826438904 0.007291666666666667 0.009259259259259259
2 0.5935648679733276 0.4873989522457123 0.007291666666666667 0.009259259259259259
2 0.5979542136192322 0.5000585317611694 0.007291666666666667 0.009259259259259259
2 0.6028586030006409 0.5136221051216125 0.007291666666666667 0.009259259259259259
2 0.6137017607688904 0.5448158383369446 0.007291666666666667 0.009259259259259259
2 0.6201545596122742 0.5628982186317444 0.007291666666666667 0.009259259259259259
2 0.6271229982376099 0.5823357701301575 0.007291666666666667 0.009259259259259259
2 0.554336667060852 0.6129535436630249 0.007291666666666667 0.009259259259259259
2 0.4894745647907257 0.6133131980895996 0.007291666666666667 0.009259259259259259
2 0.42413270473480225 0.6136719584465027 0.007291666666666667 0.009259259259259259
