4 0.4698624014854431 0.8563249111175537 0.022916666666666665 0.04351851851851852
4 0.6102606058120728 0.772808313369751 0.0203125 0.03888888888888889
4 0.6203119158744812 0.6925083994865417 0.017708333333333333 0.032407407407407406
0 0.5733891129493713 0.615123987197876 0.015625 0.027777777777777776
4 0.5699783563613892 0.5854726433753967 0.014583333333333334 0.026851851851851852
4 0.36671942472457886 0.6941266059875488 0.017708333333333333 0.03333333333333333
4 0.46069806814193726 0.6266263127326965 0.016145833333333335 0.028703703703703703
1 0.3645322024822235 0.5470937490463257 0.013541666666666667 0.024074074074074074
4 0.3412149250507355 0.5198607444763184 0.0125 0.022222222222222223
3 0.3167000412940979 0.527927815914154 0.013020833333333334 0.023148148148148147
2 0.3738704323768616 0.8139142990112305 0.011458333333333333 0.012962962962962963
2 0.32623088359832764 0.7507795691490173 0.011458333333333333 0.012962962962962963
2 0.28693684935569763 0.6978875398635864 0.011458333333333333 0.012962962962962963
2 0.22498559951782227 0.6151882410049438 0.011458333333333333 0.012962962962962963
2 0.200299471616745 0.5818118453025818 0.011458333333333333 0.012962962962962963
2 0.17837467789649963 0.5524155497550964 0.011458333333333333 0.012962962962962963
2 0.24053767323493958 0.5023406744003296 0.011458333333333333 0.012962962962962963
2 0.30306345224380493 0.4896514415740967 0.011458333333333333 0.012962962962962963
2 0.3621533513069153 0.47784411907196045 0.011458333333333333 0.012962962962962963
2 0.471820205450058 0.4882388710975647 0.011458333333333333 0.012962962962962963
2 0.5061652660369873 0.5092570185661316 0.011458333333333333 0.012962962962962963
2 0.5456113219261169 0.5329269170761108 0.011458333333333333 0.012962962962962963
2 0.6381018757820129 0.5891616344451904 0.011458333333333333 0.012962962962962963
2 0.6944940090179443 0.6235140562057495 0.011458333333333333 0.012962962962962963
2 0.7596524953842163 0.6632308959960938 0.011458333333333333 0.012962962962962963
2 0.7656069397926331 0.7676419019699097 0.011458333333333333 0.012962962962962963
2 0.6824604868888855 0.8064345121383667 0.011458333333333333 0.012962962962962963
2 0.5885128378868103 0.8504830598831177 0.011458333333333333 0.012962962962962963
