4 0.6018751263618469 0.3705862760543823 0.0171875 0.02962962962962963
4 0.6084159016609192 0.4230676293373108 0.018229166666666668 0.032407407407407406
1 0.4879423975944519 0.4347153306007385 0.017708333333333333 0.03425925925925926
2 0.3837868273258209 0.49393168091773987 0.007291666666666667 0.009259259259259259
2 0.3599977195262909 0.4482575058937073 0.007291666666666667 0.009259259259259259
2 0.3405740559101105 0.4103723168373108 0.007291666666666667 0.009259259259259259
2 0.3089195191860199 0.3469752073287964 0.007291666666666667 0.009259259259259259
2 0.2959095537662506 0.3209975063800812 0.007291666666666667 0.009259259259259259
2 0.28469550609588623 0.2977619171142578 0.007291666666666667 0.009259259259259259
2 0.33452942967414856 0.2582928538322449 0.007291666666666667 0.009259259259259259
2 0.3828258514404297 0.2494160383939743 0.007291666666666667 0.009259259259259259
2 0.4295426905155182 0.2391868382692337 0.007291666666666667 0.009259259259259259
2 0.5093573927879333 0.24748952686786652 0.007291666666666667 0.009259259259259259
2 0.5319363474845886 0.2669718265533447 0.007291666666666667 0.009259259259259259
2 0.5568342804908752 0.2869020402431488 0.007291666666666667 0.009259259259259259
2 0.6158811450004578 0.33538809418678284 0.007291666666666667 0.009259259259259259
2 0.6505467295646667 0.36485716700553894 0.007291666666666667 0.009259259259259259
2 0.6893302202224731 0.39796242117881775 0.007291666666666667 0.009259259259259259
2 0.6690898537635803 0.47254478931427 0.007291666666666667 0.009259259259259259
2 0.598915696144104 0.4962972104549408 0.007291666666666667 0.009259259259259259
2 0.5226849913597107 0.5237871408462524 0.007291666666666667 0.009259259259259259
