4 0.541295051574707 0.8031453490257263 0.026104166666666664 0.04437619047619047
3 0.6087754964828491 0.642841637134552 0.02256845238095238 0.03567619047619048
3 0.44880810379981995 0.6366779804229736 0.022026785714285717 0.03654761904761905
4 0.4173881411552429 0.6469415426254272 0.02392857142857143 0.03567619047619048
3 0.4643896818161011 0.5689277648925781 0.01998511904761905 0.030923809523809524
3 0.5257843136787415 0.5488541722297668 0.01806845238095238 0.028704761904761907
0 0.5354607105255127 0.5428959727287292 0.016133928571428573 0.028704761904761907
3 0.44956159591674805 0.4806574881076813 0.016648809523809524 0.026847619047619047
3 0.44037100672721863 0.47011706233024597 0.015101190476190476 0.024985714285714285
4 0.41359442472457886 0.47224339842796326 0.015360119047619048 0.025400000000000002
1 0.35434654355049133 0.45150667428970337 0.014970238095238094 0.024576190476190477
4 0.3322388529777527 0.4480167031288147 0.015360119047619048 0.024985714285714285
3 0.3075745701789856 0.4768957495689392 0.015747023809523808 0.02663809523809524
4 0.23916292190551758 0.5053578615188599 0.017681547619047618 0.02601904761904762
4 0.27692192792892456 0.575464129447937 0.020392857142857143 0.03159523809523809
4 0.3018653094768524 0.587478756904602 0.019360119047619046 0.03241904761904762
2 0.6651847958564758 0.8268765807151794 0.006845238095238095 0.0073
2 0.7666091322898865 0.779800534248352 0.006845238095238095 0.006657142857142857
2 0.8560065031051636 0.7381840348243713 0.00724702380952381 0.006871428571428571
2 0.8352286219596863 0.6265462040901184 0.006208333333333333 0.005933333333333334
2 0.7558026313781738 0.5846052765846252 0.006369047619047619 0.00529047619047619
2 0.6861861944198608 0.5473189353942871 0.004997023809523809 0.004385714285714286
2 0.5703911185264587 0.48521921038627625 0.004657738095238095 0.0036714285714285716
2 0.5212185382843018 0.45905420184135437 0.004586309523809524 0.003785714285714286
2 0.4769509732723236 0.43497398495674133 0.004729166666666667 0.0041285714285714285
2 0.3453103303909302 0.42300763726234436 0.0045148809523809525 0.0027523809523809523
2 0.2768363058567047 0.4355093538761139 0.004011904761904762 0.0032095238095238097
2 0.20354868471622467 0.44923725724220276 0.0048005952380952375 0.0035523809523809523
2 0.13745303452014923 0.5044469833374023 0.005232142857142856 0.004928571428571428
2 0.16905146837234497 0.5373234748840332 0.0048005952380952375 0.004814285714285714
2 0.20479772984981537 0.5748355984687805 0.005446428571428572 0.004242857142857143
2 0.2917998433113098 0.6651836633682251 0.006592261904761905 0.005961904761904762
2 0.34698203206062317 0.7226410508155823 0.006449404761904762 0.006652380952380953
2 0.41205957531929016 0.7903656959533691 0.0078125 0.0077952380952380955
