4 0.4590764045715332 0.802204966545105 0.026104166666666664 0.04437619047619047
3 0.3897763788700104 0.640796422958374 0.02256845238095238 0.03567619047619048
3 0.552911639213562 0.6371923685073853 0.022026785714285717 0.03654761904761905
4 0.5849435329437256 0.6479559540748596 0.02392857142857143 0.03567619047619048
3 0.5368607640266418 0.5691825151443481 0.01998511904761905 0.030923809523809524
3 0.4742078483104706 0.5480838418006897 0.01806845238095238 0.028704761904761907
0 0.4643206298351288 0.5419601202011108 0.016133928571428573 0.028704761904761907
3 0.5517488121986389 0.48112398386001587 0.016648809523809524 0.026847619047619047
3 0.5610888600349426 0.4707345962524414 0.015101190476190476 0.024985714285714285
4 0.5883777737617493 0.47331905364990234 0.015360119047619048 0.025400000000000002
1 0.6486657857894897 0.4535927474498749 0.014970238095238094 0.024576190476190477
4 0.6711610555648804 0.45048296451568604 0.015360119047619048 0.024985714285714285
3 0.6963239312171936 0.47977781295776367 0.015747023809523808 0.02663809523809524
4 0.7659536600112915 0.5093792080879211 0.017681547619047618 0.02601904761904762
4 0.7277175784111023 0.5787942409515381 0.020392857142857143 0.03159523809523809
4 0.702378511428833 0.590390682220459 0.019360119047619046 0.03241904761904762
2 0.33271318674087524 0.8240933418273926 0.006845238095238095 0.0073
2 0.22891227900981903 0.7754508256912231 0.006845238095238095 0.006657142857142857
2 0.1372918337583542 0.7323934435844421 0.00724702380952381 0.006871428571428571
2 0.15819287300109863 0.6208305954933167 0.006208333333333333 0.005933333333333334
2 0.2393452227115631 0.58008873462677 0.006369047619047619 0.00529047619047619
2 0.3104168772697449 0.5438807606697083 0.004997023809523809 0.004385714285714286
2 0.42851635813713074 0.48363372683525085 0.004657738095238095 0.0036714285714285716
2 0.47862428426742554 0.45827803015708923 0.004586309523809524 0.003785714285714286
2 0.5237101912498474 0.43493714928627014 0.004729166666666667 0.0041285714285714285
2 0.6577984094619751 0.42524755001068115 0.0045148809523809525 0.0027523809523809523
2 0.7275000214576721 0.4389333724975586 0.004011904761904762 0.0032095238095238097
2 0.8020312190055847 0.4539143443107605 0.0048005952380952375 0.0035523809523809523
2 0.8692662119865417 0.5101788640022278 0.005232142857142856 0.004928571428571428
2 0.8372477889060974 0.542478084564209 0.0048005952380952375 0.004814285714285714
2 0.8010167479515076 0.5793470740318298 0.005446428571428572 0.004242857142857143
2 0.7127865552902222 0.6681779026985168 0.006592261904761905 0.005961904761904762
2 0.6567918062210083 0.7247070074081421 0.006449404761904762 0.006652380952380953
2 0.5907220840454102 0.7913711071014404 0.0078125 0.0077952380952380955
