4 0.5449524521827698 0.792673647403717 0.026104166666666664 0.04437619047619047
3 0.6139277815818787 0.6319528222084045 0.02256845238095238 0.03567619047619048
3 0.45015275478363037 0.6285827159881592 0.022026785714285717 0.03654761904761905
4 0.4179685413837433 0.6393349766731262 0.02392857142857143 0.03567619047619048
3 0.4661000072956085 0.56095290184021 0.01998511904761905 0.030923809523809524
3 0.5289320349693298 0.5399603247642517 0.01806845238095238 0.028704761904761907
0 0.5388302206993103 0.5338766574859619 0.016133928571428573 0.028704761904761907
3 0.4509124755859375 0.47351324558258057 0.016648809523809524 0.026847619047619047
3 0.44150692224502563 0.4632016718387604 0.015101190476190476 0.024985714285714285
4 0.4141034483909607 0.4657627046108246 0.015360119047619048 0.025400000000000002
1 0.353463739156723 0.44616571068763733 0.014970238095238094 0.024576190476190477
4 0.3308328092098236 0.44307053089141846 0.015360119047619048 0.024985714285714285
3 0.3055594265460968 0.47216540575027466 0.015747023809523808 0.02663809523809524
4 0.23545557260513306 0.5015984177589417 0.017681547619047618 0.02601904761904762
4 0.2740788459777832 0.5706528425216675 0.020392857142857143 0.03159523809523809
4 0.29963043332099915 0.5821747183799744 0.019360119047619046 0.03241904761904762
2 0.6718804240226746 0.8141174912452698 0.006845238095238095 0.0073
2 0.7756314873695374 0.7654492259025574 0.006845238095238095 0.006657142857142857
2 0.8669887781143188 0.7224724888801575 0.00724702380952381 0.006871428571428571
2 0.8454943895339966 0.6118580102920532 0.006208333333333333 0.005933333333333334
2 0.7642270922660828 0.5715556144714355 0.006369047619047619 0.00529047619047619
2 0.6929978728294373 0.5357101559638977 0.004997023809523809 0.004385714285714286
2 0.5745250582695007 0.4760099947452545 0.004657738095238095 0.0036714285714285716
2 0.5242172479629517 0.45086339116096497 0.004586309523809524 0.003785714285714286
2 0.47892847657203674 0.4277043640613556 0.004729166666666667 0.0041285714285714285
2 0.3442274332046509 0.41802313923835754 0.0045148809523809525 0.0027523809523809523
2 0.27411437034606934 0.43157780170440674 0.004011904761904762 0.0032095238095238097
2 0.1990330070257187 0.44643786549568176 0.0048005952380952375 0.0035523809523809523
2 0.13121387362480164 0.5024128556251526 0.005232142857142856 0.004928571428571428
2 0.16355663537979126 0.5345638990402222 0.0048005952380952375 0.004814285714285714
2 0.20015177130699158 0.571260929107666 0.005446428571428572 0.004242857142857143
2 0.2892536222934723 0.6596623063087463 0.006592261904761905 0.005961904761904762
2 0.34579116106033325 0.715907871723175 0.006449404761904762 0.006652380952380953
2 0.4124908447265625 0.782227098941803 0.0078125 0.0077952380952380955
