4 0.4613434970378876 0.8004438281059265 0.026104166666666664 0.04437619047619047
3 0.3914793133735657 0.6449620127677917 0.02256845238095238 0.03567619047619048
3 0.5554410815238953 0.6379838585853577 0.022026785714285717 0.03654761904761905
4 0.5875527262687683 0.6477299332618713 0.02392857142857143 0.03567619047619048
3 0.5392457842826843 0.5724514126777649 0.01998511904761905 0.030923809523809524
3 0.4763789474964142 0.5532780289649963 0.01806845238095238 0.028704761904761907
0 0.46644681692123413 0.5475434064865112 0.016133928571428573 0.028704761904761907
3 0.5540139079093933 0.4870307147502899 0.016648809523809524 0.026847619047619047
3 0.5633397698402405 0.476826012134552 0.015101190476190476 0.024985714285714285
4 0.5906266570091248 0.47881433367729187 0.015360119047619048 0.025400000000000002
1 0.6507581472396851 0.45868629217147827 0.014970238095238094 0.024576190476190477
4 0.6731700301170349 0.4552820026874542 0.015360119047619048 0.024985714285714285
3 0.698326051235199 0.48303642868995667 0.015747023809523808 0.02663809523809524
4 0.7677042484283447 0.5102347135543823 0.017681547619047618 0.02601904761904762
4 0.7299330830574036 0.5778921246528625 0.020392857142857143 0.03159523809523809
4 0.7047271132469177 0.5895997881889343 0.019360119047619046 0.03241904761904762
2 0.3337637782096863 0.8248633742332458 0.006845238095238095 0.0073
2 0.2286459058523178 0.7798376679420471 0.006845238095238095 0.006657142857142857
2 0.13565608859062195 0.739886462688446 0.00724702380952381 0.006871428571428571
2 0.1572307050228119 0.6304672360420227 0.006208333333333333 0.005933333333333334
2 0.23960179090499878 0.5890854597091675 0.006369047619047619 0.00529047619047619
2 0.3114953935146332 0.5524559020996094 0.004997023809523809 0.004385714285714286
2 0.43045395612716675 0.4917689263820648 0.004657738095238095 0.0036714285714285716
2 0.4807364344596863 0.46631669998168945 0.004586309523809524 0.003785714285714286
2 0.5258824825286865 0.44295600056648254 0.004729166666666667 0.0041285714285714285
2 0.6597816348075867 0.43122223019599915 0.0045148809523809525 0.0027523809523809523
2 0.7292066216468811 0.44315019249916077 0.004011904761904762 0.0032095238095238097
2 0.8032901287078857 0.4562116265296936 0.0048005952380952375 0.0035523809523809523
2 0.8702090978622437 0.5090410113334656 0.005232142857142856 0.004928571428571428
2 0.8386366963386536 0.5407218337059021 0.0048005952380952375 0.004814285714285714
2 0.8028436303138733 0.5769478678703308 0.005446428571428572 0.004242857142857143
2 0.7153719663619995 0.664552628993988 0.006592261904761905 0.005961904761904762
2 0.6596348285675049 0.7205235958099365 0.006449404761904762 0.006652380952380953
2 0.593643307685852 0.7867566347122192 0.0078125 0.0077952380952380955
