4 0.6855835318565369 0.280923068523407 0.024479166666666666 0.041666666666666664
4 0.4609431326389313 0.2614429295063019 0.023958333333333335 0.040740740740740744
3 0.37241172790527344 0.2824748158454895 0.022916666666666665 0.04351851851851852
3 0.3585211932659149 0.29143229126930237 0.0234375 0.041666666666666664
0 0.45896902680397034 0.39154669642448425 0.027083333333333334 0.049074074074074076
4 0.3511204421520233 0.5599379539489746 0.03125 0.06296296296296296
3 0.381501168012619 0.5493761897087097 0.033854166666666664 0.05740740740740741
4 0.3704085946083069 0.573084831237793 0.034895833333333334 0.062037037037037036
1 0.4402957856655121 0.5491721034049988 0.034375 0.06018518518518518
2 0.1769806295633316 0.568550169467926 0.011458333333333333 0.012962962962962963
2 0.2039739340543747 0.5011561512947083 0.011458333333333333 0.012962962962962963
2 0.2271440476179123 0.44354239106178284 0.011458333333333333 0.012962962962962963
2 0.2638385593891144 0.34753331542015076 0.011458333333333333 0.012962962962962963
2 0.2791122496128082 0.30742865800857544 0.011458333333333333 0.012962962962962963
2 0.2928421199321747 0.2716006636619568 0.011458333333333333 0.012962962962962963
2 0.42605656385421753 0.2291068732738495 0.011458333333333333 0.012962962962962963
2 0.5212931036949158 0.22577331960201263 0.011458333333333333 0.012962962962962963
2 0.617075502872467 0.22285118699073792 0.011458333333333333 0.012962962962962963
2 0.7484731078147888 0.2584231197834015 0.011458333333333333 0.012962962962962963
2 0.7597742080688477 0.2942151427268982 0.011458333333333333 0.012962962962962963
2 0.7730444669723511 0.333388090133667 0.011458333333333333 0.012962962962962963
2 0.8046138882637024 0.4287806451320648 0.011458333333333333 0.012962962962962963
2 0.8238973021507263 0.48668986558914185 0.011458333333333333 0.012962962962962963
2 0.8460597991943359 0.553968608379364 0.011458333333333333 0.012962962962962963
2 0.6707919239997864 0.6563150882720947 0.011458333333333333 0.012962962962962963
2 0.5050229430198669 0.6593340039253235 0.011458333333333333 0.012962962962962963
2 0.33991605043411255 0.6614915728569031 0.011458333333333333 0.012962962962962963
