4 0.5662539005279541 0.6527148485183716 0.0203125 0.037037037037037035
3 0.5539518594741821 0.5678519010543823 0.01875 0.032407407407407406
4 0.5462029576301575 0.5921102166175842 0.019270833333333334 0.03333333333333333
0 0.4726022183895111 0.5711450576782227 0.018229166666666668 0.032407407407407406
3 0.32333919405937195 0.5475783944129944 0.017708333333333333 0.032407407407407406
3 0.35125523805618286 0.47675639390945435 0.016145833333333335 0.02962962962962963
4 0.39816543459892273 0.4489939510822296 0.016145833333333335 0.02962962962962963
4 0.4830918610095978 0.4998651146888733 0.0171875 0.03148148148148148
3 0.48751986026763916 0.36044079065322876 0.0140625 0.025
4 0.5561618208885193 0.2736266255378723 0.011979166666666667 0.022222222222222223
3 0.6494535803794861 0.4270933270454407 0.015625 0.027777777777777776
3 0.6940113306045532 0.4179767370223999 0.015104166666666667 0.027777777777777776
3 0.6997402310371399 0.40095365047454834 0.015104166666666667 0.025925925925925925
1 0.7119936347007751 0.3801897466182709 0.014583333333333334 0.026851851851851852
4 0.7684135437011719 0.3410470485687256 0.014583333333333334 0.025925925925925925
2 0.8239039182662964 0.3538047969341278 0.007291666666666667 0.012962962962962963
2 0.8045236468315125 0.39628466963768005 0.007291666666666667 0.012962962962962963
2 0.7838569283485413 0.4437810778617859 0.007291666666666667 0.012962962962962963
2 0.733728289604187 0.5574603080749512 0.007291666666666667 0.012962962962962963
2 0.7022085189819336 0.6281780004501343 0.007291666666666667 0.012962962962962963
2 0.66554856300354 0.710220217704773 0.007291666666666667 0.012962962962962963
2 0.4587436616420746 0.7730789184570312 0.007291666666666667 0.012962962962962963
2 0.35340145230293274 0.7270975112915039 0.007291666666666667 0.012962962962962963
2 0.2573608458042145 0.6852896213531494 0.007291666666666667 0.012962962962962963
2 0.23409761488437653 0.5482194423675537 0.007291666666666667 0.012962962962962963
2 0.29306259751319885 0.4895344376564026 0.007291666666666667 0.012962962962962963
2 0.34471461176872253 0.43806418776512146 0.007291666666666667 0.012962962962962963
2 0.4310547411441803 0.3518751263618469 0.007291666666666667 0.012962962962962963
2 0.46748992800712585 0.3153696358203888 0.007291666666666667 0.012962962962962963
2 0.5003553628921509 0.2820538282394409 0.007291666666666667 0.012962962962962963
2 0.6175356507301331 0.2605321705341339 0.007291666666666667 0.012962962962962963
2 0.6827076077461243 0.2735445499420166 0.007291666666666667 0.012962962962962963
