4 0.7663546800613403 0.5351278185844421 0.034375 0.06018518518518518
0 0.5566438436508179 0.497316837310791 0.03229166666666667 0.05648148148148148
1 0.48175621032714844 0.34456273913383484 0.027083333333333334 0.04722222222222222
4 0.3550507128238678 0.2690989375114441 0.024479166666666666 0.04351851851851852
3 0.2127738893032074 0.5908899307250977 0.036458333333333336 0.062037037037037036
2 0.15100158751010895 0.5627669095993042 0.011458333333333333 0.012962962962962963
2 0.1790473610162735 0.49079757928848267 0.011458333333333333 0.012962962962962963
2 0.20209641754627228 0.42981332540512085 0.011458333333333333 0.012962962962962963
2 0.23951660096645355 0.32842913269996643 0.011458333333333333 0.012962962962962963
2 0.2552034556865692 0.28573188185691833 0.011458333333333333 0.012962962962962963
2 0.2693139910697937 0.24759648740291595 0.011458333333333333 0.012962962962962963
2 0.4065096974372864 0.20751525461673737 0.011458333333333333 0.012962962962962963
2 0.5046808123588562 0.20775941014289856 0.011458333333333333 0.012962962962962963
2 0.6031488180160522 0.20800431072711945 0.011458333333333333 0.012962962962962963
2 0.7369042038917542 0.24989983439445496 0.011458333333333333 0.012962962962962963
2 0.7497521638870239 0.28742343187332153 0.011458333333333333 0.012962962962962963
2 0.7631109952926636 0.32900893688201904 0.011458333333333333 0.012962962962962963
2 0.8173013925552368 0.4916817545890808 0.011458333333333333 0.012962962962962963
2 0.841434121131897 0.5621444582939148 0.011458333333333333 0.012962962962962963
2 0.6652553677558899 0.666581928730011 0.011458333333333333 0.012962962962962963
2 0.49487602710723877 0.6665968894958496 0.011458333333333333 0.012962962962962963
2 0.3230527639389038 0.6661592125892639 0.011458333333333333 0.012962962962962963
