4 0.2392219603061676 0.5327072143554688 0.034375 0.06018518518518518
0 0.4494995176792145 0.4921114444732666 0.03229166666666667 0.05648148148148148
1 0.5240132808685303 0.3388438820838928 0.027083333333333334 0.04722222222222222
4 0.6499722003936768 0.26246023178100586 0.024479166666666666 0.04351851851851852
3 0.7887446880340576 0.5798372626304626 0.036458333333333336 0.062037037037037036
2 0.8491249084472656 0.5512868165969849 0.011458333333333333 0.012962962962962963
2 0.8222023248672485 0.48084932565689087 0.011458333333333333 0.012962962962962963
2 0.7999963164329529 0.42091086506843567 0.011458333333333333 0.012962962962962963
2 0.7637792229652405 0.32076337933540344 0.011458333333333333 0.012962962962962963
2 0.7485312223434448 0.2784019708633423 0.011458333333333333 0.012962962962962963
2 0.7347805500030518 0.24047432839870453 0.011458333333333333 0.012962962962962963
2 0.5989946722984314 0.20107178390026093 0.011458333333333333 0.012962962962962963
2 0.5010569095611572 0.20176585018634796 0.011458333333333333 0.012962962962962963
2 0.40226230025291443 0.2024659812450409 0.011458333333333333 0.012962962962962963
2 0.26738059520721436 0.24548941850662231 0.011458333333333333 0.012962962962962963
2 0.2545709013938904 0.2834968566894531 0.011458333333333333 0.012962962962962963
2 0.24127750098705292 0.32557788491249084 0.011458333333333333 0.012962962962962963
2 0.18743076920509338 0.48985594511032104 0.011458333333333333 0.012962962962962963
2 0.1634943038225174 0.560853123664856 0.011458333333333333 0.012962962962962963
2 0.34145718812942505 0.6620916128158569 0.011458333333333333 0.012962962962962963
2 0.5111036896705627 0.659079909324646 0.011458333333333333 0.012962962962962963
2 0.6805161833763123 0.6556273102760315 0.011458333333333333 0.012962962962962963
