4 0.7531316876411438 0.5382365584373474 0.034375 0.06018518518518518
0 0.5442553162574768 0.49722206592559814 0.03229166666666667 0.05648148148148148
1 0.46879079937934875 0.34561029076576233 0.027083333333333334 0.04722222222222222
4 0.3437611758708954 0.27004730701446533 0.024479166666666666 0.04351851851851852
3 0.20965762436389923 0.5827475190162659 0.036458333333333336 0.062037037037037036
2 0.14979298412799835 0.5542394518852234 0.011458333333333333 0.012962962962962963
2 0.17584075033664703 0.4846998453140259 0.011458333333333333 0.012962962962962963
2 0.19727949798107147 0.4256094694137573 0.011458333333333333 0.012962962962962963
2 0.2321634143590927 0.32705414295196533 0.011458333333333333 0.012962962962962963
2 0.24682487547397614 0.2854330241680145 0.011458333333333333 0.012962962962962963
2 0.2600368857383728 0.24820217490196228 0.011458333333333333 0.012962962962962963
2 0.3933608829975128 0.20987914502620697 0.011458333333333333 0.012962962962962963
2 0.4898625910282135 0.2108205109834671 0.011458333333333333 0.012962962962962963
2 0.5872824192047119 0.21177084743976593 0.011458333333333333 0.012962962962962963
2 0.7210181951522827 0.2544458508491516 0.011458333333333333 0.012962962962962963
2 0.7342325448989868 0.2919047474861145 0.011458333333333333 0.012962962962962963
2 0.7480000257492065 0.3334219753742218 0.011458333333333333 0.012962962962962963
2 0.8038349151611328 0.49597111344337463 0.011458333333333333 0.012962962962962963
2 0.8287049531936646 0.5664544105529785 0.011458333333333333 0.012962962962962963
2 0.6535559892654419 0.6662690043449402 0.011458333333333333 0.012962962962962963
2 0.48523563146591187 0.6625308990478516 0.011458333333333333 0.012962962962962963
2 0.31737175583839417 0.6583613157272339 0.011458333333333333 0.012962962962962963
