4 0.24900276958942413 0.5199188590049744 0.034375 0.06018518518518518
0 0.45838961005210876 0.48563352227211 0.03229166666666667 0.05648148148148148
1 0.532737672328949 0.338631808757782 0.027083333333333334 0.04722222222222222
4 0.6563306450843811 0.26864415407180786 0.024479166666666666 0.04351851851851852
3 0.7939847707748413 0.5805023908615112 0.036458333333333336 0.062037037037037036
2 0.8533228039741516 0.5540341138839722 0.011458333333333333 0.012962962962962963
2 0.8262112736701965 0.4844926595687866 0.011458333333333333 0.012962962962962963
2 0.8039418458938599 0.4256187975406647 0.011458333333333333 0.012962962962962963
2 0.7678175568580627 0.32785242795944214 0.011458333333333333 0.012962962962962963
2 0.7526870965957642 0.28671661019325256 0.011458333333333333 0.012962962962962963
2 0.739084005355835 0.24999192357063293 0.011458333333333333 0.012962962962962963
2 0.6065087914466858 0.20844800770282745 0.011458333333333333 0.012962962962962963
2 0.5107970833778381 0.20628468692302704 0.011458333333333333 0.012962962962962963
2 0.41405850648880005 0.2040981501340866 0.011458333333333333 0.012962962962962963
2 0.2810920774936676 0.24145688116550446 0.011458333333333333 0.012962962962962963
2 0.2679327726364136 0.2776682674884796 0.011458333333333333 0.012962962962962963
2 0.25419050455093384 0.31792616844177246 0.011458333333333333 0.012962962962962963
2 0.19811414182186127 0.4764586389064789 0.011458333333333333 0.012962962962962963
2 0.172962948679924 0.5456669330596924 0.011458333333333333 0.012962962962962963
2 0.3493216335773468 0.6504414677619934 0.011458333333333333 0.012962962962962963
2 0.518663227558136 0.6517030596733093 0.011458333333333333 0.012962962962962963
2 0.6871640682220459 0.6525179743766785 0.011458333333333333 0.012962962962962963
