4 0.7522001266479492 0.5274882912635803 0.034375 0.06018518518518518
0 0.5434742569923401 0.4949766993522644 0.03229166666666667 0.05648148148148148
1 0.469500333070755 0.3454274833202362 0.027083333333333334 0.04722222222222222
4 0.34517672657966614 0.27461978793144226 0.024479166666666666 0.04351851851851852
3 0.20686711370944977 0.595533549785614 0.036458333333333336 0.062037037037037036
2 0.14709891378879547 0.5692732334136963 0.011458333333333333 0.012962962962962963
2 0.17416933178901672 0.49793097376823425 0.011458333333333333 0.012962962962962963
2 0.1964491456747055 0.4374055564403534 0.011458333333333333 0.012962962962962963
2 0.23268333077430725 0.33663028478622437 0.011458333333333333 0.012962962962962963
2 0.2478964626789093 0.2941257059574127 0.011458333333333333 0.012962962962962963
2 0.26159295439720154 0.2561262845993042 0.011458333333333333 0.012962962962962963
2 0.39551183581352234 0.2120913416147232 0.011458333333333333 0.012962962962962963
2 0.49202096462249756 0.20905272662639618 0.011458333333333333 0.012962962962962963
2 0.5893884897232056 0.2059870809316635 0.011458333333333333 0.012962962962962963
2 0.7225877046585083 0.24330709874629974 0.011458333333333333 0.012962962962962963
2 0.7354554533958435 0.28037992119789124 0.011458333333333333 0.012962962962962963
2 0.748846709728241 0.3215261697769165 0.011458333333333333 0.012962962962962963
2 0.8032764196395874 0.48275026679039 0.011458333333333333 0.012962962962962963
2 0.8275721073150635 0.552733838558197 0.011458333333333333 0.012962962962962963
2 0.6513246893882751 0.6609571576118469 0.011458333333333333 0.012962962962962963
2 0.4825793206691742 0.6643957495689392 0.011458333333333333 0.012962962962962963
2 0.31412240862846375 0.6673818230628967 0.011458333333333333 0.012962962962962963
