4 0.24235305190086365 0.529060959815979 0.034375 0.06018518518518518
0 0.4478987455368042 0.49251416325569153 0.03229166666666667 0.05648148148148148
1 0.5205180644989014 0.34235745668411255 0.027083333333333334 0.04722222222222222
4 0.6433983445167542 0.2691023051738739 0.024479166666666666 0.04351851851851852
3 0.783240020275116 0.586123526096344 0.036458333333333336 0.062037037037037036
2 0.8429365158081055 0.5586324334144592 0.011458333333333333 0.012962962962962963
2 0.8152833580970764 0.48773589730262756 0.011458333333333333 0.012962962962962963
2 0.7925634980201721 0.427713543176651 0.011458333333333333 0.012962962962962963
2 0.7557007074356079 0.32803618907928467 0.011458333333333333 0.012962962962962963
2 0.7402605414390564 0.2860970199108124 0.011458333333333333 0.012962962962962963
2 0.7263807654380798 0.24865742027759552 0.011458333333333333 0.012962962962962963
2 0.5931737422943115 0.20836961269378662 0.011458333333333333 0.012962962962962963
2 0.49774256348609924 0.207838773727417 0.011458333333333333 0.012962962962962963
2 0.4017883837223053 0.20730502903461456 0.011458333333333333 0.012962962962962963
2 0.2710992097854614 0.24747835099697113 0.011458333333333333 0.012962962962962963
2 0.2585350573062897 0.2843470573425293 0.011458333333333333 0.012962962962962963
2 0.24545714259147644 0.3252619802951813 0.011458333333333333 0.012962962962962963
2 0.19223880767822266 0.4857962727546692 0.011458333333333333 0.012962962962962963
2 0.16845481097698212 0.5555776953697205 0.011458333333333333 0.012962962962962963
2 0.34182116389274597 0.6597644686698914 0.011458333333333333 0.012962962962962963
2 0.5088006854057312 0.6601638793945312 0.011458333333333333 0.012962962962962963
2 0.6764761805534363 0.660117506980896 0.011458333333333333 0.012962962962962963
