4 0.7637021541595459 0.5571708083152771 0.034375 0.06018518518518518
0 0.5615522861480713 0.5220991969108582 0.03229166666666667 0.05648148148148148
1 0.4910038113594055 0.3758346140384674 0.027083333333333334 0.04722222222222222
4 0.36935046315193176 0.30404043197631836 0.024479166666666666 0.04351851851851852
3 0.23023009300231934 0.6132880449295044 0.036458333333333336 0.062037037037037036
2 0.17127634584903717 0.5868220925331116 0.011458333333333333 0.012962962962962963
2 0.19849754869937897 0.5180341005325317 0.011458333333333333 0.012962962962962963
2 0.22094525396823883 0.45957663655281067 0.011458333333333333 0.012962962962962963
2 0.25753477215766907 0.3620474636554718 0.011458333333333333 0.012962962962962963
2 0.27292385697364807 0.32084256410598755 0.011458333333333333 0.012962962962962963
2 0.28678959608078003 0.2839730679988861 0.011458333333333333 0.012962962962962963
2 0.41964876651763916 0.2441329061985016 0.011458333333333333 0.012962962962962963
2 0.5147194266319275 0.24354787170886993 0.011458333333333333 0.012962962962962963
2 0.6102522015571594 0.24296002089977264 0.011458333333333333 0.012962962962962963
2 0.7396488189697266 0.282461017370224 0.011458333333333333 0.012962962962962963
2 0.7515515685081482 0.3186925947666168 0.011458333333333333 0.012962962962962963
2 0.7638712525367737 0.35880276560783386 0.011458333333333333 0.012962962962962963
2 0.8137824535369873 0.5151851773262024 0.011458333333333333 0.012962962962962963
2 0.8359617590904236 0.5826714038848877 0.011458333333333333 0.012962962962962963
2 0.6640647649765015 0.6833232045173645 0.011458333333333333 0.012962962962962963
2 0.5001094341278076 0.6840576529502869 0.011458333333333333 0.012962962962962963
2 0.33529141545295715 0.6843659281730652 0.011458333333333333 0.012962962962962963
