3 0.33237579464912415 0.4361051619052887 0.008333333333333333 0.010185185185185186
3 0.38133347034454346 0.44212964177131653 0.008333333333333333 0.014814814814814815
4 0.39394840598106384 0.4399065673351288 0.008333333333333333 0.014814814814814815
4 0.40863102674484253 0.43723592162132263 0.0067708333333333336 0.014814814814814815
4 0.40322601795196533 0.4390297532081604 0.008333333333333333 0.01574074074074074
3 0.42437049746513367 0.4368301033973694 0.0078125 0.01574074074074074
0 0.4342498779296875 0.44727233052253723 0.007291666666666667 0.01574074074074074
3 0.4288364052772522 0.4486130177974701 0.008854166666666666 0.01574074074074074
4 0.48239612579345703 0.5013222694396973 0.010416666666666666 0.016666666666666666
3 0.4995104670524597 0.5081875920295715 0.010416666666666666 0.017592592592592594
4 0.5262879133224487 0.48202255368232727 0.009895833333333333 0.017592592592592594
3 0.531096339225769 0.4616391062736511 0.008854166666666666 0.016666666666666666
1 0.5432745218276978 0.46032047271728516 0.009375 0.01574074074074074
4 0.6181929111480713 0.4846484065055847 0.009895833333333333 0.012037037037037037
2 0.3505755364894867 0.4266658127307892 0.007291666666666667 0.009259259259259259
2 0.37989088892936707 0.4199611246585846 0.007291666666666667 0.009259259259259259
2 0.4082182049751282 0.4141506254673004 0.007291666666666667 0.009259259259259259
2 0.46583321690559387 0.41520199179649353 0.007291666666666667 0.009259259259259259
2 0.48709675669670105 0.42296361923217773 0.007291666666666667 0.009259259259259259
2 0.5096707940101624 0.4307345151901245 0.007291666666666667 0.009259259259259259
2 0.5600710511207581 0.448125958442688 0.007291666666666667 0.009259259259259259
2 0.5878992080688477 0.45638760924339294 0.007291666666666667 0.009259259259259259
2 0.6173216104507446 0.4660254120826721 0.007291666666666667 0.009259259259259259
2 0.620826780796051 0.49146977066993713 0.007291666666666667 0.009259259259259259
2 0.5902106761932373 0.5017813444137573 0.007291666666666667 0.009259259259259259
2 0.5567869544029236 0.5125190019607544 0.007291666666666667 0.009259259259259259
2 0.47547009587287903 0.5103448629379272 0.007291666666666667 0.009259259259259259
2 0.4472239315509796 0.49710094928741455 0.007291666666666667 0.009259259259259259
2 0.42184722423553467 0.48478466272354126 0.007291666666666667 0.009259259259259259
2 0.3747861981391907 0.46381059288978577 0.007291666666666667 0.009259259259259259
2 0.3538627624511719 0.4542478621006012 0.007291666666666667 0.009259259259259259
2 0.33398550748825073 0.4451465606689453 0.007291666666666667 0.009259259259259259
