3 0.6533642411231995 0.42713531851768494 0.008333333333333333 0.010185185185185186
3 0.6055971384048462 0.43371668457984924 0.008333333333333333 0.014814814814814815
4 0.5932985544204712 0.43164926767349243 0.008333333333333333 0.014814814814814815
4 0.5789971947669983 0.4291623830795288 0.0067708333333333336 0.014814814814814815
4 0.5842623114585876 0.4308847188949585 0.008333333333333333 0.01574074074074074
3 0.5636877417564392 0.4289436638355255 0.0078125 0.01574074074074074
0 0.5541074275970459 0.4394483268260956 0.007291666666666667 0.01574074074074074
3 0.5593719482421875 0.44072073698043823 0.008854166666666666 0.01574074074074074
4 0.5074374675750732 0.4937725365161896 0.010416666666666666 0.016666666666666666
3 0.4908455014228821 0.5007767677307129 0.010416666666666666 0.017592592592592594
4 0.4649093747138977 0.47501176595687866 0.009895833333333333 0.017592592592592594
3 0.4602614641189575 0.45481371879577637 0.008854166666666666 0.016666666666666666
1 0.44849586486816406 0.4536384344100952 0.009375 0.01574074074074074
4 0.37625306844711304 0.47856462001800537 0.009895833333333333 0.012037037037037037
2 0.635546863079071 0.4179413318634033 0.007291666666666667 0.009259259259259259
2 0.6069318056106567 0.41162097454071045 0.007291666666666667 0.009259259259259259
2 0.5793389678001404 0.406190425157547 0.007291666666666667 0.009259259259259259
2 0.5234010815620422 0.4079497754573822 0.007291666666666667 0.009259259259259259
2 0.5028107762336731 0.4159142076969147 0.007291666666666667 0.009259259259259259
2 0.48097190260887146 0.42389607429504395 0.007291666666666667 0.009259259259259259
2 0.43229129910469055 0.4417296350002289 0.007291666666666667 0.009259259259259259
2 0.4054606258869171 0.4502304494380951 0.007291666666666667 0.009259259259259259
2 0.3771284818649292 0.46010076999664307 0.007291666666666667 0.009259259259259259
2 0.37370529770851135 0.4853545129299164 0.007291666666666667 0.009259259259259259
2 0.4031705856323242 0.4952837824821472 0.007291666666666667 0.009259259259259259
2 0.4354155361652374 0.5056329965591431 0.007291666666666667 0.009259259259259259
2 0.5141685605049133 0.5026957392692566 0.007291666666666667 0.009259259259259259
2 0.5415904521942139 0.4892178475856781 0.007291666666666667 0.009259259259259259
2 0.5662510395050049 0.47668004035949707 0.007291666666666667 0.009259259259259259
2 0.6120530366897583 0.45525869727134705 0.007291666666666667 0.009259259259259259
2 0.6324432492256165 0.44548478722572327 0.007291666666666667 0.009259259259259259
2 0.6518293023109436 0.43617552518844604 0.007291666666666667 0.009259259259259259
