3 0.2639161944389343 0.48641425371170044 0.03229166666666667 0.058333333333333334
4 0.2422054260969162 0.5098596811294556 0.03333333333333333 0.05925925925925926
0 0.24249522387981415 0.5747224688529968 0.0359375 0.06296296296296296
4 0.4237746000289917 0.28017184138298035 0.025 0.04351851851851852
4 0.5834015011787415 0.2918209731578827 0.025 0.04722222222222222
1 0.6957190036773682 0.5085309147834778 0.033854166666666664 0.062037037037037036
2 0.8326291441917419 0.5326488614082336 0.011458333333333333 0.012962962962962963
2 0.8063446879386902 0.4660806655883789 0.011458333333333333 0.012962962962962963
2 0.7834697961807251 0.4090583026409149 0.011458333333333333 0.012962962962962963
2 0.7472620606422424 0.31568118929862976 0.011458333333333333 0.012962962962962963
2 0.7321276068687439 0.27629637718200684 0.011458333333333333 0.012962962962962963
2 0.7187860012054443 0.24117623269557953 0.011458333333333333 0.012962962962962963
2 0.5878952145576477 0.2066800892353058 0.011458333333333333 0.012962962962962963
2 0.49440300464630127 0.20836913585662842 0.011458333333333333 0.012962962962962963
2 0.40027496218681335 0.2104925662279129 0.011458333333333333 0.012962962962962963
2 0.2720676362514496 0.2519952654838562 0.011458333333333333 0.012962962962962963
2 0.2602696716785431 0.287160187959671 0.011458333333333333 0.012962962962962963
2 0.24694493412971497 0.32621631026268005 0.011458333333333333 0.012962962962962963
2 0.213661327958107 0.4216481149196625 0.011458333333333333 0.012962962962962963
2 0.19341418147087097 0.4793870151042938 0.011458333333333333 0.012962962962962963
2 0.16980260610580444 0.546746015548706 0.011458333333333333 0.012962962962962963
2 0.3393195569515228 0.6417422294616699 0.011458333333333333 0.012962962962962963
2 0.5038226246833801 0.6380147933959961 0.011458333333333333 0.012962962962962963
2 0.6683844923973083 0.6334249377250671 0.011458333333333333 0.012962962962962963
