3 0.2521260678768158 0.48491257429122925 0.03229166666666667 0.058333333333333334
4 0.2303575575351715 0.5084059834480286 0.03333333333333333 0.05925925925925926
0 0.23077405989170074 0.5739859342575073 0.0359375 0.06296296296296296
4 0.41353747248649597 0.2763819396495819 0.025 0.04351851851851852
4 0.5763959884643555 0.28919827938079834 0.025 0.04722222222222222
1 0.6910776495933533 0.5122650265693665 0.033854166666666664 0.062037037037037036
2 0.8322080969810486 0.5386333465576172 0.011458333333333333 0.012962962962962963
2 0.805331826210022 0.4699462950229645 0.011458333333333333 0.012962962962962963
2 0.7819344401359558 0.4110969305038452 0.011458333333333333 0.012962962962962963
2 0.7449064254760742 0.3147210478782654 0.011458333333333333 0.012962962962962963
2 0.7294275760650635 0.2740646302700043 0.011458333333333333 0.012962962962962963
2 0.7157822847366333 0.2378072738647461 0.011458333333333333 0.012962962962962963
2 0.5811789035797119 0.2017817497253418 0.011458333333333333 0.012962962962962963
2 0.4855090379714966 0.20319154858589172 0.011458333333333333 0.012962962962962963
2 0.38966503739356995 0.2050364762544632 0.011458333333333333 0.012962962962962963
2 0.25994670391082764 0.24687807261943817 0.011458333333333333 0.012962962962962963
2 0.24811401963233948 0.28261497616767883 0.011458333333333333 0.012962962962962963
2 0.23476912081241608 0.32224541902542114 0.011458333333333333 0.012962962962962963
2 0.20152263343334198 0.4188096225261688 0.011458333333333333 0.012962962962962963
2 0.18136081099510193 0.477049320936203 0.011458333333333333 0.012962962962962963
2 0.15790919959545135 0.5448184609413147 0.011458333333333333 0.012962962962962963
2 0.32820746302604675 0.6430788040161133 0.011458333333333333 0.012962962962962963
2 0.4946567118167877 0.6417521834373474 0.011458333333333333 0.012962962962962963
2 0.6626187562942505 0.6395353078842163 0.011458333333333333 0.012962962962962963
