3 0.734877347946167 0.4886006712913513 0.03229166666666667 0.058333333333333334
4 0.7571141123771667 0.5124415755271912 0.03333333333333333 0.05925925925925926
0 0.7565662264823914 0.5794380903244019 0.0359375 0.06296296296296296
4 0.5714040994644165 0.27847129106521606 0.025 0.04351851851851852
4 0.40887561440467834 0.29440367221832275 0.025 0.04722222222222222
1 0.29625076055526733 0.5192855596542358 0.033854166666666664 0.062037037037037036
2 0.15944862365722656 0.546262800693512 0.011458333333333333 0.012962962962962963
2 0.18525271117687225 0.47799599170684814 0.011458333333333333 0.012962962962962963
2 0.20779217779636383 0.4193108081817627 0.011458333333333333 0.012962962962962963
2 0.24360011518001556 0.3228355944156647 0.011458333333333333 0.012962962962962963
2 0.25862056016921997 0.28199806809425354 0.011458333333333333 0.012962962962962963
2 0.2718869149684906 0.24551162123680115 0.011458333333333333 0.012962962962962963
2 0.40412503480911255 0.20650321245193481 0.011458333333333333 0.012962962962962963
2 0.4992627501487732 0.2057802826166153 0.011458333333333333 0.012962962962962963
2 0.5955245494842529 0.20548874139785767 0.011458333333333333 0.012962962962962963
2 0.7272835373878479 0.2453688681125641 0.011458333333333333 0.012962962962962963
2 0.7393328547477722 0.2817164957523346 0.011458333333333333 0.012962962962962963
2 0.7529351711273193 0.3220555782318115 0.011458333333333333 0.012962962962962963
2 0.7868829369544983 0.42049670219421387 0.011458333333333333 0.012962962962962963
2 0.8075099587440491 0.47998014092445374 0.011458333333333333 0.012962962962962963
2 0.8315399289131165 0.5493044853210449 0.011458333333333333 0.012962962962962963
2 0.6572068333625793 0.649909496307373 0.011458333333333333 0.012962962962962963
2 0.49000227451324463 0.6484811902046204 0.011458333333333333 0.012962962962962963
2 0.32417169213294983 0.6461883187294006 0.011458333333333333 0.012962962962962963
