4 0.6946839094161987 0.3164302110671997 0.0140625 0.025
1 0.6277468800544739 0.37470802664756775 0.0140625 0.024074074074074074
3 0.3898051977157593 0.6517104506492615 0.0140625 0.025
4 0.36811384558677673 0.663276195526123 0.0140625 0.024074074074074074
0 0.3161211311817169 0.6503705382347107 0.0140625 0.025
2 0.3336818516254425 0.25479617714881897 0.007291666666666667 0.012962962962962963
2 0.390546590089798 0.2533377707004547 0.007291666666666667 0.012962962962962963
2 0.4479728043079376 0.25272315740585327 0.007291666666666667 0.012962962962962963
2 0.563583493232727 0.2506336271762848 0.007291666666666667 0.012962962962962963
2 0.6210087537765503 0.250018447637558 0.007291666666666667 0.012962962962962963
2 0.6785119771957397 0.25025585293769836 0.007291666666666667 0.012962962962962963
2 0.7490357756614685 0.37230384349823 0.007291666666666667 0.012962962962962963
2 0.7490020990371704 0.47201022505760193 0.007291666666666667 0.012962962962962963
2 0.748711347579956 0.573453962802887 0.007291666666666667 0.012962962962962963
2 0.6768606305122375 0.7005305886268616 0.007291666666666667 0.012962962962962963
2 0.6179724931716919 0.7017140984535217 0.007291666666666667 0.012962962962962963
2 0.5591717958450317 0.7024529576301575 0.007291666666666667 0.012962962962962963
2 0.4408099353313446 0.703932523727417 0.007291666666666667 0.012962962962962963
2 0.382027268409729 0.7037854790687561 0.007291666666666667 0.012962962962962963
2 0.3235958516597748 0.7031958103179932 0.007291666666666667 0.012962962962962963
2 0.2563894987106323 0.576720654964447 0.007291666666666667 0.012962962962962963
2 0.2587897777557373 0.475887268781662 0.007291666666666667 0.012962962962962963
2 0.26189589500427246 0.3767664134502411 0.007291666666666667 0.012962962962962963
