3 0.3613402545452118 0.44283828139305115 0.0078125 0.013888888888888888
1 0.379212886095047 0.4703931212425232 0.009375 0.01574074074074074
3 0.40113455057144165 0.4427468478679657 0.008333333333333333 0.014814814814814815
3 0.44115716218948364 0.4381668269634247 0.0078125 0.013888888888888888
0 0.5011037588119507 0.5078557729721069 0.009895833333333333 0.012962962962962963
3 0.5011644959449768 0.5186325311660767 0.009895833333333333 0.018518518518518517
3 0.5354859232902527 0.5059177279472351 0.010416666666666666 0.018518518518518517
2 0.5979965925216675 0.48627206683158875 0.007291666666666667 0.009259259259259259
2 0.5702208280563354 0.47569671273231506 0.007291666666666667 0.009259259259259259
2 0.5445016026496887 0.46603718400001526 0.007291666666666667 0.009259259259259259
2 0.49768421053886414 0.4476560056209564 0.007291666666666667 0.009259259259259259
2 0.4763399362564087 0.44072848558425903 0.007291666666666667 0.009259259259259259
2 0.4562731981277466 0.43291401863098145 0.007291666666666667 0.009259259259259259
2 0.4005392789840698 0.42837074398994446 0.007291666666666667 0.009259259259259259
2 0.37283554673194885 0.4326123595237732 0.007291666666666667 0.009259259259259259
2 0.34358468651771545 0.4359420835971832 0.007291666666666667 0.009259259259259259
2 0.3264680802822113 0.451058030128479 0.007291666666666667 0.009259259259259259
2 0.3437260389328003 0.46064409613609314 0.007291666666666667 0.009259259259259259
2 0.362528920173645 0.4711417853832245 0.007291666666666667 0.009259259259259259
2 0.40501004457473755 0.4921793043613434 0.007291666666666667 0.009259259259259259
2 0.42895469069480896 0.5045175552368164 0.007291666666666667 0.009259259259259259
2 0.45547008514404297 0.5177760720252991 0.007291666666666667 0.009259259259259259
2 0.5358510613441467 0.5252276062965393 0.007291666666666667 0.009259259259259259
2 0.5691663026809692 0.5165449380874634 0.007291666666666667 0.009259259259259259
2 0.6001700758934021 0.5078421831130981 0.007291666666666667 0.009259259259259259
