3 0.5795886516571045 0.48396679759025574 0.009375 0.018518518518518517
3 0.5500468611717224 0.47591090202331543 0.009895833333333333 0.017592592592592594
0 0.5176248550415039 0.4601134657859802 0.008854166666666666 0.016666666666666666
1 0.3743040859699249 0.4370020627975464 0.008854166666666666 0.01574074074074074
4 0.35604608058929443 0.44210201501846313 0.0078125 0.009259259259259259
4 0.35056886076927185 0.43892645835876465 0.005729166666666666 0.009259259259259259
3 0.36100244522094727 0.44162455201148987 0.0067708333333333336 0.012962962962962963
2 0.484113484621048 0.5076858997344971 0.007291666666666667 0.009259259259259259
2 0.4557829797267914 0.4955157935619354 0.007291666666666667 0.009259259259259259
2 0.4297705888748169 0.48286738991737366 0.007291666666666667 0.009259259259259259
2 0.38211342692375183 0.46208786964416504 0.007291666666666667 0.009259259259259259
2 0.36099720001220703 0.45258864760398865 0.007291666666666667 0.009259259259259259
2 0.3414328694343567 0.44399070739746094 0.007291666666666667 0.009259259259259259
2 0.35788074135780334 0.4242776930332184 0.007291666666666667 0.009259259259259259
2 0.41652190685272217 0.4112715721130371 0.007291666666666667 0.009259259259259259
2 0.4747869670391083 0.41151365637779236 0.007291666666666667 0.009259259259259259
2 0.4960869252681732 0.41963979601860046 0.007291666666666667 0.009259259259259259
2 0.5186706185340881 0.42684417963027954 0.007291666666666667 0.009259259259259259
2 0.5692318677902222 0.44349169731140137 0.007291666666666667 0.009259259259259259
2 0.5961654186248779 0.45248112082481384 0.007291666666666667 0.009259259259259259
2 0.6256629228591919 0.4619062840938568 0.007291666666666667 0.009259259259259259
2 0.6290236711502075 0.48691174387931824 0.007291666666666667 0.009259259259259259
2 0.5984904766082764 0.4984405040740967 0.007291666666666667 0.009259259259259259
2 0.5648165345191956 0.5090864896774292 0.007291666666666667 0.009259259259259259
