2 0.4568682610988617 0.40926095843315125 0.004508928571428572 0.0034619047619047615
2 0.5060541033744812 0.38014841079711914 0.00405952380952381 0.0034619047619047615
2 0.5504813194274902 0.35395747423171997 0.0038779761904761904 0.0030285714285714286
2 0.6908483505249023 0.34146395325660706 0.0037886904761904763 0.0025952380952380953
2 0.7658795118331909 0.35588568449020386 0.003967261904761905 0.003319047619047619
2 0.8458353877067566 0.37155428528785706 0.004148809523809523 0.003176190476190476
2 0.9233254790306091 0.4329022467136383 0.004961309523809524 0.0036095238095238094
2 0.8941391706466675 0.4689198136329651 0.004961309523809524 0.0038952380952380953
2 0.8612033128738403 0.5097256898880005 0.005050595238095238 0.0038952380952380953
2 0.7808647751808167 0.609124481678009 0.005681547619047619 0.004904761904761905
2 0.7301340699195862 0.6715632677078247 0.0060416666666666665 0.005195238095238096
2 0.6702936887741089 0.7456238269805908 0.006583333333333333 0.006061904761904762
2 0.4045000374317169 0.787986695766449 0.006583333333333333 0.006780952380952381
2 0.28783366084098816 0.7371282577514648 0.006133928571428571 0.005914285714285714
2 0.18385183811187744 0.6913695931434631 0.006494047619047619 0.005914285714285714
2 0.1885923147201538 0.5676472187042236 0.0058630952380952376 0.0044714285714285715
2 0.26956701278686523 0.5198186039924622 0.005139880952380952 0.0036095238095238094
2 0.3398272693157196 0.4784191846847534 0.004869047619047619 0.0030285714285714286
0 0.48504725098609924 0.46595504879951477 0.01812797619047619 0.02958095238095238
1 0.5876486301422119 0.5816580653190613 0.021735119047619048 0.03578571428571429
3 0.6088096499443054 0.5773029327392578 0.02182440476190476 0.03564285714285714
3 0.579719066619873 0.5054382085800171 0.018532738095238095 0.03203333333333333
3 0.5029808878898621 0.48374316096305847 0.018669642857142857 0.030738095238095238
3 0.4381035268306732 0.5839827060699463 0.020967261904761905 0.0355
3 0.5863518714904785 0.4045638144016266 0.016098214285714285 0.026623809523809522
3 0.5944130420684814 0.39333683252334595 0.015964285714285716 0.025976190476190476
3 0.7379564642906189 0.4010979235172272 0.016098214285714285 0.025976190476190476
4 0.643511176109314 0.5896577835083008 0.021916666666666668 0.036147619047619046
4 0.6233922839164734 0.3957046568393707 0.01569345238095238 0.025976190476190476
4 0.7075207233428955 0.368913859128952 0.015422619047619048 0.024457142857142858
4 0.81441330909729 0.4332177937030792 0.016910714285714286 0.02749047619047619
