2 0.5555834174156189 0.41129547357559204 0.004508928571428572 0.0034619047619047615
2 0.5061383843421936 0.38179677724838257 0.00405952380952381 0.0034619047619047615
2 0.4613758325576782 0.35519617795944214 0.0038779761904761904 0.0030285714285714286
2 0.3192559778690338 0.3410019874572754 0.0037886904761904763 0.0025952380952380953
2 0.24268513917922974 0.3545379936695099 0.003967261904761905 0.003319047619047619
2 0.1605893224477768 0.3693530559539795 0.004148809523809523 0.003176190476190476
2 0.08028215914964676 0.4305097162723541 0.004961309523809524 0.0036095238095238094
2 0.11032120138406754 0.4672475755214691 0.004961309523809524 0.0038952380952380953
2 0.1441926658153534 0.5088366270065308 0.005050595238095238 0.0038952380952380953
2 0.22669877111911774 0.6100025773048401 0.005681547619047619 0.004904761904761905
2 0.27871477603912354 0.6734495162963867 0.0060416666666666665 0.005195238095238096
2 0.3399869501590729 0.7486029267311096 0.006583333333333333 0.006061904761904762
2 0.6097107529640198 0.7907339334487915 0.006583333333333333 0.006780952380952381
2 0.7261632084846497 0.739345371723175 0.006133928571428571 0.005914285714285714
2 0.828960120677948 0.6935528516769409 0.006494047619047619 0.005914285714285714
2 0.8232113718986511 0.5705633163452148 0.0058630952380952376 0.0044714285714285715
2 0.7427969574928284 0.5226858258247375 0.005139880952380952 0.0036095238095238094
2 0.6727686524391174 0.48109176754951477 0.004869047619047619 0.0030285714285714286
0 0.5274982452392578 0.46755585074424744 0.01812797619047619 0.02958095238095238
1 0.4241463541984558 0.5829193592071533 0.021735119047619048 0.03578571428571429
3 0.4026585817337036 0.5784505605697632 0.02182440476190476 0.03564285714285714
3 0.43208757042884827 0.506377637386322 0.018532738095238095 0.03203333333333333
3 0.5095131397247314 0.4851888120174408 0.018669642857142857 0.030738095238095238
3 0.5750692486763 0.58583003282547 0.020967261904761905 0.0355
3 0.42524954676628113 0.4053058922290802 0.016098214285714285 0.026623809523809522
3 0.41708528995513916 0.3940001130104065 0.015964285714285716 0.025976190476190476
3 0.27114734053611755 0.40026775002479553 0.016098214285714285 0.025976190476190476
4 0.367360919713974 0.5907675623893738 0.021916666666666668 0.036147619047619046
4 0.3877461850643158 0.39606159925460815 0.01569345238095238 0.025976190476190476
4 0.30225321650505066 0.36829906702041626 0.015422619047619048 0.024457142857142858
4 0.19269686937332153 0.4318508803844452 0.016910714285714286 0.02749047619047619
