2 0.45040616393089294 0.40593472123146057 0.004508928571428572 0.0034619047619047615
2 0.4991455376148224 0.37657490372657776 0.00405952380952381 0.0034619047619047615
2 0.5432094931602478 0.35013729333877563 0.0038779761904761904 0.0030285714285714286
2 0.6835509538650513 0.3368050158023834 0.0037886904761904763 0.0025952380952380953
2 0.759080708026886 0.3508225679397583 0.003967261904761905 0.003319047619047619
2 0.8397861123085022 0.3661016821861267 0.004148809523809523 0.003176190476190476
2 0.918901801109314 0.4274270236492157 0.004961309523809524 0.0036095238095238094
2 0.8899329900741577 0.4638386070728302 0.004961309523809524 0.0038952380952380953
2 0.8572511672973633 0.5050823092460632 0.005050595238095238 0.0038952380952380953
2 0.7775589823722839 0.6055123209953308 0.005681547619047619 0.004904761904761905
2 0.727252721786499 0.6685733795166016 0.0060416666666666665 0.005195238095238096
2 0.6679390072822571 0.7433455586433411 0.006583333333333333 0.006061904761904762
2 0.40194663405418396 0.7859069108963013 0.006583333333333333 0.006780952380952381
2 0.28520455956459045 0.7347447276115417 0.006133928571428571 0.005914285714285714
2 0.18159767985343933 0.6889100074768066 0.006494047619047619 0.005914285714285714
2 0.18535424768924713 0.5651929974555969 0.0058630952380952376 0.0044714285714285715
2 0.2652146816253662 0.5171858072280884 0.005139880952380952 0.0036095238095238094
2 0.33460766077041626 0.47557225823402405 0.004869047619047619 0.0030285714285714286
0 0.47909364104270935 0.46252840757369995 0.01812797619047619 0.02958095238095238
1 0.5829759836196899 0.5782675743103027 0.021735119047619048 0.03578571428571429
3 0.6041391491889954 0.5738400220870972 0.02182440476190476 0.03564285714285714
3 0.5741567611694336 0.5017461776733398 0.018532738095238095 0.03203333333333333
3 0.4971849024295807 0.4802733063697815 0.018669642857142857 0.030738095238095238
3 0.4334665834903717 0.5809449553489685 0.020967261904761905 0.0355
3 0.5796377062797546 0.40059053897857666 0.016098214285714285 0.026623809523809522
3 0.5875730514526367 0.3893052935600281 0.015964285714285716 0.025976190476190476
3 0.7316069602966309 0.39634859561920166 0.016098214285714285 0.025976190476190476
4 0.6391057968139648 0.5861855149269104 0.021916666666666668 0.036147619047619046
4 0.6166083812713623 0.3915272355079651 0.01569345238095238 0.025976190476190476
4 0.7006250023841858 0.3642220199108124 0.015422619047619048 0.024457142857142858
4 0.808977484703064 0.42824846506118774 0.016910714285714286 0.02749047619047619
