2 0.45240136981010437 0.3999165892601013 0.004508928571428572 0.0034619047619047615
2 0.5016837120056152 0.3709415793418884 0.00405952380952381 0.0034619047619047615
2 0.546207070350647 0.3448677659034729 0.0038779761904761904 0.0030285714285714286
2 0.6869828104972839 0.33157795667648315 0.0037886904761904763 0.0025952380952380953
2 0.7625636458396912 0.3452851474285126 0.003967261904761905 0.003319047619047619
2 0.8434179425239563 0.360245943069458 0.004148809523809523 0.003176190476190476
2 0.9224339127540588 0.4206981062889099 0.004961309523809524 0.0036095238095238094
2 0.8930041193962097 0.45673227310180664 0.004961309523809524 0.0038952380952380953
2 0.8597605228424072 0.49759823083877563 0.005050595238095238 0.0038952380952380953
2 0.7785184383392334 0.5973304510116577 0.005681547619047619 0.004904761904761905
2 0.7271052598953247 0.6601147055625916 0.0060416666666666665 0.005195238095238096
2 0.6663498878479004 0.7347205281257629 0.006583333333333333 0.006061904761904762
2 0.3972705900669098 0.777123749256134 0.006583333333333333 0.006780952380952381
2 0.2806026041507721 0.7259750366210938 0.006133928571428571 0.005914285714285714
2 0.17735661566257477 0.6802799105644226 0.006494047619047619 0.005914285714285714
2 0.1837930530309677 0.5574460625648499 0.0058630952380952376 0.0044714285714285715
2 0.2648340165615082 0.5098963379859924 0.005139880952380952 0.0036095238095238094
2 0.3351747691631317 0.46872371435165405 0.004869047619047619 0.0030285714285714286
0 0.4802456796169281 0.45573681592941284 0.01812797619047619 0.02958095238095238
1 0.5828763246536255 0.570298969745636 0.021735119047619048 0.03578571428571429
3 0.604229211807251 0.5658984184265137 0.02182440476190476 0.03564285714285714
3 0.5750795006752014 0.4944540560245514 0.018532738095238095 0.03203333333333333
3 0.4981174170970917 0.47326070070266724 0.018669642857142857 0.030738095238095238
3 0.4325113594532013 0.5729932188987732 0.020967261904761905 0.0355
3 0.5819917321205139 0.3945222795009613 0.016098214285714285 0.026623809523809522
3 0.5901031494140625 0.38338953256607056 0.015964285714285716 0.025976190476190476
3 0.7345054745674133 0.3901875913143158 0.016098214285714285 0.025976190476190476
4 0.6392573714256287 0.5781475901603699 0.021916666666666668 0.036147619047619046
4 0.6191851496696472 0.3855498135089874 0.01569345238095238 0.025976190476190476
4 0.7037805318832397 0.3585512936115265 0.015422619047619048 0.024457142857142858
4 0.8118937015533447 0.421606183052063 0.016910714285714286 0.02749047619047619
