2 0.4198741018772125 0.8068727254867554 0.0035 0.006304761904761905
2 0.3361150920391083 0.8076846599578857 0.00394047619047619 0.006023809523809524
2 0.2520941495895386 0.8086995482444763 0.0035892857142857146 0.0064428571428571425
2 0.14235548675060272 0.6439834833145142 0.00394047619047619 0.006304761904761905
2 0.14135946333408356 0.5132543444633484 0.003851190476190476 0.006723809523809523
2 0.14053790271282196 0.38214680552482605 0.004113095238095239 0.006723809523809523
2 0.2485971748828888 0.21399682760238647 0.003851190476190476 0.0064428571428571425
2 0.41760724782943726 0.21347148716449738 0.0037648809523809523 0.006580952380952381
2 0.5846097469329834 0.2139561027288437 0.004202380952380952 0.006861904761904762
2 0.667721688747406 0.21452714502811432 0.0040267857142857145 0.006304761904761905
2 0.7502793669700623 0.2149643748998642 0.0035 0.006304761904761905
2 0.8552674055099487 0.380421906709671 0.0035892857142857146 0.006723809523809523
2 0.8552261590957642 0.5088661909103394 0.003675595238095238 0.006861904761904762
2 0.8548915982246399 0.6368290185928345 0.003675595238095238 0.006861904761904762
2 0.7501475214958191 0.8017603754997253 0.0034136904761904764 0.006161904761904762
2 0.6679707765579224 0.8032795190811157 0.0035892857142857146 0.006580952380952381
2 0.5853716731071472 0.8047428131103516 0.003851190476190476 0.006580952380952381
4 0.28667789697647095 0.674089252948761 0.01488095238095238 0.025061904761904764
4 0.19197222590446472 0.44713348150253296 0.015351190476190475 0.025061904761904764
4 0.29634472727775574 0.38370051980018616 0.01488095238095238 0.024061904761904764
4 0.5991507768630981 0.6572781801223755 0.015351190476190475 0.02430952380952381
3 0.5972666144371033 0.6130987405776978 0.01488095238095238 0.024061904761904764
3 0.6669560074806213 0.4603772461414337 0.015351190476190475 0.02430952380952381
3 0.5126973986625671 0.3889814019203186 0.014410714285714285 0.02330952380952381
3 0.5134919881820679 0.5023249387741089 0.014410714285714285 0.02456190476190476
3 0.251757949590683 0.5381796956062317 0.014098214285714285 0.023809523809523808
3 0.30476894974708557 0.3427087664604187 0.014568452380952382 0.02430952380952381
3 0.33275899291038513 0.35238882899284363 0.015508928571428571 0.025061904761904764
0 0.49195265769958496 0.3397950530052185 0.015038690476190476 0.02430952380952381
1 0.6107508540153503 0.5982099771499634 0.015351190476190475 0.02606666666666667
