2 0.5920780301094055 0.8069723844528198 0.0035 0.006304761904761905
2 0.6730486750602722 0.8058785796165466 0.00394047619047619 0.006023809523809524
2 0.7532846927642822 0.8049929141998291 0.0035892857142857146 0.0064428571428571425
2 0.8584597706794739 0.6404879093170166 0.00394047619047619 0.006304761904761905
2 0.8608472347259521 0.5113122463226318 0.003851190476190476 0.006723809523809523
2 0.8630838394165039 0.38128745555877686 0.004113095238095239 0.006723809523809523
2 0.7624056935310364 0.2115935981273651 0.003851190476190476 0.0064428571428571425
2 0.5987141132354736 0.2075350135564804 0.0037648809523809523 0.006580952380952381
2 0.43290263414382935 0.2044595628976822 0.004202380952380952 0.006861904761904762
2 0.34883299469947815 0.2032427191734314 0.0040267857142857145 0.006304761904761905
2 0.2642802596092224 0.20188309252262115 0.0035 0.006304761904761905
2 0.15505951642990112 0.3733387589454651 0.0035892857142857146 0.006723809523809523
2 0.15497763454914093 0.5076496005058289 0.003675595238095238 0.006861904761904762
2 0.15520164370536804 0.6409298181533813 0.003675595238095238 0.006861904761904762
2 0.2628842890262604 0.8094586133956909 0.0034136904761904764 0.006161904761904762
2 0.3463088870048523 0.8090805411338806 0.0035892857142857146 0.006580952380952381
2 0.42913657426834106 0.8086407780647278 0.003851190476190476 0.006580952380952381
4 0.7216103672981262 0.672006368637085 0.01488095238095238 0.025061904761904764
4 0.8138924241065979 0.4456181824207306 0.015351190476190475 0.025061904761904764
4 0.7150116562843323 0.38156452775001526 0.01488095238095238 0.024061904761904764
4 0.41610318422317505 0.6589953899383545 0.015351190476190475 0.02430952380952381
3 0.41820457577705383 0.6139209866523743 0.01488095238095238 0.024061904761904764
3 0.34865549206733704 0.4575345516204834 0.015351190476190475 0.02430952380952381
3 0.5037253499031067 0.3851484954357147 0.014410714285714285 0.02330952380952381
3 0.5022424459457397 0.5006595253944397 0.014410714285714285 0.02456190476190476
3 0.7562195062637329 0.536310076713562 0.014098214285714285 0.023809523809523808
3 0.7072816491127014 0.3402533233165741 0.014568452380952382 0.02430952380952381
3 0.6801945567131042 0.349701464176178 0.015508928571428571 0.025061904761904764
0 0.5245898365974426 0.3351447880268097 0.015038690476190476 0.02430952380952381
1 0.40475979447364807 0.5988296270370483 0.015351190476190475 0.02606666666666667
