2 0.4223497807979584 0.8118650317192078 0.0035 0.006304761904761905
2 0.339508593082428 0.8120697140693665 0.00394047619047619 0.006023809523809524
2 0.256593257188797 0.8124727606773376 0.0035892857142857146 0.0064428571428571425
2 0.14766493439674377 0.6483907103538513 0.00394047619047619 0.006304761904761905
2 0.14595557749271393 0.5178332328796387 0.003851190476190476 0.006723809523809523
2 0.1444063037633896 0.38604816794395447 0.004113095238095239 0.006723809523809523
2 0.25139763951301575 0.215703547000885 0.003851190476190476 0.0064428571428571425
2 0.4208425283432007 0.21506565809249878 0.0037648809523809523 0.006580952380952381
2 0.5890176892280579 0.21545925736427307 0.004202380952380952 0.006861904761904762
2 0.6729864478111267 0.21599358320236206 0.0040267857142857145 0.006304761904761905
2 0.75657719373703 0.21639221906661987 0.0035 0.006304761904761905
2 0.8610998392105103 0.3854708671569824 0.0035892857142857146 0.006723809523809523
2 0.8594800233840942 0.5158080458641052 0.003675595238095238 0.006861904761904762
2 0.8575814366340637 0.6448236107826233 0.003675595238095238 0.006861904761904762
2 0.7508209347724915 0.8091516494750977 0.0034136904761904764 0.006161904761904762
2 0.668818473815918 0.8100747466087341 0.0035892857142857146 0.006580952380952381
2 0.5865780115127563 0.8109374046325684 0.003851190476190476 0.006580952380952381
4 0.2904340624809265 0.6791206002235413 0.01488095238095238 0.025061904761904764
4 0.19581513106822968 0.45160460472106934 0.015351190476190475 0.025061904761904764
4 0.29949361085891724 0.3878731429576874 0.01488095238095238 0.024061904761904764
4 0.6011256575584412 0.6640128493309021 0.015351190476190475 0.02430952380952381
3 0.5994960069656372 0.6197466254234314 0.01488095238095238 0.024061904761904764
3 0.6703567504882812 0.4661942422389984 0.015351190476190475 0.02430952380952381
3 0.5158703327178955 0.3935837745666504 0.014410714285714285 0.02330952380952381
3 0.5162543058395386 0.5080791711807251 0.014410714285714285 0.02456190476190476
3 0.25549376010894775 0.5431961417198181 0.014098214285714285 0.023809523809523808
3 0.3078323304653168 0.3464219570159912 0.014568452380952382 0.02430952380952381
3 0.33580195903778076 0.356256365776062 0.015508928571428571 0.025061904761904764
0 0.49522411823272705 0.3436738848686218 0.015038690476190476 0.02430952380952381
1 0.6130660176277161 0.6048707365989685 0.015351190476190475 0.02606666666666667
