4 0.5744081139564514 0.43930676579475403 0.008333333333333333 0.014814814814814815
3 0.5832993388175964 0.43725287914276123 0.008333333333333333 0.013888888888888888
4 0.599025547504425 0.4500964879989624 0.008854166666666666 0.012962962962962963
3 0.5950513482093811 0.4607371985912323 0.009375 0.016666666666666666
1 0.574518084526062 0.46388739347457886 0.008854166666666666 0.01574074074074074
3 0.40104883909225464 0.49421223998069763 0.009375 0.017592592592592594
0 0.42378348112106323 0.49334314465522766 0.009375 0.018518518518518517
3 0.4433605968952179 0.5039855241775513 0.010416666666666666 0.018518518518518517
2 0.5190766453742981 0.5228864550590515 0.007291666666666667 0.009259259259259259
2 0.5464942455291748 0.511443555355072 0.007291666666666667 0.009259259259259259
2 0.5721693634986877 0.4999542832374573 0.007291666666666667 0.009259259259259259
2 0.6182273030281067 0.47995689511299133 0.007291666666666667 0.009259259259259259
2 0.6388617157936096 0.47101253271102905 0.007291666666666667 0.009259259259259259
2 0.6579851508140564 0.4624772369861603 0.007291666666666667 0.009259259259259259
2 0.6424102783203125 0.4433881342411041 0.007291666666666667 0.009259259259259259
2 0.6136912107467651 0.43608811497688293 0.007291666666666667 0.009259259259259259
2 0.5857019424438477 0.42969492077827454 0.007291666666666667 0.009259259259259259
2 0.5295051336288452 0.42943474650382996 0.007291666666666667 0.009259259259259259
2 0.5081552863121033 0.43570807576179504 0.007291666666666667 0.009259259259259259
2 0.4862985908985138 0.442861944437027 0.007291666666666667 0.009259259259259259
2 0.4370405077934265 0.4588293433189392 0.007291666666666667 0.009259259259259259
2 0.4101600646972656 0.4667588472366333 0.007291666666666667 0.009259259259259259
2 0.38126736879348755 0.475533664226532 0.007291666666666667 0.009259259259259259
2 0.37776070833206177 0.5008575916290283 0.007291666666666667 0.009259259259259259
2 0.40769341588020325 0.5117062330245972 0.007291666666666667 0.009259259259259259
2 0.43961048126220703 0.5234764814376831 0.007291666666666667 0.009259259259259259
