4 0.5732241272926331 0.4333546459674835 0.008333333333333333 0.014814814814814815
3 0.5822335481643677 0.4311666190624237 0.008333333333333333 0.013888888888888888
4 0.5985149145126343 0.4437270164489746 0.008854166666666666 0.012962962962962963
3 0.5946865081787109 0.45441126823425293 0.009375 0.016666666666666666
1 0.5738264918327332 0.4578763246536255 0.008854166666666666 0.01574074074074074
3 0.39790108799934387 0.49081340432167053 0.009375 0.017592592592592594
0 0.42097827792167664 0.48960259556770325 0.009375 0.018518518518518517
3 0.4410300552845001 0.49994519352912903 0.010416666666666666 0.018518518518518517
2 0.5184360146522522 0.517744243144989 0.007291666666666667 0.009259259259259259
2 0.5461850762367249 0.5058704018592834 0.007291666666666667 0.009259259259259259
2 0.5721515417098999 0.49397796392440796 0.007291666666666667 0.009259259259259259
2 0.6187331080436707 0.4732634127140045 0.007291666666666667 0.009259259259259259
2 0.6395979523658752 0.46399974822998047 0.007291666666666667 0.009259259259259259
2 0.658926784992218 0.455169677734375 0.007291666666666667 0.009259259259259259
2 0.6425957083702087 0.43634912371635437 0.007291666666666667 0.009259259259259259
2 0.6131607294082642 0.42952296137809753 0.007291666666666667 0.009259259259259259
2 0.5845257043838501 0.42359745502471924 0.007291666666666667 0.009259259259259259
2 0.5273671746253967 0.4242347478866577 0.007291666666666667 0.009259259259259259
2 0.5057851672172546 0.4308193325996399 0.007291666666666667 0.009259259259259259
2 0.4837048649787903 0.43828827142715454 0.007291666666666667 0.009259259259259259
2 0.43394356966018677 0.45496514439582825 0.007291666666666667 0.009259259259259259
2 0.4067799150943756 0.4632836878299713 0.007291666666666667 0.009259259259259259
2 0.37758928537368774 0.4724748730659485 0.007291666666666667 0.009259259259259259
2 0.37434589862823486 0.49780064821243286 0.007291666666666667 0.009259259259259259
2 0.4048842787742615 0.5081978440284729 0.007291666666666667 0.009259259259259259
2 0.4375048875808716 0.5195056796073914 0.007291666666666667 0.009259259259259259
