1 0.5020972490310669 0.4186672568321228 0.018229166666666668 0.030555555555555555
4 0.371502548456192 0.3715956509113312 0.017708333333333333 0.02962962962962963
3 0.24934928119182587 0.38788148760795593 0.018229166666666668 0.028703703703703703
4 0.32079556584358215 0.4349096715450287 0.019270833333333334 0.03148148148148148
4 0.3873034715652466 0.4473022520542145 0.0203125 0.03148148148148148
3 0.3499603271484375 0.5613564848899841 0.021875 0.03518518518518519
3 0.37511909008026123 0.722974956035614 0.025 0.03888888888888889
4 0.5677844882011414 0.48943132162094116 0.019791666666666666 0.03333333333333333
0 0.586618185043335 0.4521109163761139 0.018229166666666668 0.02962962962962963
3 0.6833670735359192 0.4933520257472992 0.019270833333333334 0.03148148148148148
4 0.7811757326126099 0.5882645845413208 0.022916666666666665 0.03425925925925926
2 0.6217283606529236 0.6749237179756165 0.005208333333333333 0.008333333333333333
2 0.7631536722183228 0.5228493809700012 0.005208333333333333 0.008333333333333333
2 0.7023665904998779 0.46608540415763855 0.005208333333333333 0.008333333333333333
2 0.268532931804657 0.5750987529754639 0.00625 0.010185185185185186
2 0.23499628901481628 0.5128960609436035 0.00625 0.010185185185185186
2 0.15889276564121246 0.36193951964378357 0.00625 0.010185185185185186
2 0.13765525817871094 0.3221408724784851 0.00625 0.010185185185185186
2 0.21282215416431427 0.2613801956176758 0.00625 0.010185185185185186
2 0.28776949644088745 0.24962376058101654 0.0036458333333333334 0.005555555555555556
2 0.36066925525665283 0.23691251873970032 0.0036458333333333334 0.005555555555555556
2 0.48431938886642456 0.2603837847709656 0.0036458333333333334 0.005555555555555556
2 0.5200918316841125 0.2928065359592438 0.0020833333333333333 0.002777777777777778
2 0.558904767036438 0.3297014534473419 0.0020833333333333333 0.002777777777777778
2 0.6494069695472717 0.4152247905731201 0.005208333333333333 0.008333333333333333
2 0.180929496884346 0.4078519642353058 0.00625 0.010185185185185186
2 0.7277964353561401 0.6408676505088806 0.005208333333333333 0.008333333333333333
2 0.3056391477584839 0.6512543559074402 0.005208333333333333 0.008333333333333333
2 0.5091614127159119 0.7103915214538574 0.005208333333333333 0.008333333333333333
