4 0.23241901397705078 0.26685020327568054 0.015625 0.025925925925925925
1 0.4159991443157196 0.3655247092247009 0.018229166666666668 0.02962962962962963
3 0.33043065667152405 0.3778212368488312 0.0171875 0.026851851851851852
4 0.4119667112827301 0.30327531695365906 0.0171875 0.026851851851851852
4 0.4777398407459259 0.3452952802181244 0.0171875 0.027777777777777776
4 0.28668129444122314 0.5011646747589111 0.021354166666666667 0.03425925925925926
0 0.491346150636673 0.5224799513816833 0.019791666666666666 0.032407407407407406
3 0.4444788098335266 0.5942248702049255 0.021875 0.03611111111111111
4 0.47749099135398865 0.6117550134658813 0.022916666666666665 0.037037037037037035
4 0.5527661442756653 0.5440638065338135 0.022395833333333334 0.03611111111111111
2 0.7199713587760925 0.6336427927017212 0.0078125 0.012962962962962963
2 0.6131758093833923 0.6672605276107788 0.0078125 0.012962962962962963
2 0.5002225637435913 0.7034540772438049 0.0078125 0.012962962962962963
2 0.2961391508579254 0.6433289647102356 0.008854166666666666 0.014814814814814815
2 0.2572026550769806 0.5704933404922485 0.008854166666666666 0.014814814814814815
2 0.22434590756893158 0.5049104690551758 0.008854166666666666 0.014814814814814815
2 0.7552284002304077 0.5119974613189697 0.007291666666666667 0.012037037037037037
2 0.6927687525749207 0.45397910475730896 0.007291666666666667 0.012037037037037037
2 0.6380317807197571 0.4030095040798187 0.007291666666666667 0.012037037037037037
2 0.5460326075553894 0.3169597089290619 0.00625 0.010185185185185186
2 0.5061136484146118 0.2795313000679016 0.00625 0.010185185185185186
2 0.47012946009635925 0.24624022841453552 0.00625 0.010185185185185186
2 0.16998456418514252 0.3987339735031128 0.0067708333333333336 0.011111111111111112
2 0.14763832092285156 0.3536909818649292 0.0067708333333333336 0.011111111111111112
2 0.12687791883945465 0.3139716386795044 0.0067708333333333336 0.011111111111111112
2 0.3466101288795471 0.224604532122612 0.0046875 0.007407407407407408
2 0.2745246887207031 0.23839020729064941 0.0046875 0.007407407407407408
2 0.19997826218605042 0.2525070309638977 0.005208333333333333 0.008333333333333333
