4 0.7558214664459229 0.2644522786140442 0.015625 0.025925925925925925
1 0.5654757618904114 0.36477211117744446 0.018229166666666668 0.02962962962962963
3 0.6545959115028381 0.37749800086021423 0.0171875 0.026851851851851852
4 0.5688950419425964 0.30178117752075195 0.0171875 0.026851851851851852
4 0.5015751123428345 0.3442053496837616 0.0171875 0.027777777777777776
4 0.7021751403808594 0.5037422180175781 0.021354166666666667 0.03425925925925926
0 0.48951444029808044 0.5233239531517029 0.019791666666666666 0.032407407407407406
3 0.5387057662010193 0.5968482494354248 0.021875 0.03611111111111111
4 0.5047730207443237 0.6141899228096008 0.022916666666666665 0.037037037037037035
4 0.42672017216682434 0.5444744229316711 0.022395833333333334 0.03611111111111111
2 0.25783833861351013 0.6323949694633484 0.0078125 0.012962962962962963
2 0.3662119209766388 0.6681800484657288 0.0078125 0.012962962962962963
2 0.48231950402259827 0.7071664929389954 0.0078125 0.012962962962962963
2 0.6942610144615173 0.6495510935783386 0.008854166666666666 0.014814814814814815
2 0.7342634797096252 0.575255274772644 0.008854166666666666 0.014814814814814815
2 0.7680131196975708 0.5082177519798279 0.008854166666666666 0.014814814814814815
2 0.22164422273635864 0.5100010633468628 0.007291666666666667 0.012037037037037037
2 0.2839149236679077 0.45250946283340454 0.007291666666666667 0.012037037037037037
2 0.3387291729450226 0.4017760455608368 0.007291666666666667 0.012037037037037037
2 0.4313713014125824 0.31564319133758545 0.00625 0.010185185185185186
2 0.4717709422111511 0.27798980474472046 0.00625 0.010185185185185186
2 0.5082991719245911 0.24440018832683563 0.00625 0.010185185185185186
2 0.8239954113960266 0.3994894027709961 0.0067708333333333336 0.011111111111111112
2 0.8470238447189331 0.3532826602458954 0.0067708333333333336 0.011111111111111112
2 0.8684743642807007 0.3125001788139343 0.0067708333333333336 0.011111111111111112
2 0.6356805562973022 0.2220030128955841 0.0046875 0.007407407407407408
2 0.7111440300941467 0.23563562333583832 0.0046875 0.007407407407407408
2 0.789836049079895 0.24970948696136475 0.005208333333333333 0.008333333333333333
