4 0.2924800217151642 0.47548726201057434 0.020833333333333332 0.03333333333333333
4 0.35938045382499695 0.3762844502925873 0.019270833333333334 0.030555555555555555
4 0.3895878493785858 0.323639839887619 0.016145833333333335 0.024074074074074074
0 0.4252791106700897 0.40830689668655396 0.017708333333333333 0.028703703703703703
4 0.5193103551864624 0.37515974044799805 0.017708333333333333 0.02962962962962963
4 0.4853843152523041 0.45140722393989563 0.0203125 0.03333333333333333
3 0.47095969319343567 0.5990856289863586 0.022916666666666665 0.03888888888888889
4 0.5313866138458252 0.5257564187049866 0.021875 0.03518518518518519
1 0.5411127805709839 0.6247107982635498 0.0234375 0.037037037037037035
3 0.5666124820709229 0.538914144039154 0.0203125 0.03333333333333333
4 0.614877462387085 0.5880866050720215 0.022395833333333334 0.03796296296296296
3 0.5746457576751709 0.38497257232666016 0.018229166666666668 0.02962962962962963
3 0.7293424606323242 0.605940580368042 0.0234375 0.025925925925925925
2 0.7520795464515686 0.626960277557373 0.007291666666666667 0.011111111111111112
2 0.6454563140869141 0.6648252010345459 0.007291666666666667 0.011111111111111112
2 0.5302148461341858 0.7053794264793396 0.007291666666666667 0.011111111111111112
2 0.3179370164871216 0.6523458957672119 0.007291666666666667 0.012037037037037037
2 0.2780388593673706 0.5781470537185669 0.007291666666666667 0.012037037037037037
2 0.2432880401611328 0.5130729675292969 0.007291666666666667 0.012037037037037037
2 0.18598715960979462 0.4034976363182068 0.00625 0.010185185185185186
2 0.16164931654930115 0.3573306202888489 0.00625 0.010185185185185186
2 0.13968296349048615 0.3160678446292877 0.00625 0.010185185185185186
2 0.7877941131591797 0.5059402585029602 0.00625 0.010185185185185186
2 0.7274220585823059 0.45026060938835144 0.00625 0.010185185185185186
2 0.6732732057571411 0.4000051021575928 0.00625 0.010185185185185186
2 0.581780195236206 0.3148190975189209 0.00625 0.010185185185185186
2 0.5415120720863342 0.2782365381717682 0.00625 0.010185185185185186
2 0.5052188634872437 0.24467648565769196 0.00625 0.010185185185185186
2 0.376642107963562 0.22272427380084991 0.004166666666666667 0.006481481481481481
2 0.29986611008644104 0.23737592995166779 0.004166666666666667 0.006481481481481481
2 0.2199360579252243 0.25119560956954956 0.004166666666666667 0.006481481481481481
