4 0.28083503246307373 0.47888341546058655 0.020833333333333332 0.03333333333333333
4 0.34677842259407043 0.38144248723983765 0.019270833333333334 0.030555555555555555
4 0.376639187335968 0.3299252688884735 0.016145833333333335 0.024074074074074074
0 0.4103247821331024 0.4102516174316406 0.017708333333333333 0.028703703703703703
4 0.5025159120559692 0.3752783238887787 0.017708333333333333 0.02962962962962963
4 0.46861517429351807 0.45021873712539673 0.0203125 0.03333333333333333
3 0.4530998766422272 0.5946398973464966 0.022916666666666665 0.03888888888888889
4 0.5132524967193604 0.5214264988899231 0.021875 0.03518518518518519
1 0.5221468210220337 0.6183035969734192 0.0234375 0.037037037037037035
3 0.5479877591133118 0.5334226489067078 0.0203125 0.03333333333333333
4 0.59566730260849 0.5806066393852234 0.022395833333333334 0.03796296296296296
3 0.5568739771842957 0.38302451372146606 0.018229166666666668 0.02962962962962963
3 0.7103340029716492 0.5956847071647644 0.0234375 0.025925925925925925
2 0.7332713007926941 0.6160683631896973 0.007291666666666667 0.011111111111111112
2 0.6258963346481323 0.6558474898338318 0.007291666666666667 0.011111111111111112
2 0.5107443332672119 0.6981413960456848 0.007291666666666667 0.011111111111111112
2 0.30288201570510864 0.649901270866394 0.007291666666666667 0.012037037037037037
2 0.2653440535068512 0.578522264957428 0.007291666666666667 0.012037037037037037
2 0.23291581869125366 0.5164138078689575 0.007291666666666667 0.012037037037037037
2 0.1800081878900528 0.41283074021339417 0.00625 0.010185185185185186
2 0.15772578120231628 0.3695754408836365 0.00625 0.010185185185185186
2 0.13770586252212524 0.3311116695404053 0.00625 0.010185185185185186
2 0.7693073153495789 0.49523863196372986 0.00625 0.010185185185185186
2 0.7085558772087097 0.44209569692611694 0.00625 0.010185185185185186
2 0.6545484066009521 0.3945436179637909 0.00625 0.010185185185185186
2 0.5643155574798584 0.31483229994773865 0.00625 0.010185185185185186
2 0.5249963998794556 0.28097909688949585 0.00625 0.010185185185185186
2 0.48976850509643555 0.250079870223999 0.00625 0.010185185185185186
2 0.3653465807437897 0.233974426984787 0.004166666666666667 0.006481481481481481
2 0.2914281189441681 0.2507975995540619 0.004166666666666667 0.006481481481481481
2 0.214970201253891 0.26684606075286865 0.004166666666666667 0.006481481481481481
