4 0.476473331451416 0.7038089632987976 0.015625 0.025
3 0.584848165512085 0.48737481236457825 0.015104166666666667 0.024074074074074074
3 0.7007730007171631 0.47353944182395935 0.0140625 0.021296296296296296
0 0.5985901355743408 0.26246872544288635 0.014583333333333334 0.023148148148148147
4 0.6556799411773682 0.3771463632583618 0.016666666666666666 0.025925925925925925
1 0.7738301157951355 0.6618849635124207 0.016145833333333335 0.025925925925925925
3 0.7699376940727234 0.34628403186798096 0.016666666666666666 0.025
2 0.8311859369277954 0.6272891759872437 0.0067708333333333336 0.010185185185185186
2 0.8311609029769897 0.49530142545700073 0.0067708333333333336 0.010185185185185186
2 0.8298371434211731 0.3653796315193176 0.0067708333333333336 0.010185185185185186
2 0.14382559061050415 0.630215048789978 0.00625 0.010185185185185186
2 0.14389260113239288 0.5072970986366272 0.00625 0.010185185185185186
2 0.1451086699962616 0.38499191403388977 0.00625 0.010185185185185186
2 0.7217565178871155 0.794809103012085 0.0078125 0.012962962962962963
2 0.638376772403717 0.7942789793014526 0.0078125 0.012962962962962963
2 0.5565112829208374 0.7933194041252136 0.0078125 0.012962962962962963
2 0.39595311880111694 0.7918713092803955 0.0078125 0.012037037037037037
2 0.31794407963752747 0.7900925278663635 0.0078125 0.012037037037037037
2 0.24013233184814453 0.788756251335144 0.0078125 0.012037037037037037
2 0.7212572693824768 0.20454595983028412 0.00625 0.010185185185185186
2 0.6383677124977112 0.20763130486011505 0.00625 0.010185185185185186
2 0.5564821362495422 0.20982074737548828 0.00625 0.010185185185185186
2 0.3973415493965149 0.2161780148744583 0.005729166666666666 0.009259259259259259
2 0.31881237030029297 0.22036799788475037 0.005729166666666666 0.009259259259259259
2 0.24190190434455872 0.2248939722776413 0.005729166666666666 0.009259259259259259
