4 0.5078698396682739 0.7200664281845093 0.015625 0.025
3 0.3955289125442505 0.49653157591819763 0.015104166666666667 0.024074074074074074
3 0.27650684118270874 0.48426395654678345 0.0140625 0.021296296296296296
0 0.38144275546073914 0.26227080821990967 0.014583333333333334 0.023148148148148147
4 0.3224937617778778 0.38360095024108887 0.016666666666666666 0.025925925925925925
1 0.2031726837158203 0.6777464151382446 0.016145833333333335 0.025925925925925925
3 0.2060057371854782 0.35469239950180054 0.016666666666666666 0.025
2 0.1457085907459259 0.6429343819618225 0.0067708333333333336 0.010185185185185186
2 0.14510612189769745 0.5087822079658508 0.0067708333333333336 0.010185185185185186
2 0.14581084251403809 0.37591567635536194 0.0067708333333333336 0.010185185185185186
2 0.86566561460495 0.6414705514907837 0.00625 0.010185185185185186
2 0.8670711517333984 0.5100513100624084 0.00625 0.010185185185185186
2 0.8672037720680237 0.37855833768844604 0.00625 0.010185185185185186
2 0.2559119462966919 0.8127020001411438 0.0078125 0.012962962962962963
2 0.3404468894004822 0.8126562833786011 0.0078125 0.012962962962962963
2 0.42445191740989685 0.8121603727340698 0.0078125 0.012962962962962963
2 0.5921702980995178 0.8116206526756287 0.0078125 0.012037037037037037
2 0.6751168966293335 0.8102308511734009 0.0078125 0.012037037037037037
2 0.7588216662406921 0.8092884421348572 0.0078125 0.012037037037037037
2 0.2550598084926605 0.206240713596344 0.00625 0.010185185185185186
2 0.3402331471443176 0.2062685787677765 0.00625 0.010185185185185186
2 0.4253917634487152 0.20539164543151855 0.00625 0.010185185185185186
2 0.5938478112220764 0.20589850842952728 0.005729166666666666 0.009259259259259259
2 0.6784371733665466 0.20728231966495514 0.005729166666666666 0.009259259259259259
2 0.762239396572113 0.20910890400409698 0.005729166666666666 0.009259259259259259
