1 0.7082065343856812 0.26267868280410767 0.019270833333333334 0.032407407407407406
3 0.6699106097221375 0.3823044002056122 0.020833333333333332 0.03333333333333333
4 0.7281611561775208 0.48045405745506287 0.021875 0.03518518518518519
4 0.6472018361091614 0.4337603449821472 0.022395833333333334 0.03518518518518519
3 0.550333559513092 0.3914373815059662 0.0203125 0.03333333333333333
3 0.5052067637443542 0.39777782559394836 0.0203125 0.032407407407407406
4 0.5085074305534363 0.35974153876304626 0.0203125 0.03518518518518519
4 0.33543843030929565 0.3126124143600464 0.019791666666666666 0.03333333333333333
3 0.7033478021621704 0.6429471373558044 0.025 0.03888888888888889
3 0.6451844573020935 0.5913218259811401 0.0234375 0.03888888888888889
0 0.5512765049934387 0.6117680072784424 0.023958333333333335 0.03796296296296296
3 0.4973051846027374 0.6837397813796997 0.025520833333333333 0.040740740740740744
4 0.4622511863708496 0.6787741780281067 0.025 0.040740740740740744
4 0.33282649517059326 0.6842135787010193 0.025 0.03981481481481482
2 0.36476272344589233 0.7235515713691711 0.008854166666666666 0.014814814814814815
2 0.5067355632781982 0.7260477542877197 0.008854166666666666 0.014814814814814815
2 0.648983895778656 0.7268034219741821 0.008854166666666666 0.014814814814814815
2 0.8120121359825134 0.6238599419593811 0.008854166666666666 0.013888888888888888
2 0.7984752058982849 0.5502421259880066 0.008854166666666666 0.013888888888888888
2 0.7866640686988831 0.4819788634777069 0.008854166666666666 0.013888888888888888
2 0.20663781464099884 0.617122232913971 0.008854166666666666 0.014814814814814815
2 0.22367967665195465 0.5439123511314392 0.008854166666666666 0.014814814814814815
2 0.2373681515455246 0.47555938363075256 0.008854166666666666 0.014814814814814815
2 0.2617829442024231 0.36286842823028564 0.0078125 0.012962962962962963
2 0.2726748287677765 0.30942046642303467 0.0078125 0.012962962962962963
2 0.2832024395465851 0.2620595395565033 0.0078125 0.012962962962962963
2 0.7658903002738953 0.36529266834259033 0.007291666666666667 0.012037037037037037
2 0.7567025423049927 0.31378430128097534 0.007291666666666667 0.012037037037037037
2 0.7477320432662964 0.26623085141181946 0.007291666666666667 0.012037037037037037
2 0.4189014434814453 0.2077014148235321 0.005208333333333333 0.008333333333333333
2 0.5161842107772827 0.20833997428417206 0.005208333333333333 0.008333333333333333
2 0.6133285164833069 0.2094096541404724 0.005208333333333333 0.008333333333333333
