1 0.7075903415679932 0.2782967686653137 0.019270833333333334 0.032407407407407406
3 0.6723493933677673 0.3996284008026123 0.020833333333333332 0.03333333333333333
4 0.7317670583724976 0.5013788938522339 0.021875 0.03518518518518519
4 0.6509412527084351 0.4519745707511902 0.022395833333333334 0.03518518518518519
3 0.5539051294326782 0.40646570920944214 0.0203125 0.03333333333333333
3 0.5089271068572998 0.4120532274246216 0.0203125 0.032407407407407406
4 0.5115614533424377 0.3728747069835663 0.0203125 0.03518518518518519
4 0.3364328444004059 0.3199921250343323 0.019791666666666666 0.03333333333333333
3 0.7107328772544861 0.6682720184326172 0.025 0.03888888888888889
3 0.6520835161209106 0.6143062114715576 0.0234375 0.03888888888888889
0 0.5588971972465515 0.634376585483551 0.023958333333333335 0.03796296296296296
3 0.5060247778892517 0.7087529301643372 0.025520833333333333 0.040740740740740744
4 0.470598965883255 0.7032781839370728 0.025 0.040740740740740744
4 0.3392607569694519 0.7078972458839417 0.025 0.03981481481481482
2 0.3724364936351776 0.7494677305221558 0.008854166666666666 0.014814814814814815
2 0.5162662863731384 0.7529822587966919 0.008854166666666666 0.014814814814814815
2 0.6585737466812134 0.754648745059967 0.008854166666666666 0.014814814814814815
2 0.8171716332435608 0.6497264504432678 0.008854166666666666 0.013888888888888888
2 0.8022667765617371 0.5740241408348083 0.008854166666666666 0.013888888888888888
2 0.7891892194747925 0.503930926322937 0.008854166666666666 0.013888888888888888
2 0.2088189423084259 0.6360392570495605 0.008854166666666666 0.014814814814814815
2 0.22544033825397491 0.5592151284217834 0.008854166666666666 0.014814814814814815
2 0.23861728608608246 0.487728476524353 0.008854166666666666 0.014814814814814815
2 0.26212701201438904 0.37047165632247925 0.0078125 0.012962962962962963
2 0.27252596616744995 0.31508851051330566 0.0078125 0.012962962962962963
2 0.28260868787765503 0.26616668701171875 0.0078125 0.012962962962962963
2 0.766302764415741 0.3843156695365906 0.007291666666666667 0.012037037037037037
2 0.7561986446380615 0.3315967321395874 0.007291666666666667 0.012037037037037037
2 0.7464012503623962 0.28295770287513733 0.007291666666666667 0.012037037037037037
2 0.41913217306137085 0.2138557732105255 0.005208333333333333 0.008333333333333333
2 0.5165612697601318 0.2173824906349182 0.005208333333333333 0.008333333333333333
2 0.6130466461181641 0.22131596505641937 0.005208333333333333 0.008333333333333333
