1 0.7071403861045837 0.2669614851474762 0.019270833333333334 0.032407407407407406
3 0.6691270470619202 0.392307311296463 0.020833333333333332 0.03333333333333333
4 0.7305057644844055 0.4938812255859375 0.021875 0.03518518518518519
4 0.6463955640792847 0.4461260735988617 0.022395833333333334 0.03518518518518519
3 0.5459883213043213 0.40310171246528625 0.0203125 0.03333333333333333
3 0.49964624643325806 0.41017770767211914 0.0203125 0.032407407407407406
4 0.5024446249008179 0.37056225538253784 0.0203125 0.03518518518518519
4 0.32376107573509216 0.32344305515289307 0.019791666666666666 0.03333333333333333
3 0.7069810628890991 0.6626533269882202 0.025 0.03888888888888889
3 0.6464638113975525 0.6096978187561035 0.0234375 0.03888888888888889
0 0.5502666234970093 0.6316572427749634 0.023958333333333335 0.03796296296296296
3 0.496032178401947 0.7064204812049866 0.025520833333333333 0.040740740740740744
4 0.46005910634994507 0.7015689015388489 0.025 0.040740740740740744
4 0.32783979177474976 0.7081671357154846 0.025 0.03981481481481482
2 0.36114969849586487 0.7484210133552551 0.008854166666666666 0.014814814814814815
2 0.5063510537147522 0.7499632239341736 0.008854166666666666 0.014814814814814815
2 0.6522036194801331 0.7497119307518005 0.008854166666666666 0.014814814814814815
2 0.8187023401260376 0.641994059085846 0.008854166666666666 0.013888888888888888
2 0.8039053678512573 0.5657379627227783 0.008854166666666666 0.013888888888888888
2 0.7909259796142578 0.49489474296569824 0.008854166666666666 0.013888888888888888
2 0.1978239119052887 0.6400625109672546 0.008854166666666666 0.014814814814814815
2 0.2137562334537506 0.564391553401947 0.008854166666666666 0.014814814814814815
2 0.22639456391334534 0.49359649419784546 0.008854166666666666 0.014814814814814815
2 0.24918416142463684 0.3765149414539337 0.0078125 0.012962962962962963
2 0.2593174874782562 0.3208405077457428 0.0078125 0.012962962962962963
2 0.269210547208786 0.27141478657722473 0.0078125 0.012962962962962963
2 0.768082857131958 0.37352022528648376 0.007291666666666667 0.012037037037037037
2 0.7579594850540161 0.3198283016681671 0.007291666666666667 0.012037037037037037
2 0.7480962872505188 0.2702025771141052 0.007291666666666667 0.012037037037037037
2 0.4077098071575165 0.21304181218147278 0.005208333333333333 0.008333333333333333
2 0.5079812407493591 0.21248753368854523 0.005208333333333333 0.008333333333333333
2 0.6083055734634399 0.21238525211811066 0.005208333333333333 0.008333333333333333
