3 0.3861207365989685 0.24634721875190735 0.01875 0.028703703703703703
3 0.4090743362903595 0.2766362428665161 0.019270833333333334 0.03148148148148148
3 0.4043580889701843 0.347141295671463 0.019791666666666666 0.03148148148148148
3 0.32228487730026245 0.58775395154953 0.0234375 0.037037037037037035
4 0.2806355655193329 0.6085360646247864 0.023958333333333335 0.040740740740740744
1 0.27762794494628906 0.6737282276153564 0.024479166666666666 0.03981481481481482
0 0.30525320768356323 0.7029034495353699 0.025 0.04259259259259259
3 0.7077556848526001 0.5201272368431091 0.022395833333333334 0.03611111111111111
3 0.7528381943702698 0.6302875876426697 0.024479166666666666 0.037037037037037035
3 0.7639675736427307 0.7089013457298279 0.025520833333333333 0.041666666666666664
2 0.6498262882232666 0.7565827965736389 0.009895833333333333 0.01574074074074074
2 0.5054634809494019 0.7574548721313477 0.009895833333333333 0.01574074074074074
2 0.36004313826560974 0.7578809857368469 0.009895833333333333 0.01574074074074074
2 0.809310257434845 0.6460289359092712 0.007291666666666667 0.011111111111111112
2 0.793988049030304 0.5706705451011658 0.007291666666666667 0.011111111111111112
2 0.7804593443870544 0.5023946166038513 0.007291666666666667 0.011111111111111112
2 0.7565085887908936 0.38267603516578674 0.0067708333333333336 0.011111111111111112
2 0.7458228468894958 0.3290206491947174 0.0067708333333333336 0.011111111111111112
2 0.7359208464622498 0.28025323152542114 0.0067708333333333336 0.011111111111111112
2 0.191062793135643 0.6489505171775818 0.007291666666666667 0.012037037037037037
2 0.20509904623031616 0.5707781314849854 0.007291666666666667 0.012037037037037037
2 0.21758747100830078 0.5018607378005981 0.007291666666666667 0.012037037037037037
2 0.23970356583595276 0.37797775864601135 0.007291666666666667 0.011111111111111112
2 0.24987094104290009 0.3243478834629059 0.007291666666666667 0.011111111111111112
2 0.2592596709728241 0.27395644783973694 0.007291666666666667 0.011111111111111112
2 0.3993876874446869 0.21719850599765778 0.0067708333333333336 0.011111111111111112
2 0.500057578086853 0.2197076380252838 0.0067708333333333336 0.011111111111111112
2 0.5993245840072632 0.21904541552066803 0.0067708333333333336 0.011111111111111112
