4 0.7656852006912231 0.7189446091651917 0.025520833333333333 0.030555555555555555
0 0.7110450863838196 0.6949620246887207 0.025520833333333333 0.04259259259259259
4 0.7339507937431335 0.6012207269668579 0.023958333333333335 0.040740740740740744
3 0.6935829520225525 0.5795217156410217 0.023958333333333335 0.037037037037037035
3 0.6281693577766418 0.24037639796733856 0.018229166666666668 0.028703703703703703
3 0.6065134406089783 0.2702478766441345 0.019270833333333334 0.03148148148148148
3 0.6114137172698975 0.33967602252960205 0.019791666666666666 0.032407407407407406
4 0.5822398066520691 0.4523266851902008 0.021875 0.03611111111111111
4 0.4986172616481781 0.6295855641365051 0.023958333333333335 0.040740740740740744
4 0.4398195445537567 0.6757392287254333 0.025 0.04259259259259259
1 0.38415345549583435 0.44353652000427246 0.021875 0.03518518518518519
3 0.31270846724510193 0.5109601616859436 0.022395833333333334 0.03425925925925926
3 0.2661953270435333 0.6237009763717651 0.024479166666666666 0.037037037037037035
3 0.25526008009910583 0.703903317451477 0.026041666666666668 0.03981481481481482
2 0.37138426303863525 0.7526545524597168 0.009375 0.014814814814814815
2 0.5155089497566223 0.751738965511322 0.009375 0.014814814814814815
2 0.6587008237838745 0.751289427280426 0.009375 0.014814814814814815
2 0.8204343318939209 0.6409470438957214 0.0067708333333333336 0.011111111111111112
2 0.8057352900505066 0.5636916160583496 0.0067708333333333336 0.011111111111111112
2 0.7929071187973022 0.49399492144584656 0.0067708333333333336 0.011111111111111112
2 0.20899184048175812 0.6395860910415649 0.0067708333333333336 0.011111111111111112
2 0.22486642003059387 0.5619271397590637 0.0067708333333333336 0.011111111111111112
2 0.23881389200687408 0.49106428027153015 0.0067708333333333336 0.011111111111111112
2 0.7695237994194031 0.373356431722641 0.00625 0.010185185185185186
2 0.7596683502197266 0.3182629942893982 0.00625 0.010185185185185186
2 0.7503849864006042 0.2700295150279999 0.00625 0.010185185185185186
2 0.26279374957084656 0.36934635043144226 0.00625 0.010185185185185186
2 0.2741347849369049 0.31697747111320496 0.00625 0.010185185185185186
2 0.2836557924747467 0.266143262386322 0.00625 0.010185185185185186
2 0.6153756380081177 0.21227486431598663 0.007291666666666667 0.011111111111111112
2 0.5184496641159058 0.21024514734745026 0.007291666666666667 0.011111111111111112
2 0.42046433687210083 0.20999358594417572 0.007291666666666667 0.011111111111111112
