4 0.761468231678009 0.733343243598938 0.025520833333333333 0.030555555555555555
0 0.7061126828193665 0.7093134522438049 0.025520833333333333 0.04259259259259259
4 0.7304052710533142 0.6161550283432007 0.023958333333333335 0.040740740740740744
3 0.6893687844276428 0.5943568348884583 0.023958333333333335 0.037037037037037035
3 0.6246986389160156 0.25059106945991516 0.018229166666666668 0.028703703703703703
3 0.6021749973297119 0.2813476324081421 0.019270833333333334 0.03148148148148148
3 0.6068569421768188 0.352273553609848 0.019791666666666666 0.032407407407407406
4 0.5764225721359253 0.4664996266365051 0.021875 0.03611111111111111
4 0.49104082584381104 0.6436172723770142 0.023958333333333335 0.040740740740740744
4 0.43177905678749084 0.6890316605567932 0.025 0.04259259259259259
1 0.3747748136520386 0.4577069580554962 0.021875 0.03518518518518519
3 0.3029603362083435 0.5251960158348083 0.022395833333333334 0.03425925925925926
3 0.25719520449638367 0.6369885206222534 0.024479166666666666 0.037037037037037035
3 0.24704179167747498 0.7158530950546265 0.026041666666666668 0.03981481481481482
2 0.3633919954299927 0.7642554044723511 0.009375 0.014814814814814815
2 0.5079889893531799 0.7642300724983215 0.009375 0.014814814814814815
2 0.6525269746780396 0.7646579146385193 0.009375 0.014814814814814815
2 0.8184001445770264 0.656103789806366 0.0067708333333333336 0.011111111111111112
2 0.8044069409370422 0.5787630677223206 0.0067708333333333336 0.011111111111111112
2 0.7921566367149353 0.5085932612419128 0.0067708333333333336 0.011111111111111112
2 0.20017847418785095 0.652449369430542 0.0067708333333333336 0.011111111111111112
2 0.21515868604183197 0.5757518410682678 0.0067708333333333336 0.011111111111111112
2 0.22838149964809418 0.5052822828292847 0.0067708333333333336 0.011111111111111112
2 0.7695764303207397 0.3862370550632477 0.00625 0.010185185185185186
2 0.7600467801094055 0.3299751281738281 0.00625 0.010185185185185186
2 0.7509901523590088 0.2805216610431671 0.00625 0.010185185185185186
2 0.2513209581375122 0.3831523656845093 0.00625 0.010185185185185186
2 0.26230964064598083 0.3301753103733063 0.00625 0.010185185185185186
2 0.27151504158973694 0.27850598096847534 0.00625 0.010185185185185186
2 0.6116370558738708 0.22173972427845 0.007291666666666667 0.011111111111111112
2 0.5116147398948669 0.22018137574195862 0.007291666666666667 0.011111111111111112
2 0.410909503698349 0.22045956552028656 0.007291666666666667 0.011111111111111112
