4 0.7422024011611938 0.7275704145431519 0.025520833333333333 0.030555555555555555
0 0.6871356964111328 0.7043578028678894 0.025520833333333333 0.04259259259259259
4 0.710468590259552 0.6142922639846802 0.023958333333333335 0.040740740740740744
3 0.6698663234710693 0.5935415029525757 0.023958333333333335 0.037037037037037035
3 0.6050440669059753 0.26853856444358826 0.018229166666666668 0.028703703703703703
3 0.5833372473716736 0.2976166903972626 0.019270833333333334 0.03148148148148148
3 0.5880892872810364 0.364126056432724 0.019791666666666666 0.032407407407407406
4 0.5587931871414185 0.4723370373249054 0.021875 0.03611111111111111
4 0.47569283843040466 0.6417284607887268 0.023958333333333335 0.040740740740740744
4 0.41785284876823425 0.6854944825172424 0.025 0.04259259259259259
1 0.3636399805545807 0.4657902419567108 0.021875 0.03518518518518519
3 0.29414960741996765 0.5300570726394653 0.022395833333333334 0.03425925925925926
3 0.24918760359287262 0.6363498568534851 0.024479166666666666 0.037037037037037035
3 0.23865047097206116 0.711653470993042 0.026041666666666668 0.03981481481481482
2 0.3509729206562042 0.7579708099365234 0.009375 0.014814814814814815
2 0.49217548966407776 0.757832944393158 0.009375 0.014814814814814815
2 0.6344677209854126 0.7581342458724976 0.009375 0.014814814814814815
2 0.7979961037635803 0.6524852514266968 0.0067708333333333336 0.011111111111111112
2 0.7832908034324646 0.5779090523719788 0.0067708333333333336 0.011111111111111112
2 0.7704715728759766 0.5106649398803711 0.0067708333333333336 0.011111111111111112
2 0.19422635436058044 0.6512865424156189 0.0067708333333333336 0.011111111111111112
2 0.20944111049175262 0.5784353017807007 0.0067708333333333336 0.011111111111111112
2 0.22283893823623657 0.511810839176178 0.0067708333333333336 0.011111111111111112
2 0.7471020221710205 0.3943663537502289 0.00625 0.010185185185185186
2 0.7372714877128601 0.3412799835205078 0.00625 0.010185185185185186
2 0.728004515171051 0.29483142495155334 0.00625 0.010185185185185186
2 0.24594086408615112 0.39703962206840515 0.00625 0.010185185185185186
2 0.25689539313316345 0.3475141227245331 0.00625 0.010185185185185186
2 0.2661077678203583 0.29938602447509766 0.00625 0.010185185185185186
2 0.5923078656196594 0.24180006980895996 0.007291666666666667 0.011111111111111112
2 0.4958937466144562 0.24184279143810272 0.007291666666666667 0.011111111111111112
2 0.3993576765060425 0.24359802901744843 0.007291666666666667 0.011111111111111112
