4 0.2754853069782257 0.5869479179382324 0.019270833333333334 0.030555555555555555
4 0.4026654064655304 0.6833551526069641 0.021354166666666667 0.03611111111111111
3 0.36945265531539917 0.569076418876648 0.01875 0.028703703703703703
3 0.3553348481655121 0.5543457269668579 0.017708333333333333 0.028703703703703703
3 0.3861127197742462 0.5367903113365173 0.016666666666666666 0.027777777777777776
4 0.4284049868583679 0.5094237327575684 0.016145833333333335 0.026851851851851852
4 0.48080238699913025 0.4904959201812744 0.015104166666666667 0.026851851851851852
4 0.5148277878761292 0.4390380084514618 0.013541666666666667 0.022222222222222223
0 0.5488914251327515 0.5326853394508362 0.016666666666666666 0.027777777777777776
4 0.5744605660438538 0.5368443727493286 0.017708333333333333 0.027777777777777776
3 0.5779650211334229 0.4913736879825592 0.015625 0.025
1 0.5995091199874878 0.5133952498435974 0.016666666666666666 0.028703703703703703
3 0.597032904624939 0.42140719294548035 0.013020833333333334 0.021296296296296296
3 0.6277854442596436 0.4543439745903015 0.0140625 0.023148148148148147
4 0.6484323740005493 0.5704078674316406 0.019270833333333334 0.028703703703703703
3 0.7377192974090576 0.4909926950931549 0.015104166666666667 0.025
2 0.2996733486652374 0.7776159048080444 0.008854166666666666 0.013888888888888888
2 0.20427608489990234 0.73332279920578 0.008854166666666666 0.013888888888888888
2 0.11724185943603516 0.6945551037788391 0.008854166666666666 0.013888888888888888
2 0.1478898972272873 0.587657630443573 0.008854166666666666 0.013888888888888888
2 0.22972017526626587 0.5497969388961792 0.008854166666666666 0.013888888888888888
2 0.3011109530925751 0.5139864087104797 0.008854166666666666 0.013888888888888888
2 0.5444946885108948 0.7389684319496155 0.00625 0.010185185185185186
2 0.6093458533287048 0.6764864325523376 0.007291666666666667 0.012037037037037037
2 0.6630533933639526 0.6242472529411316 0.007291666666666667 0.012037037037037037
2 0.7472392320632935 0.5436354875564575 0.005729166666666666 0.009259259259259259
2 0.7810683846473694 0.5109549164772034 0.005729166666666666 0.009259259259259259
2 0.8108443021774292 0.4819098711013794 0.005729166666666666 0.009259259259259259
2 0.7550448179244995 0.432062566280365 0.005729166666666666 0.009259259259259259
2 0.6904094815254211 0.4187549650669098 0.005729166666666666 0.009259259259259259
2 0.6301193237304688 0.40617045760154724 0.005729166666666666 0.009259259259259259
2 0.4176340699195862 0.4590926170349121 0.005208333333333333 0.008333333333333333
2 0.4652458131313324 0.4362112879753113 0.005208333333333333 0.008333333333333333
2 0.5083193182945251 0.41441118717193604 0.005208333333333333 0.008333333333333333
