4 0.7458177208900452 0.6119338274002075 0.019270833333333334 0.030555555555555555
4 0.6208645701408386 0.7094165086746216 0.021354166666666667 0.03611111111111111
3 0.6539350152015686 0.5943568348884583 0.01875 0.028703703703703703
3 0.6679390072822571 0.5794183611869812 0.017708333333333333 0.028703703703703703
3 0.6375223398208618 0.5616394877433777 0.016666666666666666 0.027777777777777776
4 0.5953078866004944 0.5336399078369141 0.016145833333333335 0.026851851851851852
4 0.5423663854598999 0.5139793157577515 0.015104166666666667 0.026851851851851852
4 0.5073426961898804 0.4602664113044739 0.013541666666666667 0.022222222222222223
0 0.4732055068016052 0.5574476718902588 0.016666666666666666 0.027777777777777776
4 0.4469774663448334 0.561754584312439 0.017708333333333333 0.027777777777777776
3 0.44282054901123047 0.5144817233085632 0.015625 0.025
1 0.42079800367355347 0.5373734831809998 0.016666666666666666 0.028703703703703703
3 0.42211219668388367 0.44089263677597046 0.013020833333333334 0.021296296296296296
3 0.39045897126197815 0.47534745931625366 0.0140625 0.023148148148148147
4 0.3708423972129822 0.5967025756835938 0.019270833333333334 0.028703703703703703
3 0.2750382721424103 0.5133957266807556 0.015104166666666667 0.025
2 0.7206903696060181 0.800500750541687 0.008854166666666666 0.013888888888888888
2 0.8122498989105225 0.7554576992988586 0.008854166666666666 0.013888888888888888
2 0.8948701024055481 0.7163897752761841 0.008854166666666666 0.013888888888888888
2 0.8681281805038452 0.6120100021362305 0.008854166666666666 0.013888888888888888
2 0.7905216217041016 0.574622631072998 0.008854166666666666 0.013888888888888888
2 0.7215231657028198 0.5385559797286987 0.008854166666666666 0.013888888888888888
2 0.47961848974227905 0.767413318157196 0.00625 0.010185185185185186
2 0.4129261076450348 0.7053878307342529 0.007291666666666667 0.012037037037037037
2 0.35658663511276245 0.6524901986122131 0.007291666666666667 0.012037037037037037
2 0.2662280201911926 0.5689600706100464 0.005729166666666666 0.009259259259259259
2 0.22917921841144562 0.5344135165214539 0.005729166666666666 0.009259259259259259
2 0.19620351493358612 0.5033738017082214 0.005729166666666666 0.009259259259259259
2 0.2549622654914856 0.4504934549331665 0.005729166666666666 0.009259259259259259
2 0.3237338364124298 0.4369966983795166 0.005729166666666666 0.009259259259259259
2 0.38722720742225647 0.4243530035018921 0.005729166666666666 0.009259259259259259
2 0.6061162948608398 0.4819023311138153 0.005208333333333333 0.008333333333333333
2 0.5579509735107422 0.4577888250350952 0.005208333333333333 0.008333333333333333
2 0.5138489007949829 0.43456047773361206 0.005208333333333333 0.008333333333333333
