3 0.5062770247459412 0.5676819682121277 0.019791666666666666 0.024074074074074074
4 0.5182801485061646 0.5783489942550659 0.019791666666666666 0.023148148148148147
4 0.49358028173446655 0.5787560343742371 0.019791666666666666 0.022222222222222223
3 0.5287185907363892 0.5907963514328003 0.019270833333333334 0.022222222222222223
0 0.50580894947052 0.5907852053642273 0.016666666666666666 0.021296296296296296
3 0.48240408301353455 0.5903108716011047 0.021875 0.025925925925925925
4 0.5399007797241211 0.6041638255119324 0.022395833333333334 0.025
4 0.5162741541862488 0.6018715500831604 0.021354166666666667 0.024074074074074074
3 0.4936049282550812 0.602770209312439 0.016666666666666666 0.024074074074074074
4 0.46971389651298523 0.601378858089447 0.021875 0.025
3 0.5514788031578064 0.6229739785194397 0.023958333333333335 0.03796296296296296
3 0.5273168087005615 0.6220282912254333 0.023958333333333335 0.040740740740740744
4 0.5041676163673401 0.621556282043457 0.0234375 0.03888888888888889
3 0.4810318052768707 0.6206316351890564 0.024479166666666666 0.03981481481481482
4 0.45662879943847656 0.6196812987327576 0.023958333333333335 0.040740740740740744
1 0.4732716679573059 0.3213816285133362 0.019791666666666666 0.03333333333333333
2 0.3580051064491272 0.7506150007247925 0.007291666666666667 0.012037037037037037
2 0.501765251159668 0.7527186274528503 0.007291666666666667 0.012037037037037037
2 0.6459094285964966 0.7566382884979248 0.007291666666666667 0.012037037037037037
2 0.8115307092666626 0.6518526673316956 0.008333333333333333 0.012962962962962963
2 0.7992003560066223 0.5763142108917236 0.008333333333333333 0.012962962962962963
2 0.7880216836929321 0.505718469619751 0.008333333333333333 0.012962962962962963
2 0.19894857704639435 0.6352328658103943 0.0067708333333333336 0.011111111111111112
2 0.2142835259437561 0.559074878692627 0.0067708333333333336 0.011111111111111112
2 0.2289898842573166 0.4905132055282593 0.0067708333333333336 0.011111111111111112
2 0.2548551857471466 0.36898043751716614 0.007291666666666667 0.011111111111111112
2 0.2662782371044159 0.3151375353336334 0.007291666666666667 0.011111111111111112
2 0.27688056230545044 0.2648695409297943 0.007291666666666667 0.011111111111111112
2 0.768057644367218 0.381664514541626 0.00625 0.010185185185185186
2 0.7595522403717041 0.32732996344566345 0.00625 0.010185185185185186
2 0.7512057423591614 0.27706000208854675 0.00625 0.010185185185185186
2 0.4152957797050476 0.20967084169387817 0.005208333333333333 0.008333333333333333
2 0.5150154232978821 0.21199555695056915 0.005208333333333333 0.008333333333333333
2 0.614029049873352 0.21521912515163422 0.005208333333333333 0.008333333333333333
