3 0.4869292378425598 0.5632663369178772 0.019791666666666666 0.024074074074074074
4 0.4747333526611328 0.5733813643455505 0.019791666666666666 0.023148148148148147
4 0.4994701147079468 0.574290931224823 0.019791666666666666 0.022222222222222223
3 0.46407344937324524 0.5852590799331665 0.019270833333333334 0.022222222222222223
0 0.4870165288448334 0.5857328176498413 0.016666666666666666 0.021296296296296296
3 0.5104950666427612 0.5857668519020081 0.021875 0.025925925925925925
4 0.4526519775390625 0.5980169773101807 0.022395833333333334 0.025
4 0.47634559869766235 0.596295177936554 0.021354166666666667 0.024074074074074074
3 0.49905717372894287 0.5976573824882507 0.016666666666666666 0.024074074074074074
4 0.5230633616447449 0.5968165397644043 0.021875 0.025
3 0.4407358169555664 0.6160638928413391 0.023958333333333335 0.03796296296296296
3 0.4649401307106018 0.61567622423172 0.023958333333333335 0.040740740740740744
4 0.48815396428108215 0.6157272458076477 0.0234375 0.03888888888888889
3 0.5113928318023682 0.6153366565704346 0.024479166666666666 0.03981481481481482
4 0.5359373688697815 0.6149484515190125 0.023958333333333335 0.040740740740740744
1 0.5238155722618103 0.326202929019928 0.019791666666666666 0.03333333333333333
2 0.63383549451828 0.74578857421875 0.007291666666666667 0.012037037037037037
2 0.48839983344078064 0.7441114187240601 0.007291666666666667 0.012037037037037037
2 0.34376558661460876 0.7442147135734558 0.007291666666666667 0.012037037037037037
2 0.181846484541893 0.6382808685302734 0.008333333333333333 0.012962962962962963
2 0.19589678943157196 0.5656306743621826 0.008333333333333333 0.012962962962962963
2 0.20864155888557434 0.4979721009731293 0.008333333333333333 0.012962962962962963
2 0.797027051448822 0.6359853744506836 0.0067708333333333336 0.011111111111111112
2 0.7819588780403137 0.5608672499656677 0.0067708333333333336 0.011111111111111112
2 0.7675489187240601 0.493576318025589 0.0067708333333333336 0.011111111111111112
2 0.7423866391181946 0.3751181662082672 0.007291666666666667 0.011111111111111112
2 0.7313455939292908 0.3229692578315735 0.007291666666666667 0.011111111111111112
2 0.7211390137672424 0.2744655907154083 0.007291666666666667 0.011111111111111112
2 0.23124369978904724 0.3796556890010834 0.00625 0.010185185185185186
2 0.24086590111255646 0.3280581831932068 0.00625 0.010185185185185186
2 0.2502126693725586 0.2804494798183441 0.00625 0.010185185185185186
2 0.5831886529922485 0.22010299563407898 0.005208333333333333 0.008333333333333333
2 0.48408347368240356 0.22129571437835693 0.005208333333333333 0.008333333333333333
2 0.3862206041812897 0.2233412116765976 0.005208333333333333 0.008333333333333333
