3 0.5008692741394043 0.5494504570960999 0.019791666666666666 0.024074074074074074
4 0.488609254360199 0.5590789318084717 0.019791666666666666 0.023148148148148147
4 0.5129435658454895 0.5603971481323242 0.019791666666666666 0.022222222222222223
3 0.4778037369251251 0.5704673528671265 0.019270833333333334 0.022222222222222223
0 0.5004184246063232 0.5713135600090027 0.016666666666666666 0.021296296296296296
3 0.5234991908073425 0.5717387795448303 0.021875 0.025925925925925925
4 0.4662078320980072 0.5827188491821289 0.022395833333333334 0.025
4 0.48965102434158325 0.5814204812049866 0.021354166666666667 0.024074074074074074
3 0.5119799971580505 0.5831092596054077 0.016666666666666666 0.024074074074074074
4 0.5355618596076965 0.5826746225357056 0.021875 0.025
3 0.45397645235061646 0.6001452803611755 0.023958333333333335 0.03796296296296296
3 0.47793108224868774 0.600125789642334 0.023958333333333335 0.040740740740740744
4 0.5008217096328735 0.6005186438560486 0.0234375 0.03888888888888889
3 0.5236755609512329 0.6004815697669983 0.024479166666666666 0.03981481481481482
4 0.5477352142333984 0.6004661321640015 0.023958333333333335 0.040740740740740744
1 0.5427373647689819 0.320075660943985 0.019791666666666666 0.03333333333333333
2 0.6397989988327026 0.7279902100563049 0.007291666666666667 0.012037037037037037
2 0.4979958236217499 0.7254650592803955 0.007291666666666667 0.012037037037037037
2 0.35413792729377747 0.7246450781822205 0.007291666666666667 0.012037037037037037
2 0.1923014372587204 0.6183139085769653 0.008333333333333333 0.012962962962962963
2 0.20850683748722076 0.5463910102844238 0.008333333333333333 0.012962962962962963
2 0.2232205718755722 0.47953712940216064 0.008333333333333333 0.012962962962962963
2 0.798242449760437 0.624293327331543 0.0067708333333333336 0.011111111111111112
2 0.7857303619384766 0.55242919921875 0.0067708333333333336 0.011111111111111112
2 0.7736380100250244 0.48792052268981934 0.0067708333333333336 0.011111111111111112
2 0.7524932622909546 0.3740878105163574 0.007291666666666667 0.011111111111111112
2 0.7431984543800354 0.3238643407821655 0.007291666666666667 0.011111111111111112
2 0.734601616859436 0.27709242701530457 0.007291666666666667 0.011111111111111112
2 0.24920476973056793 0.36294248700141907 0.00625 0.010185185185185186
2 0.26027044653892517 0.312210351228714 0.00625 0.010185185185185186
2 0.2709425687789917 0.2654823362827301 0.00625 0.010185185185185186
2 0.6031438112258911 0.2195526361465454 0.005208333333333333 0.008333333333333333
2 0.5062375664710999 0.21669773757457733 0.005208333333333333 0.008333333333333333
2 0.40924206376075745 0.21469038724899292 0.005208333333333333 0.008333333333333333
