3 0.4816644489765167 0.568365216255188 0.019791666666666666 0.024074074074074074
4 0.46950018405914307 0.5785966515541077 0.019791666666666666 0.023148148148148147
4 0.4941807985305786 0.5797094702720642 0.019791666666666666 0.022222222222222223
3 0.45887789130210876 0.5906287431716919 0.019270833333333334 0.022222222222222223
0 0.48175564408302307 0.5912869572639465 0.016666666666666666 0.021296296296296296
3 0.5051823258399963 0.5915011167526245 0.021875 0.025925925925925925
4 0.44750627875328064 0.6035416126251221 0.022395833333333334 0.025
4 0.4711178243160248 0.6019719839096069 0.021354166666666667 0.024074074074074074
3 0.49376678466796875 0.6035376191139221 0.016666666666666666 0.024074074074074074
4 0.5177223682403564 0.6028677821159363 0.021875 0.025
3 0.4356585144996643 0.6218225955963135 0.023958333333333335 0.03796296296296296
3 0.45976200699806213 0.6216230392456055 0.023958333333333335 0.040740740740740744
4 0.48289498686790466 0.6218621730804443 0.0234375 0.03888888888888889
3 0.5060679912567139 0.6216517686843872 0.024479166666666666 0.03981481481481482
4 0.5305597186088562 0.621454119682312 0.023958333333333335 0.040740740740740744
1 0.5186430215835571 0.3252647817134857 0.019791666666666666 0.03333333333333333
2 0.628017246723175 0.7553825378417969 0.007291666666666667 0.012037037037037037
2 0.4831595718860626 0.7522441744804382 0.007291666666666667 0.012037037037037037
2 0.33967629075050354 0.7509257197380066 0.007291666666666667 0.012037037037037037
2 0.17901045083999634 0.6422632336616516 0.008333333333333333 0.012962962962962963
2 0.19242070615291595 0.5686454176902771 0.008333333333333333 0.012962962962962963
2 0.20461533963680267 0.49984678626060486 0.008333333333333333 0.012962962962962963
2 0.7919902205467224 0.6450738310813904 0.0067708333333333336 0.011111111111111112
2 0.7773245573043823 0.568076491355896 0.0067708333333333336 0.011111111111111112
2 0.7632322907447815 0.4989069700241089 0.0067708333333333336 0.011111111111111112
2 0.7385431528091431 0.3767102062702179 0.007291666666666667 0.011111111111111112
2 0.7276753187179565 0.3227396309375763 0.007291666666666667 0.011111111111111112
2 0.717610776424408 0.2724449038505554 0.007291666666666667 0.011111111111111112
2 0.2263515442609787 0.37898731231689453 0.00625 0.010185185185185186
2 0.23563671112060547 0.3260588049888611 0.00625 0.010185185185185186
2 0.24469229578971863 0.27710410952568054 0.00625 0.010185185185185186
2 0.5785237550735474 0.2156572788953781 0.005208333333333333 0.008333333333333333
2 0.47873932123184204 0.21665418148040771 0.005208333333333333 0.008333333333333333
2 0.38048604130744934 0.21853366494178772 0.005208333333333333 0.008333333333333333
