3 0.4811476767063141 0.5511763095855713 0.019791666666666666 0.024074074074074074
4 0.46905940771102905 0.5608336925506592 0.019791666666666666 0.023148148148148147
4 0.4938240051269531 0.5623717904090881 0.019791666666666666 0.022222222222222223
3 0.4585276246070862 0.5722696781158447 0.019270833333333334 0.022222222222222223
0 0.4814935028553009 0.5733312964439392 0.016666666666666666 0.021296296296296296
3 0.5049888491630554 0.5739731192588806 0.021875 0.025925925925925925
4 0.4472429156303406 0.5845548510551453 0.022395833333333334 0.025
4 0.47093600034713745 0.5834704637527466 0.021354166666666667 0.024074074074074074
3 0.4936802089214325 0.5854018926620483 0.016666666666666666 0.024074074074074074
4 0.5176931619644165 0.5851943492889404 0.021875 0.025
3 0.43552252650260925 0.6020444631576538 0.023958333333333335 0.03796296296296296
3 0.4597436189651489 0.6022884249687195 0.023958333333333335 0.040740740740740744
4 0.4829770028591156 0.6029393076896667 0.0234375 0.03888888888888889
3 0.5062288045883179 0.6031554341316223 0.024479166666666666 0.03981481481481482
4 0.5307857394218445 0.6034075021743774 0.023958333333333335 0.040740740740740744
1 0.5153142809867859 0.3185107707977295 0.019791666666666666 0.03333333333333333
2 0.6302788853645325 0.734982430934906 0.007291666666666667 0.012037037037037037
2 0.48470109701156616 0.7295893430709839 0.007291666666666667 0.012037037037037037
2 0.3398907482624054 0.7259719371795654 0.007291666666666667 0.012037037037037037
2 0.17655125260353088 0.6172632575035095 0.008333333333333333 0.012962962962962963
2 0.18982982635498047 0.5459567308425903 0.008333333333333333 0.012962962962962963
2 0.20185153186321259 0.4795614778995514 0.008333333333333333 0.012962962962962963
2 0.7922111749649048 0.6308985948562622 0.0067708333333333336 0.011111111111111112
2 0.7762348651885986 0.5564611554145813 0.0067708333333333336 0.011111111111111112
2 0.7610151171684265 0.4897724986076355 0.0067708333333333336 0.011111111111111112
2 0.7344356179237366 0.3724166452884674 0.007291666666666667 0.011111111111111112
2 0.7227741479873657 0.32076889276504517 0.007291666666666667 0.011111111111111112
2 0.711992084980011 0.2727411389350891 0.007291666666666667 0.011111111111111112
2 0.22318096458911896 0.363510400056839 0.00625 0.010185185185185186
2 0.23224443197250366 0.31291377544403076 0.00625 0.010185185185185186
2 0.2410741150379181 0.2662511467933655 0.00625 0.010185185185185186
2 0.5734506845474243 0.21558693051338196 0.005208333333333333 0.008333333333333333
2 0.47437021136283875 0.21414852142333984 0.005208333333333333 0.008333333333333333
2 0.376515656709671 0.21358230710029602 0.005208333333333333 0.008333333333333333
