3 0.8663435578346252 0.39684784412384033 0.025520833333333333 0.041666666666666664
4 0.8533992767333984 0.2837166488170624 0.025520833333333333 0.04351851851851852
3 0.8339813947677612 0.3164446949958801 0.025 0.04259259259259259
4 0.7145814895629883 0.23937669396400452 0.024479166666666666 0.04351851851851852
4 0.45174163579940796 0.45934978127479553 0.023958333333333335 0.04259259259259259
1 0.3582838177680969 0.7578527331352234 0.024479166666666666 0.041666666666666664
0 0.341220885515213 0.5564365386962891 0.023958333333333335 0.03981481481481482
3 0.24378737807273865 0.3159356415271759 0.023958333333333335 0.040740740740740744
4 0.22347798943519592 0.29910388588905334 0.024479166666666666 0.041666666666666664
3 0.12192337214946747 0.8124307990074158 0.024479166666666666 0.04259259259259259
2 0.07235119491815567 0.6645829677581787 0.007291666666666667 0.012962962962962963
2 0.07494581490755081 0.4939112365245819 0.007291666666666667 0.012962962962962963
2 0.07849598675966263 0.32354745268821716 0.007291666666666667 0.012962962962962963
2 0.19942785799503326 0.1154913380742073 0.007291666666666667 0.012962962962962963
2 0.297351211309433 0.11248164623975754 0.007291666666666667 0.012962962962962963
2 0.39493831992149353 0.10906317085027695 0.007291666666666667 0.012962962962962963
2 0.5935370326042175 0.10082150995731354 0.007291666666666667 0.012962962962962963
2 0.6943296194076538 0.09599423408508301 0.007291666666666667 0.012962962962962963
2 0.7965583801269531 0.09196901321411133 0.007291666666666667 0.012962962962962963
2 0.9256163835525513 0.30191177129745483 0.007291666666666667 0.012962962962962963
2 0.9259226322174072 0.47849929332733154 0.007291666666666667 0.012962962962962963
2 0.9267513751983643 0.6567949056625366 0.007291666666666667 0.012962962962962963
2 0.7971149682998657 0.875842273235321 0.007291666666666667 0.012962962962962963
2 0.692033052444458 0.8740624785423279 0.007291666666666667 0.012962962962962963
2 0.5897161364555359 0.874048113822937 0.007291666666666667 0.012962962962962963
2 0.3888952136039734 0.874886155128479 0.007291666666666667 0.012962962962962963
2 0.2893568277359009 0.875730574131012 0.007291666666666667 0.012962962962962963
2 0.19023369252681732 0.8765670657157898 0.007291666666666667 0.012962962962962963
