3 0.129177987575531 0.4171542525291443 0.025520833333333333 0.041666666666666664
4 0.14337323606014252 0.31260520219802856 0.025520833333333333 0.04351851851851852
3 0.160212904214859 0.34226933121681213 0.025 0.04259259259259259
4 0.27214089035987854 0.2665250301361084 0.024479166666666666 0.04351851851851852
4 0.5227136015892029 0.47078338265419006 0.023958333333333335 0.04259259259259259
1 0.6108925342559814 0.7647628784179688 0.024479166666666666 0.041666666666666664
0 0.6336634159088135 0.565868079662323 0.023958333333333335 0.03981481481481482
3 0.742843747138977 0.3244110941886902 0.023958333333333335 0.040740740740740744
4 0.7651551961898804 0.30677250027656555 0.024479166666666666 0.041666666666666664
3 0.8630030155181885 0.8286347985267639 0.024479166666666666 0.04259259259259259
2 0.922438383102417 0.6784554123878479 0.007291666666666667 0.012962962962962963
2 0.9240758419036865 0.5024633407592773 0.007291666666666667 0.012962962962962963
2 0.9246261715888977 0.32683107256889343 0.007291666666666667 0.012962962962962963
2 0.796009361743927 0.11989454925060272 0.007291666666666667 0.012962962962962963
2 0.6909446716308594 0.12296219170093536 0.007291666666666667 0.012962962962962963
2 0.5892317891120911 0.1255195438861847 0.007291666666666667 0.012962962962962963
2 0.39094269275665283 0.12927627563476562 0.007291666666666667 0.012962962962962963
2 0.29452526569366455 0.13049514591693878 0.007291666666666667 0.012962962962962963
2 0.19944463670253754 0.13250701129436493 0.007291666666666667 0.012962962962962963
2 0.07841148227453232 0.3314409554004669 0.007291666666666667 0.012962962962962963
2 0.07424163818359375 0.4926760196685791 0.007291666666666667 0.012962962962962963
2 0.06957575678825378 0.6553397178649902 0.007291666666666667 0.012962962962962963
2 0.1811518371105194 0.8606427907943726 0.007291666666666667 0.012962962962962963
2 0.2786369323730469 0.8636699914932251 0.007291666666666667 0.012962962962962963
2 0.3763013184070587 0.868344783782959 0.007291666666666667 0.012962962962962963
2 0.5764275789260864 0.8787760138511658 0.007291666666666667 0.012962962962962963
2 0.6800112128257751 0.8846034407615662 0.007291666666666667 0.012962962962962963
2 0.786234438419342 0.8905749917030334 0.007291666666666667 0.012962962962962963
