3 0.28497087955474854 0.7174975872039795 0.021910714285714287 0.03450952380952381
3 0.3777846693992615 0.7112910151481628 0.02038095238095238 0.03423809523809524
4 0.43084797263145447 0.6071332097053528 0.01817261904761905 0.029890476190476193
4 0.49183452129364014 0.6523929834365845 0.019020833333333334 0.033152380952380954
4 0.49030372500419617 0.5486854314804077 0.017663690476190475 0.028533333333333334
0 0.42866817116737366 0.6349330544471741 0.018851190476190476 0.02961904761904762
1 0.5627899765968323 0.5572052001953125 0.017663690476190475 0.028804761904761906
3 0.618019163608551 0.5398702025413513 0.017154761904761905 0.029076190476190478
3 0.6944963932037354 0.4973789155483246 0.015455357142857142 0.02554285714285714
3 0.6096839308738708 0.43155601620674133 0.014267857142857143 0.021466666666666665
3 0.7791067361831665 0.5221413373947144 0.016303571428571428 0.027447619047619047
3 0.7996862530708313 0.48437821865081787 0.01681547619047619 0.026357142857142857
2 0.8440688252449036 0.4986695945262909 0.004794642857142857 0.004323809523809524
2 0.8107842803001404 0.530951976776123 0.0051428571428571435 0.004880952380952381
2 0.7740015387535095 0.566921055316925 0.005580357142857143 0.005857142857142858
2 0.6845945715904236 0.6543940901756287 0.005666666666666666 0.006276190476190476
2 0.628684401512146 0.7089645862579346 0.006366071428571428 0.006838095238095238
2 0.5637874603271484 0.7720422744750977 0.0070625 0.008228571428571429
2 0.33451327681541443 0.7996959090232849 0.0068869047619047625 0.007395238095238095
2 0.24839717149734497 0.7512094974517822 0.006800595238095238 0.007533333333333334
2 0.1723642200231552 0.7088667750358582 0.005842261904761905 0.006976190476190476
2 0.19710467755794525 0.6020514369010925 0.005580357142857143 0.005580952380952381
2 0.270607054233551 0.5625648498535156 0.005494047619047619 0.0053
2 0.335971862077713 0.5276497602462769 0.004883928571428571 0.004047619047619047
2 0.44558265805244446 0.46914586424827576 0.004360119047619048 0.0039047619047619044
2 0.492471843957901 0.44407781958580017 0.004532738095238096 0.004880952380952381
2 0.5347325801849365 0.4211997389793396 0.0035744047619047617 0.003485714285714286
2 0.6574762463569641 0.41150644421577454 0.003922619047619047 0.0027904761904761904
2 0.7199469208717346 0.42576050758361816 0.0035744047619047617 0.0030714285714285713
2 0.7871891856193542 0.44120410084724426 0.0047083333333333335 0.0030714285714285713
