3 0.2269829511642456 0.7172451019287109 0.0168125 0.025980952380952382
3 0.3205091655254364 0.7466551065444946 0.017577380952380952 0.028123809523809527
3 0.3156999945640564 0.5965010523796082 0.015476190476190477 0.025066666666666668
3 0.2126394659280777 0.3315194845199585 0.017193452380952382 0.026595238095238095
3 0.43894726037979126 0.5715819001197815 0.017193452380952382 0.027204761904761905
1 0.4967670142650604 0.532507598400116 0.017577380952380952 0.026595238095238095
4 0.5204490423202515 0.4262941777706146 0.017577380952380952 0.02842857142857143
4 0.6343972086906433 0.46294382214546204 0.01738392857142857 0.029652380952380954
4 0.6556628346443176 0.595747709274292 0.01738392857142857 0.029652380952380954
3 0.7666963338851929 0.5614436268806458 0.01662202380952381 0.026595238095238095
3 0.8113720417022705 0.4778425991535187 0.0168125 0.02750952380952381
0 0.6673991084098816 0.5041093230247498 0.01623809523809524 0.025676190476190477
2 0.14053483307361603 0.3703288733959198 0.004654761904761905 0.0074476190476190475
2 0.14093460142612457 0.5037212371826172 0.004654761904761905 0.008019047619047618
2 0.1413358598947525 0.6369311213493347 0.005369047619047619 0.007638095238095238
2 0.2486899197101593 0.8071183562278748 0.004654761904761905 0.007061904761904762
2 0.3323020935058594 0.8076456189155579 0.005011904761904762 0.007257142857142857
2 0.41596734523773193 0.8084555864334106 0.004056547619047619 0.007638095238095238
2 0.5833244323730469 0.80989009141922 0.004175595238095238 0.007257142857142857
2 0.6680223941802979 0.8097634315490723 0.004654761904761905 0.008019047619047618
2 0.7525972723960876 0.8099184632301331 0.0044136904761904764 0.0074476190476190475
2 0.8612235188484192 0.6388707756996155 0.004654761904761905 0.0084
2 0.8612365126609802 0.5040121078491211 0.0044136904761904764 0.008971428571428571
2 0.8614904284477234 0.36934345960617065 0.004654761904761905 0.00859047619047619
2 0.7524383664131165 0.197256937623024 0.004294642857142857 0.00668095238095238
2 0.6676141023635864 0.19727690517902374 0.004892857142857143 0.008209523809523809
2 0.5828465819358826 0.19710607826709747 0.003699404761904762 0.0063
2 0.41494399309158325 0.19770261645317078 0.005607142857142857 0.00668095238095238
2 0.33104023337364197 0.19847102463245392 0.003818452380952381 0.0063
2 0.24724581837654114 0.199883833527565 0.004892857142857143 0.007638095238095238
