3 0.7674325108528137 0.7206419706344604 0.0168125 0.025980952380952382
3 0.6727060675621033 0.7477759122848511 0.017577380952380952 0.028123809523809527
3 0.6770975589752197 0.5984945893287659 0.015476190476190477 0.025066666666666668
3 0.7811434864997864 0.3339621424674988 0.017193452380952382 0.026595238095238095
3 0.5535932779312134 0.5720670223236084 0.017193452380952382 0.027204761904761905
1 0.4961845278739929 0.5328278541564941 0.017577380952380952 0.026595238095238095
4 0.4723997116088867 0.42800816893577576 0.017577380952380952 0.02842857142857143
4 0.361197829246521 0.4634137451648712 0.01738392857142857 0.029652380952380954
4 0.3412545919418335 0.592863917350769 0.01738392857142857 0.029652380952380954
3 0.23442092537879944 0.5580916404724121 0.01662202380952381 0.026595238095238095
3 0.19142550230026245 0.4767645299434662 0.0168125 0.02750952380952381
0 0.3294488191604614 0.5033735632896423 0.01623809523809524 0.025676190476190477
2 0.855402410030365 0.37301546335220337 0.004654761904761905 0.0074476190476190475
2 0.8552515506744385 0.5076101422309875 0.004654761904761905 0.008019047619047618
2 0.8550990223884583 0.6417906284332275 0.005369047619047619 0.007638095238095238
2 0.7455616593360901 0.8098531365394592 0.004654761904761905 0.007061904761904762
2 0.6610230803489685 0.8080324530601501 0.005011904761904762 0.007257142857142857
2 0.5773218274116516 0.8065086007118225 0.004056547619047619 0.007638095238095238
2 0.4125080406665802 0.8033267259597778 0.004175595238095238 0.007257142857142857
2 0.3303947150707245 0.8009130358695984 0.004654761904761905 0.008019047619047618
2 0.24925623834133148 0.7988000512123108 0.0044136904761904764 0.0074476190476190475
2 0.14523082971572876 0.6315147280693054 0.004654761904761905 0.0084
2 0.14439480006694794 0.5016511082649231 0.0044136904761904764 0.008971428571428571
2 0.14333125948905945 0.3717621862888336 0.004654761904761905 0.00859047619047619
2 0.24601730704307556 0.2043997347354889 0.004294642857142857 0.00668095238095238
2 0.3276820480823517 0.20356716215610504 0.004892857142857143 0.008209523809523809
2 0.4101552963256836 0.20253854990005493 0.003699404761904762 0.0063
2 0.5761212706565857 0.20139850676059723 0.005607142857142857 0.00668095238095238
2 0.6603828072547913 0.20128992199897766 0.003818452380952381 0.0063
2 0.7454352378845215 0.20182903110980988 0.004892857142857143 0.007638095238095238
