3 0.2280692756175995 0.7244028449058533 0.0168125 0.025980952380952382
3 0.3218241035938263 0.7530084252357483 0.017577380952380952 0.028123809523809527
3 0.31712472438812256 0.6032295227050781 0.015476190476190477 0.025066666666666668
3 0.21346136927604675 0.3375215530395508 0.017193452380952382 0.026595238095238095
3 0.4404669404029846 0.577735185623169 0.017193452380952382 0.027204761904761905
1 0.4982435405254364 0.5384956002235413 0.017577380952380952 0.026595238095238095
4 0.5221809148788452 0.4323327839374542 0.017577380952380952 0.02842857142857143
4 0.6353851556777954 0.46866145730018616 0.01738392857142857 0.029652380952380954
4 0.6558350920677185 0.6007372140884399 0.01738392857142857 0.029652380952380954
3 0.7657504081726074 0.5661538243293762 0.01662202380952381 0.026595238095238095
3 0.8103435635566711 0.4829966723918915 0.0168125 0.02750952380952381
0 0.6679104566574097 0.5095681548118591 0.01623809523809524 0.025676190476190477
2 0.14061079919338226 0.3766920566558838 0.004654761904761905 0.0074476190476190475
2 0.14120210707187653 0.5109860301017761 0.004654761904761905 0.008019047619047618
2 0.14179272949695587 0.6446568369865417 0.005369047619047619 0.007638095238095238
2 0.24986985325813293 0.8138266205787659 0.004654761904761905 0.007061904761904762
2 0.3335633873939514 0.8135935664176941 0.005011904761904762 0.007257142857142857
2 0.4170488119125366 0.8136414289474487 0.004056547619047619 0.007638095238095238
2 0.5832678079605103 0.8135529160499573 0.004175595238095238 0.007257142857142857
2 0.6670007705688477 0.8126659989356995 0.004654761904761905 0.008019047619047618
2 0.7503500580787659 0.8120608329772949 0.0044136904761904764 0.0074476190476190475
2 0.8582656383514404 0.642348051071167 0.004654761904761905 0.0084
2 0.8592617511749268 0.508814811706543 0.0044136904761904764 0.008971428571428571
2 0.8604970574378967 0.375034362077713 0.004654761904761905 0.00859047619047619
2 0.7538812756538391 0.2031998336315155 0.004294642857142857 0.00668095238095238
2 0.6696664690971375 0.20302656292915344 0.004892857142857143 0.008209523809523809
2 0.5852431654930115 0.20266123116016388 0.003699404761904762 0.0063
2 0.41723084449768066 0.20287616550922394 0.005607142857142857 0.00668095238095238
2 0.33287742733955383 0.20345863699913025 0.003818452380952381 0.0063
2 0.24837103486061096 0.2046944499015808 0.004892857142857143 0.007638095238095238
