3 0.22807078063488007 0.7253371477127075 0.0168125 0.025980952380952382
3 0.32164403796195984 0.7542784214019775 0.017577380952380952 0.028123809523809527
3 0.3173886239528656 0.6032587885856628 0.015476190476190477 0.025066666666666668
3 0.21449045836925507 0.33463844656944275 0.017193452380952382 0.026595238095238095
3 0.44052258133888245 0.5778282284736633 0.017193452380952382 0.027204761904761905
1 0.4982178211212158 0.5384299159049988 0.017577380952380952 0.026595238095238095
4 0.5224175453186035 0.43151944875717163 0.017577380952380952 0.02842857142857143
4 0.634918749332428 0.4684898555278778 0.01738392857142857 0.029652380952380954
4 0.654746949672699 0.6014670133590698 0.01738392857142857 0.029652380952380954
3 0.7639800310134888 0.5669362545013428 0.01662202380952381 0.026595238095238095
3 0.8085350394248962 0.4834548234939575 0.0168125 0.02750952380952381
0 0.6670863628387451 0.5097641348838806 0.01623809523809524 0.025676190476190477
2 0.141437366604805 0.37394416332244873 0.004654761904761905 0.0074476190476190475
2 0.14169852435588837 0.5096961259841919 0.004654761904761905 0.008019047619047618
2 0.14196036756038666 0.6447247862815857 0.005369047619047619 0.007638095238095238
2 0.24961598217487335 0.8155299425125122 0.004654761904761905 0.007061904761904762
2 0.33318206667900085 0.8153343200683594 0.005011904761904762 0.007257142857142857
2 0.4164313077926636 0.8154215812683105 0.004056547619047619 0.007638095238095238
2 0.581859827041626 0.815410315990448 0.004175595238095238 0.007257142857142857
2 0.6650363802909851 0.814558207988739 0.004654761904761905 0.008019047619047618
2 0.7477238774299622 0.8139899373054504 0.0044136904761904764 0.0074476190476190475
2 0.8553433418273926 0.6436872482299805 0.004654761904761905 0.0084
2 0.8568984866142273 0.5095492601394653 0.0044136904761904764 0.008971428571428571
2 0.8586927652359009 0.3750750720500946 0.004654761904761905 0.00859047619047619
2 0.7536605000495911 0.20165440440177917 0.004294642857142857 0.00668095238095238
2 0.6699938774108887 0.20103923976421356 0.004892857142857143 0.008209523809523809
2 0.5860109329223633 0.2002284675836563 0.003699404761904762 0.0063
2 0.41854339838027954 0.19956304132938385 0.005607142857142857 0.00668095238095238
2 0.3342970609664917 0.19970789551734924 0.003818452380952381 0.0063
2 0.24978545308113098 0.20051276683807373 0.004892857142857143 0.007638095238095238
