0 0.5705004930496216 0.5217990875244141 0.022916666666666665 0.037037037037037035
1 0.40251854062080383 0.3828077018260956 0.0203125 0.03518518518518519
2 0.3709421455860138 0.7500115633010864 0.008854166666666666 0.013888888888888888
2 0.5170193910598755 0.7515976428985596 0.008854166666666666 0.013888888888888888
2 0.6612570285797119 0.7518157362937927 0.008854166666666666 0.013888888888888888
2 0.8243259191513062 0.641896665096283 0.008854166666666666 0.014814814814814815
2 0.8097220659255981 0.5650665760040283 0.008854166666666666 0.014814814814814815
2 0.7964704036712646 0.4968803822994232 0.008854166666666666 0.014814814814814815
2 0.2060670554637909 0.6399067640304565 0.0078125 0.012962962962962963
2 0.22063279151916504 0.5625872611999512 0.0078125 0.012962962962962963
2 0.23363953828811646 0.49317723512649536 0.0078125 0.012962962962962963
2 0.2573072910308838 0.3697356879711151 0.00625 0.010185185185185186
2 0.267461359500885 0.3161095082759857 0.00625 0.010185185185185186
2 0.27735453844070435 0.26573416590690613 0.00625 0.010185185185185186
2 0.7731531858444214 0.37464016675949097 0.007291666666666667 0.011111111111111112
2 0.7633480429649353 0.32191893458366394 0.007291666666666667 0.011111111111111112
2 0.7528030276298523 0.27102622389793396 0.007291666666666667 0.011111111111111112
2 0.5159552097320557 0.21080803871154785 0.007291666666666667 0.011111111111111112
2 0.6154441833496094 0.21046237647533417 0.007291666666666667 0.011111111111111112
