0 0.5586193799972534 0.5351184010505676 0.022916666666666665 0.037037037037037035
1 0.39335113763809204 0.4048555791378021 0.0203125 0.03518518518518519
2 0.3642865717411041 0.741280198097229 0.008854166666666666 0.013888888888888888
2 0.5054602026939392 0.7459104061126709 0.008854166666666666 0.013888888888888888
2 0.6474672555923462 0.749329149723053 0.008854166666666666 0.013888888888888888
2 0.8128271102905273 0.6505043506622314 0.008854166666666666 0.014814814814814815
2 0.7990124821662903 0.5780884623527527 0.008854166666666666 0.014814814814814815
2 0.7864007353782654 0.5135344862937927 0.008854166666666666 0.014814814814814815
2 0.20685593783855438 0.6389772295951843 0.0078125 0.012962962962962963
2 0.21977868676185608 0.5692314505577087 0.0078125 0.012962962962962963
2 0.23140482604503632 0.5061291456222534 0.0078125 0.012962962962962963
2 0.2528091073036194 0.39274314045906067 0.00625 0.010185185185185186
2 0.26207390427589417 0.34301361441612244 0.00625 0.010185185185185186
2 0.2711682617664337 0.2960333228111267 0.00625 0.010185185185185186
2 0.7641115188598633 0.39713960886001587 0.007291666666666667 0.011111111111111112
2 0.754705011844635 0.3466704785823822 0.007291666666666667 0.011111111111111112
2 0.7444865703582764 0.2978033423423767 0.007291666666666667 0.011111111111111112
2 0.5051196217536926 0.24216997623443604 0.007291666666666667 0.011111111111111112
2 0.6050501465797424 0.24079276621341705 0.007291666666666667 0.011111111111111112
