3 0.8248118162155151 0.6235809326171875 0.015104166666666667 0.024074074074074074
3 0.7330253720283508 0.6691149473190308 0.014583333333333334 0.022222222222222223
4 0.7117975354194641 0.490114688873291 0.015625 0.025
4 0.6609286069869995 0.5572019219398499 0.016145833333333335 0.025
4 0.6754447221755981 0.4626411199569702 0.015625 0.025
4 0.5943507552146912 0.5954868197441101 0.015625 0.025925925925925925
4 0.5923100113868713 0.5383861660957336 0.014583333333333334 0.025925925925925925
4 0.536006510257721 0.7569992542266846 0.015625 0.025925925925925925
3 0.5332257747650146 0.39473262429237366 0.015104166666666667 0.025
4 0.42571505904197693 0.3222164213657379 0.014583333333333334 0.025
0 0.3548695147037506 0.3385706841945648 0.015104166666666667 0.024074074074074074
3 0.28686973452568054 0.37554284930229187 0.016145833333333335 0.025
3 0.2927388548851013 0.28255900740623474 0.015625 0.024074074074074074
1 0.21043553948402405 0.7143169641494751 0.016666666666666666 0.025925925925925925
3 0.18240800499916077 0.4348936378955841 0.015625 0.024074074074074074
3 0.18664894998073578 0.3148893415927887 0.016145833333333335 0.024074074074074074
2 0.14053039252758026 0.6379523873329163 0.0078125 0.012037037037037037
2 0.13877391815185547 0.5034877061843872 0.0078125 0.012037037037037037
2 0.13805317878723145 0.3702440559864044 0.0078125 0.012037037037037037
2 0.8590494990348816 0.6391271948814392 0.007291666666666667 0.011111111111111112
2 0.8602866530418396 0.5053970813751221 0.007291666666666667 0.011111111111111112
2 0.860753059387207 0.3705995976924896 0.007291666666666667 0.011111111111111112
2 0.24826206266880035 0.8088367581367493 0.007291666666666667 0.011111111111111112
2 0.3326968550682068 0.8102489113807678 0.007291666666666667 0.011111111111111112
2 0.41657397150993347 0.8107480406761169 0.007291666666666667 0.011111111111111112
2 0.5842082500457764 0.8108339309692383 0.0078125 0.012037037037037037
2 0.6677087545394897 0.809965193271637 0.0078125 0.012037037037037037
2 0.7511709332466125 0.8086411356925964 0.0078125 0.012037037037037037
2 0.24606050550937653 0.19672450423240662 0.00625 0.010185185185185186
2 0.33097389340400696 0.19645686447620392 0.00625 0.010185185185185186
2 0.4161056578159332 0.19664840400218964 0.00625 0.010185185185185186
2 0.5849543213844299 0.19611181318759918 0.0067708333333333336 0.011111111111111112
2 0.6694461703300476 0.198134645819664 0.0067708333333333336 0.011111111111111112
2 0.7546733617782593 0.19786816835403442 0.0067708333333333336 0.011111111111111112
