3 0.8161525726318359 0.6266613006591797 0.015104166666666667 0.024074074074074074
3 0.7276588678359985 0.6707923412322998 0.014583333333333334 0.022222222222222223
4 0.7092049717903137 0.4980510473251343 0.015625 0.025
4 0.6593446135520935 0.5631228685379028 0.016145833333333335 0.025
4 0.6743207573890686 0.471331924200058 0.015625 0.025
4 0.5945037007331848 0.6003574132919312 0.015625 0.025925925925925925
4 0.5929648876190186 0.5449775457382202 0.014583333333333334 0.025925925925925925
4 0.5367726683616638 0.7565421462059021 0.015625 0.025925925925925925
3 0.5363134741783142 0.4046803116798401 0.015104166666666667 0.025
4 0.43087780475616455 0.3328036367893219 0.014583333333333334 0.025
0 0.360676646232605 0.34860163927078247 0.015104166666666667 0.024074074074074074
3 0.29306280612945557 0.38489100337028503 0.016145833333333335 0.025
3 0.2988795340061188 0.2926529347896576 0.015625 0.024074074074074074
1 0.21762700378894806 0.7176303863525391 0.016666666666666666 0.025925925925925925
3 0.18889418244361877 0.4433329105377197 0.015625 0.024074074074074074
3 0.19275090098381042 0.3241630494594574 0.016145833333333335 0.024074074074074074
2 0.14783510565757751 0.6434096693992615 0.0078125 0.012037037037037037
2 0.14547476172447205 0.5111157298088074 0.0078125 0.012037037037037037
2 0.14414359629154205 0.379036009311676 0.0078125 0.012037037037037037
2 0.8486127257347107 0.6414324045181274 0.007291666666666667 0.011111111111111112
2 0.8517507910728455 0.512842059135437 0.007291666666666667 0.011111111111111112
2 0.854187548160553 0.38228628039360046 0.007291666666666667 0.011111111111111112
2 0.2552189528942108 0.8090795874595642 0.007291666666666667 0.011111111111111112
2 0.3382757008075714 0.8096286058425903 0.007291666666666667 0.011111111111111112
2 0.42033976316452026 0.8093010783195496 0.007291666666666667 0.011111111111111112
2 0.5830489993095398 0.8077790141105652 0.0078125 0.012037037037037037
2 0.6634642481803894 0.8061563372612 0.0078125 0.012037037037037037
2 0.7434303760528564 0.8041088581085205 0.0078125 0.012037037037037037
2 0.25209200382232666 0.2066093534231186 0.00625 0.010185185185185186
2 0.3370547294616699 0.20716463029384613 0.00625 0.010185185185185186
2 0.42176851630210876 0.20817606151103973 0.00625 0.010185185185185186
2 0.5884233117103577 0.20925836265087128 0.0067708333333333336 0.011111111111111112
2 0.6711202263832092 0.21205799281597137 0.0067708333333333336 0.011111111111111112
2 0.75410395860672 0.21259506046772003 0.0067708333333333336 0.011111111111111112
