3 0.683262050151825 0.29773417115211487 0.01875 0.030555555555555555
3 0.6503859162330627 0.2381538599729538 0.01875 0.030555555555555555
3 0.5592512488365173 0.23496922850608826 0.018229166666666668 0.030555555555555555
3 0.6085032224655151 0.2949036955833435 0.01875 0.03148148148148148
0 0.6423158645629883 0.3359511196613312 0.019791666666666666 0.032407407407407406
4 0.661525309085846 0.3820774257183075 0.0203125 0.03425925925925926
3 0.6050328016281128 0.45937567949295044 0.021354166666666667 0.03611111111111111
4 0.5473586320877075 0.5753103494644165 0.023958333333333335 0.03981481481481482
4 0.5207279324531555 0.6076469421386719 0.024479166666666666 0.03981481481481482
4 0.47517138719558716 0.5056782364845276 0.022395833333333334 0.03888888888888889
4 0.45504558086395264 0.562465488910675 0.0234375 0.03888888888888889
4 0.4220147728919983 0.5072363615036011 0.021875 0.03796296296296296
1 0.3449527323246002 0.24909156560897827 0.018229166666666668 0.03148148148148148
4 0.27873775362968445 0.4610992670059204 0.021875 0.03518518518518519
3 0.3398815393447876 0.6282234191894531 0.024479166666666666 0.040740740740740744
3 0.3791274130344391 0.7135164141654968 0.025 0.025925925925925925
2 0.36121267080307007 0.746305525302887 0.008854166666666666 0.014814814814814815
2 0.5060127973556519 0.748176634311676 0.008854166666666666 0.014814814814814815
2 0.6517423987388611 0.7477712035179138 0.008854166666666666 0.014814814814814815
2 0.817181408405304 0.6380467414855957 0.0067708333333333336 0.011111111111111112
2 0.8020893335342407 0.5603423118591309 0.0067708333333333336 0.011111111111111112
2 0.7888529896736145 0.4899817705154419 0.0067708333333333336 0.011111111111111112
2 0.19718818366527557 0.6354938745498657 0.008333333333333333 0.012962962962962963
2 0.21145261824131012 0.5592368841171265 0.008333333333333333 0.012962962962962963
2 0.22443197667598724 0.4893933832645416 0.008333333333333333 0.012962962962962963
2 0.24859501421451569 0.36797380447387695 0.0067708333333333336 0.011111111111111112
2 0.25875213742256165 0.3127598464488983 0.0067708333333333336 0.011111111111111112
2 0.2681463062763214 0.2643609941005707 0.0067708333333333336 0.011111111111111112
2 0.7658596038818359 0.3689471185207367 0.00625 0.010185185185185186
2 0.7553073763847351 0.3146189749240875 0.00625 0.010185185185185186
2 0.7458130717277527 0.26485469937324524 0.00625 0.010185185185185186
2 0.40710461139678955 0.20452062785625458 0.007291666666666667 0.012037037037037037
2 0.5065622329711914 0.20448710024356842 0.007291666666666667 0.012037037037037037
2 0.6066170930862427 0.20625917613506317 0.007291666666666667 0.012037037037037037
