3 0.6871232390403748 0.3082079589366913 0.01875 0.030555555555555555
3 0.6548441052436829 0.2512126564979553 0.01875 0.030555555555555555
3 0.5651075839996338 0.24840085208415985 0.018229166666666668 0.030555555555555555
3 0.6134986877441406 0.30566713213920593 0.01875 0.03148148148148148
0 0.6467193961143494 0.3448857069015503 0.019791666666666666 0.032407407407407406
4 0.6655493378639221 0.388988733291626 0.0203125 0.03425925925925926
3 0.609822690486908 0.46298596262931824 0.021354166666666667 0.03611111111111111
4 0.552971601486206 0.5737406611442566 0.023958333333333335 0.03981481481481482
4 0.5267823934555054 0.6045981645584106 0.024479166666666666 0.03981481481481482
4 0.4821615517139435 0.5073556303977966 0.022395833333333334 0.03888888888888889
4 0.4623621106147766 0.5615487694740295 0.0234375 0.03888888888888889
4 0.4299934506416321 0.5088965892791748 0.021875 0.03796296296296296
1 0.3544778823852539 0.2624688148498535 0.018229166666666668 0.03148148148148148
4 0.2895473837852478 0.46505364775657654 0.021875 0.03518518518518519
3 0.3494362533092499 0.6242727637290955 0.024479166666666666 0.040740740740740744
3 0.3878518044948578 0.7054685950279236 0.025 0.025925925925925925
2 0.37029796838760376 0.7366604804992676 0.008854166666666666 0.014814814814814815
2 0.5121903419494629 0.7384977340698242 0.008854166666666666 0.014814814814814815
2 0.6552504897117615 0.7381694316864014 0.008854166666666666 0.014814814814814815
2 0.818266749382019 0.6335083246231079 0.0067708333333333336 0.011111111111111112
2 0.8036040663719177 0.5592787861824036 0.0067708333333333336 0.011111111111111112
2 0.7907420992851257 0.492022305727005 0.0067708333333333336 0.011111111111111112
2 0.20980559289455414 0.6312337517738342 0.008333333333333333 0.012962962962962963
2 0.22371400892734528 0.5586428642272949 0.008333333333333333 0.012962962962962963
2 0.23638126254081726 0.492093563079834 0.008333333333333333 0.012962962962962963
2 0.25999680161476135 0.37625330686569214 0.0067708333333333336 0.011111111111111112
2 0.2699340581893921 0.3235166370868683 0.0067708333333333336 0.011111111111111112
2 0.27913177013397217 0.2772568166255951 0.0067708333333333336 0.011111111111111112
2 0.7683779001235962 0.37623363733291626 0.00625 0.010185185185185186
2 0.7581037878990173 0.3242221176624298 0.00625 0.010185185185185186
2 0.7488577961921692 0.276558518409729 0.00625 0.010185185185185186
2 0.4155263900756836 0.2196635752916336 0.007291666666666667 0.012037037037037037
2 0.5133017897605896 0.21935245394706726 0.007291666666666667 0.012037037037037037
2 0.6117828488349915 0.2207694947719574 0.007291666666666667 0.012037037037037037
