3 0.3099398910999298 0.31255146861076355 0.01875 0.030555555555555555
3 0.3418702483177185 0.25411656498908997 0.01875 0.030555555555555555
3 0.4324178695678711 0.2508739233016968 0.018229166666666668 0.030555555555555555
3 0.38413435220718384 0.3097422122955322 0.01875 0.03148148148148148
0 0.3510199785232544 0.35001739859580994 0.019791666666666666 0.032407407407407406
4 0.3324843645095825 0.39524972438812256 0.0203125 0.03425925925925926
3 0.3895091414451599 0.47117409110069275 0.021354166666666667 0.03611111111111111
4 0.4482749402523041 0.5852213501930237 0.023958333333333335 0.03981481481481482
4 0.4751988649368286 0.6171151399612427 0.024479166666666666 0.03981481481481482
4 0.5194334387779236 0.516965925693512 0.022395833333333334 0.03888888888888889
4 0.5402088165283203 0.5729047060012817 0.0234375 0.03888888888888889
4 0.5725535154342651 0.5186350345611572 0.021875 0.03796296296296296
1 0.6465410590171814 0.26449769735336304 0.018229166666666668 0.03148148148148148
4 0.7155245542526245 0.47348806262016296 0.021875 0.03518518518518519
3 0.656237006187439 0.6381291747093201 0.024479166666666666 0.040740740740740744
3 0.6179551482200623 0.7220315933227539 0.025 0.025925925925925925
2 0.6362971067428589 0.7544648051261902 0.008854166666666666 0.014814814814814815
2 0.4915447533130646 0.7554388642311096 0.008854166666666666 0.014814814814814815
2 0.346449077129364 0.7541676759719849 0.008854166666666666 0.014814814814814815
2 0.18123136460781097 0.6457065343856812 0.0067708333333333336 0.011111111111111112
2 0.19527098536491394 0.5696672201156616 0.0067708333333333336 0.011111111111111112
2 0.2075611799955368 0.5008010864257812 0.0067708333333333336 0.011111111111111112
2 0.799652636051178 0.6459298729896545 0.008333333333333333 0.012962962962962963
2 0.7843514084815979 0.5705357193946838 0.008333333333333333 0.012962962962962963
2 0.7704318165779114 0.5015263557434082 0.008333333333333333 0.012962962962962963
2 0.7446468472480774 0.3816549777984619 0.0067708333333333336 0.011111111111111112
2 0.7337649464607239 0.32718825340270996 0.0067708333333333336 0.011111111111111112
2 0.7237378358840942 0.27946606278419495 0.0067708333333333336 0.011111111111111112
2 0.2289293259382248 0.38231173157691956 0.00625 0.010185185185185186
2 0.2387516051530838 0.32911527156829834 0.00625 0.010185185185185186
2 0.2475801408290863 0.28038161993026733 0.00625 0.010185185185185186
2 0.5838140249252319 0.2207154482603073 0.007291666666666667 0.012037037037037037
2 0.4845362901687622 0.22085756063461304 0.007291666666666667 0.012037037037037037
2 0.3849721848964691 0.22277158498764038 0.007291666666666667 0.012037037037037037
