4 0.29112422466278076 0.3469727039337158 0.019270833333333334 0.03333333333333333
4 0.2734730541706085 0.42235055565834045 0.020833333333333332 0.03333333333333333
4 0.34303417801856995 0.6247645020484924 0.023958333333333335 0.03981481481481482
3 0.3773690462112427 0.654346227645874 0.025 0.03888888888888889
4 0.4261901080608368 0.671380877494812 0.024479166666666666 0.04259259259259259
1 0.5121861696243286 0.553213894367218 0.022916666666666665 0.03888888888888889
4 0.5177748203277588 0.42058226466178894 0.020833333333333332 0.03611111111111111
4 0.5597992539405823 0.513069212436676 0.0234375 0.03796296296296296
0 0.5904510617256165 0.5768014192581177 0.0234375 0.037037037037037035
3 0.5974330902099609 0.7081546187400818 0.025 0.027777777777777776
4 0.603460967540741 0.41373714804649353 0.021354166666666667 0.03518518518518519
2 0.6339933276176453 0.7397376894950867 0.008854166666666666 0.013888888888888888
2 0.4896549582481384 0.7415451407432556 0.008854166666666666 0.013888888888888888
2 0.34602832794189453 0.7442302107810974 0.008854166666666666 0.013888888888888888
2 0.1847461760044098 0.6402945518493652 0.007291666666666667 0.012037037037037037
2 0.19921067357063293 0.5651858448982239 0.007291666666666667 0.012037037037037037
2 0.21188443899154663 0.4985591769218445 0.007291666666666667 0.012037037037037037
2 0.796944797039032 0.6283991932868958 0.008333333333333333 0.012962962962962963
2 0.781446099281311 0.5534185171127319 0.008333333333333333 0.012962962962962963
2 0.7675499320030212 0.48524394631385803 0.008333333333333333 0.012962962962962963
2 0.7429876923561096 0.36695942282676697 0.005729166666666666 0.009259259259259259
2 0.7320423126220703 0.314139187335968 0.005729166666666666 0.009259259259259259
2 0.7226594090461731 0.2653442323207855 0.005729166666666666 0.009259259259259259
2 0.2336551696062088 0.379641056060791 0.00625 0.010185185185185186
2 0.2437611222267151 0.3268629014492035 0.00625 0.010185185185185186
2 0.2536015212535858 0.27807754278182983 0.00625 0.010185185185185186
2 0.5851542353630066 0.21278168261051178 0.00625 0.010185185185185186
2 0.48710647225379944 0.214457705616951 0.00625 0.010185185185185186
2 0.3886348605155945 0.21702012419700623 0.00625 0.010185185185185186
