3 0.5306747555732727 0.6050788760185242 0.019791666666666666 0.024074074074074074
3 0.5095155835151672 0.5839289426803589 0.019791666666666666 0.024074074074074074
4 0.520232617855072 0.5940764546394348 0.0203125 0.024074074074074074
4 0.4981648027896881 0.5949148535728455 0.020833333333333332 0.022222222222222223
0 0.5088810324668884 0.605488121509552 0.020833333333333332 0.023148148148148147
3 0.4858272671699524 0.6054900288581848 0.0203125 0.024074074074074074
4 0.5428202748298645 0.6168966889381409 0.021875 0.025
3 0.5205838084220886 0.6156003475189209 0.019270833333333334 0.021296296296296296
3 0.49701690673828125 0.6177725195884705 0.0203125 0.025925925925925925
4 0.47292381525039673 0.619956910610199 0.0203125 0.02962962962962963
3 0.5543670654296875 0.6334376335144043 0.0234375 0.03888888888888889
4 0.5321143865585327 0.634303629398346 0.023958333333333335 0.03981481481481482
4 0.5083558559417725 0.6347694993019104 0.025 0.03981481481481482
3 0.4855421483516693 0.6360778212547302 0.022395833333333334 0.040740740740740744
4 0.46173566579818726 0.6356837749481201 0.023958333333333335 0.040740740740740744
1 0.4780087471008301 0.2650225758552551 0.019270833333333334 0.03148148148148148
2 0.3655562996864319 0.7603263854980469 0.0078125 0.012962962962962963
2 0.5063782930374146 0.7587870955467224 0.0078125 0.012962962962962963
2 0.6443836688995361 0.7560209631919861 0.0078125 0.012962962962962963
2 0.8032485246658325 0.6507312059402466 0.0078125 0.012962962962962963
2 0.7923449873924255 0.5783631205558777 0.0078125 0.012962962962962963
2 0.781753659248352 0.5112826824188232 0.0078125 0.012962962962962963
2 0.20743586122989655 0.6584515571594238 0.007291666666666667 0.011111111111111112
2 0.22262291610240936 0.5856631994247437 0.007291666666666667 0.011111111111111112
2 0.23702259361743927 0.5183796286582947 0.007291666666666667 0.011111111111111112
2 0.2616645395755768 0.4005031883716583 0.00625 0.010185185185185186
2 0.27291935682296753 0.3486458659172058 0.00625 0.010185185185185186
2 0.2826370894908905 0.2997940182685852 0.00625 0.010185185185185186
2 0.7634143233299255 0.3966374397277832 0.007291666666666667 0.011111111111111112
2 0.7547928690910339 0.34531283378601074 0.007291666666666667 0.011111111111111112
2 0.7465592622756958 0.29730910062789917 0.007291666666666667 0.011111111111111112
2 0.42024391889572144 0.24229419231414795 0.00625 0.010185185185185186
2 0.5171502828598022 0.24191391468048096 0.00625 0.010185185185185186
2 0.6132932901382446 0.2406644970178604 0.00625 0.010185185185185186
