3 0.5013734102249146 0.2685716152191162 0.01875 0.030555555555555555
3 0.6599979400634766 0.2943858504295349 0.01875 0.02962962962962963
1 0.5380667448043823 0.4476344585418701 0.020833333333333332 0.03518518518518519
3 0.3559233248233795 0.4498444199562073 0.021354166666666667 0.03611111111111111
4 0.4022570252418518 0.5696297883987427 0.022916666666666665 0.03796296296296296
0 0.4898903965950012 0.6050071120262146 0.0234375 0.03888888888888889
3 0.548885703086853 0.644422173500061 0.023958333333333335 0.03888888888888889
3 0.6423502564430237 0.6779736280441284 0.025 0.03981481481481482
3 0.6979586482048035 0.5922039747238159 0.023958333333333335 0.03796296296296296
2 0.6300386190414429 0.7545064091682434 0.007291666666666667 0.012037037037037037
2 0.490657240152359 0.7498083114624023 0.007291666666666667 0.012037037037037037
2 0.3514249920845032 0.7472794651985168 0.007291666666666667 0.012037037037037037
2 0.19118811190128326 0.6392552256584167 0.0078125 0.012962962962962963
2 0.2043754607439041 0.5658515691757202 0.0078125 0.012962962962962963
2 0.2150275558233261 0.50141841173172 0.0078125 0.012962962962962963
2 0.7870877981185913 0.6521815061569214 0.007291666666666667 0.011111111111111112
2 0.7710958123207092 0.5781479477882385 0.007291666666666667 0.011111111111111112
2 0.7570009827613831 0.5124768018722534 0.007291666666666667 0.011111111111111112
2 0.732288122177124 0.3939357399940491 0.00625 0.010185185185185186
2 0.7206947207450867 0.3423337936401367 0.00625 0.010185185185185186
2 0.7106512784957886 0.29383307695388794 0.00625 0.010185185185185186
2 0.23436228930950165 0.3858332633972168 0.0067708333333333336 0.011111111111111112
2 0.24351221323013306 0.33340343832969666 0.0067708333333333336 0.011111111111111112
2 0.25176456570625305 0.285689115524292 0.0067708333333333336 0.011111111111111112
2 0.5754683613777161 0.23601016402244568 0.00625 0.010185185185185186
2 0.47928470373153687 0.23297598958015442 0.00625 0.010185185185185186
2 0.3829265534877777 0.23167051374912262 0.00625 0.010185185185185186
