3 0.5288967490196228 0.25268223881721497 0.01875 0.030555555555555555
3 0.6902605891227722 0.27695563435554504 0.01875 0.02962962962962963
1 0.5640800595283508 0.4316909909248352 0.020833333333333332 0.03518518518518519
3 0.37457650899887085 0.4377118945121765 0.021354166666666667 0.03611111111111111
4 0.4213094711303711 0.5582335591316223 0.022916666666666665 0.03796296296296296
0 0.5120932459831238 0.5914149284362793 0.0234375 0.03888888888888889
3 0.5724279880523682 0.6292588114738464 0.023958333333333335 0.03888888888888889
3 0.6675220131874084 0.659716010093689 0.025 0.03981481481481482
3 0.7248565554618835 0.5722184181213379 0.023958333333333335 0.03796296296296296
2 0.6540045142173767 0.7369611263275146 0.007291666666666667 0.012037037037037037
2 0.5107405185699463 0.7379565834999084 0.007291666666666667 0.012037037037037037
2 0.3648796081542969 0.7411850690841675 0.007291666666666667 0.012037037037037037
2 0.19553641974925995 0.6363270878791809 0.0078125 0.012962962962962963
2 0.2111387848854065 0.5602222681045532 0.0078125 0.012962962962962963
2 0.22379614412784576 0.49366533756256104 0.0078125 0.012962962962962963
2 0.8134568333625793 0.6290193796157837 0.007291666666666667 0.011111111111111112
2 0.7983394265174866 0.5561282634735107 0.007291666666666667 0.011111111111111112
2 0.7850149273872375 0.49144265055656433 0.007291666666666667 0.011111111111111112
2 0.7616807818412781 0.3746097981929779 0.00625 0.010185185185185186
2 0.7506825923919678 0.32374218106269836 0.00625 0.010185185185185186
2 0.7411966919898987 0.2759069502353668 0.00625 0.010185185185185186
2 0.24664878845214844 0.3747670352458954 0.0067708333333333336 0.011111111111111112
2 0.257379412651062 0.3210412263870239 0.0067708333333333336 0.011111111111111112
2 0.2670421004295349 0.2722650170326233 0.0067708333333333336 0.011111111111111112
2 0.6052929162979126 0.2196161150932312 0.00625 0.010185185185185186
2 0.5066348314285278 0.21717031300067902 0.00625 0.010185185185185186
2 0.4064847230911255 0.21643796563148499 0.00625 0.010185185185185186
