1 0.347868412733078 0.5955597758293152 0.019791666666666666 0.032407407407407406
4 0.3583405315876007 0.7063727378845215 0.022916666666666665 0.03796296296296296
3 0.4106488525867462 0.6573339104652405 0.021875 0.03611111111111111
0 0.42175477743148804 0.6188642978668213 0.020833333333333332 0.03333333333333333
4 0.41008394956588745 0.5794198513031006 0.01875 0.03148148148148148
3 0.4303372800350189 0.7047067284584045 0.0234375 0.03796296296296296
3 0.5146896839141846 0.5118157863616943 0.016666666666666666 0.027777777777777776
3 0.5805754065513611 0.6740744113922119 0.022395833333333334 0.037037037037037035
3 0.8041358590126038 0.4581547975540161 0.015625 0.025925925925925925
3 0.901839554309845 0.5035483837127686 0.0171875 0.027777777777777776
2 0.309036523103714 0.7435417175292969 0.008333333333333333 0.012962962962962963
2 0.2318972945213318 0.6937553882598877 0.008333333333333333 0.012962962962962963
2 0.1631111204624176 0.6504775881767273 0.008333333333333333 0.012962962962962963
2 0.21187667548656464 0.5589998364448547 0.005208333333333333 0.008333333333333333
2 0.2965936064720154 0.5300912261009216 0.005208333333333333 0.008333333333333333
2 0.37245094776153564 0.5034511089324951 0.005208333333333333 0.008333333333333333
2 0.5579627752304077 0.7383996844291687 0.008854166666666666 0.013888888888888888
2 0.6444368958473206 0.6874168515205383 0.008854166666666666 0.013888888888888888
2 0.7186092138290405 0.6427297592163086 0.008854166666666666 0.013888888888888888
2 0.8416512608528137 0.5689866542816162 0.0067708333333333336 0.011111111111111112
2 0.8931810259819031 0.538553774356842 0.0067708333333333336 0.011111111111111112
2 0.9397954344749451 0.5103450417518616 0.0067708333333333336 0.011111111111111112
2 0.8902458548545837 0.45350128412246704 0.005208333333333333 0.008333333333333333
2 0.817642092704773 0.43497130274772644 0.005208333333333333 0.008333333333333333
2 0.7506560683250427 0.4186244606971741 0.005208333333333333 0.008333333333333333
2 0.6124471426010132 0.4192914664745331 0.005208333333333333 0.008333333333333333
2 0.5602681636810303 0.43831977248191833 0.005208333333333333 0.008333333333333333
2 0.503331184387207 0.4577997028827667 0.005208333333333333 0.008333333333333333
