1 0.30867302417755127 0.35521894693374634 0.0203125 0.03333333333333333
3 0.3987714648246765 0.6334764957427979 0.024479166666666666 0.03981481481481482
3 0.529520571231842 0.46727070212364197 0.021875 0.03611111111111111
3 0.43314310908317566 0.26261457800865173 0.01875 0.030555555555555555
3 0.5303544998168945 0.31711825728416443 0.019791666666666666 0.032407407407407406
3 0.7028922438621521 0.33973369002342224 0.0203125 0.032407407407407406
3 0.6687368154525757 0.5097835063934326 0.022395833333333334 0.03611111111111111
3 0.6771478056907654 0.5460070967674255 0.0234375 0.03611111111111111
0 0.7203475832939148 0.5287068486213684 0.0234375 0.037037037037037035
2 0.6483427882194519 0.7291015386581421 0.008854166666666666 0.014814814814814815
2 0.506496250629425 0.7328388094902039 0.008854166666666666 0.014814814814814815
2 0.3622533082962036 0.7370966672897339 0.008854166666666666 0.014814814814814815
2 0.19615554809570312 0.6292683482170105 0.008333333333333333 0.012962962962962963
2 0.2116566300392151 0.5528692007064819 0.008333333333333333 0.012962962962962963
2 0.22615954279899597 0.48248985409736633 0.008333333333333333 0.012962962962962963
2 0.8035748600959778 0.6186281442642212 0.007291666666666667 0.012037037037037037
2 0.7892882823944092 0.5456594228744507 0.007291666666666667 0.012037037037037037
2 0.7765390276908875 0.47816768288612366 0.007291666666666667 0.012037037037037037
2 0.7534523606300354 0.36238768696784973 0.0078125 0.012962962962962963
2 0.7428460717201233 0.3126830458641052 0.0078125 0.012962962962962963
2 0.7344352602958679 0.2639908790588379 0.0078125 0.012962962962962963
2 0.2506714463233948 0.361945778131485 0.00625 0.010185185185185186
2 0.261785626411438 0.31020665168762207 0.00625 0.010185185185185186
2 0.2717837691307068 0.2605099678039551 0.00625 0.010185185185185186
2 0.6027430295944214 0.20824864506721497 0.005729166666666666 0.009259259259259259
2 0.5067912936210632 0.20790308713912964 0.005729166666666666 0.009259259259259259
2 0.4092802107334137 0.20538115501403809 0.005729166666666666 0.009259259259259259
