4 0.18598340451717377 0.5112698674201965 0.025520833333333333 0.04259259259259259
3 0.3050631284713745 0.5412574410438538 0.024479166666666666 0.04259259259259259
4 0.412482887506485 0.5239633917808533 0.024479166666666666 0.04259259259259259
3 0.5019947290420532 0.638305127620697 0.023958333333333335 0.04259259259259259
0 0.6152421236038208 0.7049875259399414 0.0234375 0.040740740740740744
3 0.6351662874221802 0.6586464643478394 0.025 0.041666666666666664
4 0.5802373290061951 0.36868488788604736 0.024479166666666666 0.04259259259259259
1 0.7376454472541809 0.5289510488510132 0.024479166666666666 0.041666666666666664
4 0.754690945148468 0.42606619000434875 0.025520833333333333 0.04351851851851852
4 0.769378125667572 0.30156463384628296 0.025 0.04259259259259259
2 0.931141197681427 0.6711557507514954 0.007291666666666667 0.012962962962962963
2 0.9270890951156616 0.49722373485565186 0.007291666666666667 0.012962962962962963
2 0.923577606678009 0.3264216482639313 0.007291666666666667 0.012962962962962963
2 0.800501823425293 0.11620407551527023 0.007291666666666667 0.012962962962962963
2 0.7020358443260193 0.115634024143219 0.007291666666666667 0.012962962962962963
2 0.6029203534126282 0.11462727189064026 0.007291666666666667 0.012962962962962963
2 0.4024697542190552 0.11127849668264389 0.007291666666666667 0.012962962962962963
2 0.3001004457473755 0.10935715585947037 0.007291666666666667 0.012962962962962963
2 0.1962762176990509 0.10829678922891617 0.007291666666666667 0.012962962962962963
2 0.06682077795267105 0.32573145627975464 0.007291666666666667 0.012962962962962963
2 0.0682642012834549 0.505529522895813 0.007291666666666667 0.012962962962962963
2 0.06840337067842484 0.6868748068809509 0.007291666666666667 0.012962962962962963
2 0.20055224001407623 0.9050555229187012 0.007291666666666667 0.012962962962962963
2 0.30646273493766785 0.9028149247169495 0.007291666666666667 0.012962962962962963
2 0.4093110263347626 0.8988816142082214 0.007291666666666667 0.012962962962962963
2 0.6124799251556396 0.8946317434310913 0.007291666666666667 0.012962962962962963
2 0.7127968668937683 0.892094612121582 0.007291666666666667 0.012962962962962963
2 0.8127104640007019 0.8904368877410889 0.007291666666666667 0.012962962962962963
