4 0.17166227102279663 0.5109038949012756 0.025520833333333333 0.04259259259259259
3 0.29169732332229614 0.5432155132293701 0.024479166666666666 0.04259259259259259
4 0.4010731279850006 0.5271632671356201 0.024479166666666666 0.04259259259259259
3 0.4906657338142395 0.6454801559448242 0.023958333333333335 0.04259259259259259
0 0.6054546236991882 0.7156915068626404 0.0234375 0.040740740740740744
3 0.6266968846321106 0.6686504483222961 0.025 0.041666666666666664
4 0.5751854181289673 0.36991453170776367 0.024479166666666666 0.04259259259259259
1 0.7346293926239014 0.5371561050415039 0.024479166666666666 0.041666666666666664
4 0.7542322874069214 0.4312482178211212 0.025520833333333333 0.04351851851851852
4 0.7718807458877563 0.30251315236091614 0.025 0.04259259259259259
2 0.9323997497558594 0.6869214177131653 0.007291666666666667 0.012962962962962963
2 0.9319658875465393 0.5072059631347656 0.007291666666666667 0.012962962962962963
2 0.9320268034934998 0.3299092948436737 0.007291666666666667 0.012962962962962963
2 0.807942271232605 0.10990943014621735 0.007291666666666667 0.012962962962962963
2 0.7055123448371887 0.10877157002687454 0.007291666666666667 0.012962962962962963
2 0.602874219417572 0.10718157887458801 0.007291666666666667 0.012962962962962963
2 0.3967120349407196 0.10262991487979889 0.007291666666666667 0.012962962962962963
2 0.2921387255191803 0.10010319948196411 0.007291666666666667 0.012962962962962963
2 0.18655452132225037 0.09846685826778412 0.007291666666666667 0.012962962962962963
2 0.05353463441133499 0.32034188508987427 0.007291666666666667 0.012962962962962963
2 0.053304292261600494 0.5033859610557556 0.007291666666666667 0.012962962962962963
2 0.0517553947865963 0.6870813965797424 0.007291666666666667 0.012962962962962963
2 0.18197783827781677 0.9099372029304504 0.007291666666666667 0.012962962962962963
2 0.2885536253452301 0.9101353287696838 0.007291666666666667 0.012962962962962963
2 0.39256101846694946 0.9085499048233032 0.007291666666666667 0.012962962962962963
2 0.5994027853012085 0.9089754223823547 0.007291666666666667 0.012962962962962963
2 0.7022469639778137 0.9087398648262024 0.007291666666666667 0.012962962962962963
2 0.80512934923172 0.9093919992446899 0.007291666666666667 0.012962962962962963
