0 0.6750630736351013 0.3418438732624054 0.02054761904761905 0.03403809523809524
4 0.49459773302078247 0.701345682144165 0.02707440476190476 0.045252380952380954
1 0.37162309885025024 0.7239304184913635 0.02755654761904762 0.03519523809523809
2 0.6410332322120667 0.7579271197319031 0.00800297619047619 0.00660952380952381
2 0.496207058429718 0.7594221234321594 0.006839285714285714 0.007228571428571429
2 0.3519726097583771 0.7610114812850952 0.006583333333333333 0.007228571428571429
2 0.18642432987689972 0.6531980633735657 0.006711309523809524 0.0063999999999999994
2 0.19981050491333008 0.5763235688209534 0.006839285714285714 0.00660952380952381
2 0.2120487093925476 0.506686806678772 0.007098214285714286 0.0068142857142857146
2 0.2337939292192459 0.38450005650520325 0.0061964285714285715 0.007228571428571429
2 0.24341800808906555 0.3305520713329315 0.006065476190476191 0.005371428571428571
2 0.25249597430229187 0.27992600202560425 0.005032738095238095 0.006195238095238095
2 0.39084911346435547 0.21973545849323273 0.004904761904761905 0.00599047619047619
2 0.4907587468624115 0.21875996887683868 0.0059375 0.00599047619047619
2 0.590426504611969 0.21788851916790009 0.0061964285714285715 0.005780952380952381
2 0.7290869355201721 0.27499744296073914 0.005550595238095237 0.005780952380952381
2 0.7396162748336792 0.3254270553588867 0.006583333333333333 0.004747619047619048
2 0.7502815127372742 0.37886884808540344 0.005291666666666667 0.004957142857142857
2 0.7746506333351135 0.5005285143852234 0.004904761904761905 0.005161904761904762
2 0.7883554100990295 0.5695390105247498 0.006583333333333333 0.005576190476190477
2 0.8034175038337708 0.6458709239959717 0.006583333333333333 0.007019047619047619
