0 0.6829879283905029 0.3426600396633148 0.02054761904761905 0.03403809523809524
4 0.497527539730072 0.7005937695503235 0.02707440476190476 0.045252380952380954
1 0.3730914294719696 0.7223618030548096 0.02755654761904762 0.03519523809523809
2 0.6442553997039795 0.7582178711891174 0.00800297619047619 0.00660952380952381
2 0.4985100030899048 0.7587780952453613 0.006839285714285714 0.007228571428571429
2 0.3527999222278595 0.7594388127326965 0.006583333333333333 0.007228571428571429
2 0.18608057498931885 0.6499271988868713 0.006711309523809524 0.0063999999999999994
2 0.20053666830062866 0.5727277994155884 0.006839285714285714 0.00660952380952381
2 0.21374140679836273 0.5028219819068909 0.007098214285714286 0.0068142857142857146
2 0.2371758669614792 0.3802223205566406 0.0061964285714285715 0.007228571428571429
2 0.24754181504249573 0.32611528038978577 0.006065476190476191 0.005371428571428571
2 0.25731411576271057 0.2753533720970154 0.005032738095238095 0.006195238095238095
2 0.39809995889663696 0.21676701307296753 0.004904761904761905 0.00599047619047619
2 0.4989755153656006 0.21715596318244934 0.0059375 0.00599047619047619
2 0.5993390679359436 0.21764466166496277 0.0061964285714285715 0.005780952380952381
2 0.7378859519958496 0.2765578627586365 0.005550595238095237 0.005780952380952381
2 0.7478800415992737 0.32704153656959534 0.006583333333333333 0.004747619047619048
2 0.7579743266105652 0.3805198669433594 0.005291666666666667 0.004957142857142857
2 0.7810333371162415 0.50220787525177 0.004904761904761905 0.005161904761904762
2 0.7939884066581726 0.5711988806724548 0.006583333333333333 0.005576190476190477
2 0.8082157969474792 0.6474798917770386 0.006583333333333333 0.007019047619047619
