0 0.6827972531318665 0.33661866188049316 0.02054761904761905 0.03403809523809524
4 0.4997774660587311 0.7006469368934631 0.02707440476190476 0.045252380952380954
1 0.37568992376327515 0.723835825920105 0.02755654761904762 0.03519523809523809
2 0.6466204524040222 0.7577441334724426 0.00800297619047619 0.00660952380952381
2 0.5010674595832825 0.7596220970153809 0.006839285714285714 0.007228571428571429
2 0.35561609268188477 0.761600911617279 0.006583333333333333 0.007228571428571429
2 0.18882744014263153 0.6521563529968262 0.006711309523809524 0.0063999999999999994
2 0.20292459428310394 0.5738743543624878 0.006839285714285714 0.00660952380952381
2 0.2157968431711197 0.5030263662338257 0.007098214285714286 0.0068142857142857146
2 0.23863089084625244 0.37886157631874084 0.0061964285714285715 0.007228571428571429
2 0.24872495234012604 0.32409989833831787 0.006065476190476191 0.005371428571428571
2 0.25823843479156494 0.2727436125278473 0.005032738095238095 0.006195238095238095
2 0.39817190170288086 0.21222373843193054 0.004904761904761905 0.00599047619047619
2 0.49865812063217163 0.21162541210651398 0.0059375 0.00599047619047619
2 0.598666787147522 0.21113264560699463 0.0061964285714285715 0.005780952380952381
2 0.7371410727500916 0.2692822813987732 0.005550595238095237 0.005780952380952381
2 0.7474262714385986 0.3202047049999237 0.006583333333333333 0.004747619047619048
2 0.7578351497650146 0.3741769790649414 0.005291666666666667 0.004957142857142857
2 0.781627893447876 0.4970818758010864 0.004904761904761905 0.005161904761904762
2 0.7950103282928467 0.566821813583374 0.006583333333333333 0.005576190476190477
2 0.8097196817398071 0.6439805030822754 0.006583333333333333 0.007019047619047619
