2 0.41999465227127075 0.19815117120742798 0.00394047619047619 0.0064428571428571425
2 0.33585262298583984 0.19796283543109894 0.0040267857142857145 0.006023809523809524
2 0.25166797637939453 0.1981198638677597 0.003851190476190476 0.006023809523809524
2 0.14381688833236694 0.3691818416118622 0.003675595238095238 0.006304761904761905
2 0.1442590206861496 0.5028576254844666 0.0040267857142857145 0.006304761904761905
2 0.1446603536605835 0.6366929411888123 0.00394047619047619 0.006023809523809524
2 0.25318342447280884 0.8069301247596741 0.003675595238095238 0.005880952380952381
2 0.33699315786361694 0.8073678016662598 0.003675595238095238 0.006023809523809524
2 0.4209824204444885 0.8078006505966187 0.003675595238095238 0.0064428571428571425
2 0.5879353880882263 0.808191180229187 0.0035 0.006023809523809524
2 0.6715025305747986 0.8082107901573181 0.003675595238095238 0.0064428571428571425
2 0.7550303936004639 0.8078888058662415 0.0037648809523809523 0.005880952380952381
2 0.8620173335075378 0.6383978724479675 0.0035892857142857146 0.0064428571428571425
2 0.8622559905052185 0.5052609443664551 0.0037648809523809523 0.0064428571428571425
2 0.8622775673866272 0.3720873296260834 0.003675595238095238 0.007142857142857143
2 0.7554343938827515 0.20040440559387207 0.0040267857142857145 0.0064428571428571425
2 0.6718384027481079 0.19960397481918335 0.003851190476190476 0.006161904761904762
2 0.587773323059082 0.19907577335834503 0.0035892857142857146 0.006723809523809523
0 0.349348783493042 0.726594865322113 0.013889880952380952 0.02261904761904762
4 0.7956775426864624 0.5033109784126282 0.016616071428571428 0.024604761904761907
1 0.8228315711021423 0.38799917697906494 0.01636904761904762 0.025395238095238096
