4 0.7297212481498718 0.4049701690673828 0.0203125 0.032407407407407406
4 0.6964693665504456 0.3261472284793854 0.019791666666666666 0.032407407407407406
3 0.6047269105911255 0.2727523744106293 0.01875 0.03148148148148148
3 0.507373034954071 0.3260606825351715 0.019791666666666666 0.032407407407407406
1 0.39636698365211487 0.32277488708496094 0.019270833333333334 0.032407407407407406
3 0.327938973903656 0.3448111414909363 0.019791666666666666 0.030555555555555555
4 0.36942437291145325 0.3726189136505127 0.0203125 0.03425925925925926
4 0.5665143728256226 0.49369919300079346 0.022395833333333334 0.037037037037037035
3 0.506551206111908 0.4777834415435791 0.021354166666666667 0.037037037037037035
3 0.36332765221595764 0.5205522179603577 0.022916666666666665 0.03796296296296296
0 0.30946099758148193 0.5379379987716675 0.0234375 0.03518518518518519
3 0.3541480302810669 0.5564852356910706 0.0234375 0.03611111111111111
4 0.4868404269218445 0.5944307446479797 0.022916666666666665 0.037037037037037035
3 0.6284647583961487 0.6356494426727295 0.024479166666666666 0.03981481481481482
4 0.3494562804698944 0.6987466216087341 0.025 0.037037037037037035
2 0.3833896815776825 0.7343548536300659 0.008854166666666666 0.014814814814814815
2 0.5225245952606201 0.7323982119560242 0.008854166666666666 0.014814814814814815
2 0.6610369086265564 0.7300150990486145 0.008854166666666666 0.014814814814814815
2 0.8159936666488647 0.6277082562446594 0.008854166666666666 0.013888888888888888
2 0.8052207231521606 0.5561878085136414 0.008854166666666666 0.013888888888888888
2 0.7942368984222412 0.4896834194660187 0.008854166666666666 0.013888888888888888
2 0.2209267020225525 0.6309512853622437 0.008854166666666666 0.013888888888888888
2 0.2356441169977188 0.556018054485321 0.008854166666666666 0.013888888888888888
2 0.25037717819213867 0.48879948258399963 0.008854166666666666 0.013888888888888888
2 0.27393877506256104 0.3698033094406128 0.0078125 0.012962962962962963
2 0.28560522198677063 0.3158784806728363 0.0078125 0.012962962962962963
2 0.2949380576610565 0.2671798765659332 0.0078125 0.012962962962962963
2 0.7766282558441162 0.37512215971946716 0.007291666666666667 0.012037037037037037
2 0.7677194476127625 0.3238227367401123 0.007291666666666667 0.012037037037037037
2 0.7603369951248169 0.27747535705566406 0.007291666666666667 0.012037037037037037
2 0.43462473154067993 0.21215815842151642 0.00625 0.010185185185185186
2 0.5332245230674744 0.21480868756771088 0.00625 0.010185185185185186
2 0.6296902894973755 0.21609017252922058 0.00625 0.010185185185185186
