4 0.29569071531295776 0.4095788598060608 0.0203125 0.032407407407407406
4 0.33289191126823425 0.3282730281352997 0.019791666666666666 0.032407407407407406
3 0.4292244613170624 0.2733651399612427 0.01875 0.03148148148148148
3 0.527002215385437 0.3260132968425751 0.019791666666666666 0.032407407407407406
1 0.6377072930335999 0.3215221166610718 0.019270833333333334 0.032407407407407406
3 0.7044751048088074 0.34248417615890503 0.019791666666666666 0.030555555555555555
4 0.6635223627090454 0.37054741382598877 0.0203125 0.03425925925925926
4 0.4633632004261017 0.4966142475605011 0.022395833333333334 0.037037037037037035
3 0.5248748064041138 0.47879502177238464 0.021354166666666667 0.037037037037037035
3 0.6675041317939758 0.5178833603858948 0.022916666666666665 0.03796296296296296
0 0.7202405333518982 0.5336385369300842 0.0234375 0.03518518518518519
3 0.6760863065719604 0.5536526441574097 0.0234375 0.03611111111111111
4 0.5426238179206848 0.5967975854873657 0.022916666666666665 0.037037037037037035
3 0.39580199122428894 0.6450023055076599 0.024479166666666666 0.03981481481481482
4 0.6788398623466492 0.6971484422683716 0.025 0.037037037037037035
2 0.6445260643959045 0.7350974082946777 0.008854166666666666 0.014814814814814815
2 0.5034339427947998 0.7403057217597961 0.008854166666666666 0.014814814814814815
2 0.3590909242630005 0.745177149772644 0.008854166666666666 0.014814814814814815
2 0.19622962176799774 0.6448801755905151 0.008854166666666666 0.013888888888888888
2 0.21030978858470917 0.5690147280693054 0.008854166666666666 0.013888888888888888
2 0.22433783113956451 0.49899592995643616 0.008854166666666666 0.013888888888888888
2 0.8053773045539856 0.6233348846435547 0.008854166666666666 0.013888888888888888
2 0.7917929291725159 0.54929518699646 0.008854166666666666 0.013888888888888888
2 0.7781654596328735 0.48311424255371094 0.008854166666666666 0.013888888888888888
2 0.756557047367096 0.36632248759269714 0.0078125 0.012962962962962963
2 0.7458450794219971 0.3135945200920105 0.0078125 0.012962962962962963
2 0.7373508214950562 0.2660622000694275 0.0078125 0.012962962962962963
2 0.2468518614768982 0.3796689510345459 0.007291666666666667 0.012037037037037037
2 0.25792452692985535 0.3267258107662201 0.007291666666666667 0.012037037037037037
2 0.2671671509742737 0.2791711688041687 0.007291666666666667 0.012037037037037037
2 0.6016430258750916 0.21250465512275696 0.00625 0.010185185185185186
2 0.5031583905220032 0.21516293287277222 0.00625 0.010185185185185186
2 0.4049743711948395 0.21649686992168427 0.00625 0.010185185185185186
