4 0.2881593108177185 0.4081017076969147 0.0203125 0.032407407407407406
4 0.32578831911087036 0.32480376958847046 0.019791666666666666 0.032407407407407406
3 0.42418116331100464 0.2702629566192627 0.01875 0.03148148148148148
3 0.524507462978363 0.327118843793869 0.019791666666666666 0.032407407407407406
1 0.6375795006752014 0.3251267075538635 0.019270833333333334 0.032407407407407406
3 0.7057763338088989 0.348375529050827 0.019791666666666666 0.030555555555555555
4 0.6641172766685486 0.3763866424560547 0.0203125 0.03425925925925926
4 0.460313618183136 0.5019299387931824 0.022395833333333334 0.037037037037037035
3 0.5230735540390015 0.48493221402168274 0.021354166666666667 0.037037037037037035
3 0.6687506437301636 0.5284728407859802 0.022916666666666665 0.03796296296296296
0 0.7225230932235718 0.5458848476409912 0.0234375 0.03518518518518519
3 0.6776317358016968 0.5655182003974915 0.0234375 0.03611111111111111
4 0.5417566895484924 0.60703045129776 0.022916666666666665 0.037037037037037035
3 0.39207008481025696 0.653527557849884 0.024479166666666666 0.03981481481481482
4 0.6809812188148499 0.7132437229156494 0.025 0.037037037037037035
2 0.6462071537971497 0.7515352368354797 0.008854166666666666 0.014814814814814815
2 0.5024744868278503 0.7539576292037964 0.008854166666666666 0.014814814814814815
2 0.35513272881507874 0.7559701800346375 0.008854166666666666 0.014814814814814815
2 0.1877802461385727 0.6490941643714905 0.008854166666666666 0.013888888888888888
2 0.20168310403823853 0.571038544178009 0.008854166666666666 0.013888888888888888
2 0.21558386087417603 0.4989664852619171 0.008854166666666666 0.013888888888888888
2 0.8094114065170288 0.6400550007820129 0.008854166666666666 0.013888888888888888
2 0.7953802943229675 0.5635954141616821 0.008854166666666666 0.013888888888888888
2 0.7813134789466858 0.4951415956020355 0.008854166666666666 0.013888888888888888
2 0.7589384913444519 0.37421736121177673 0.0078125 0.012962962962962963
2 0.7478485107421875 0.31952711939811707 0.0078125 0.012962962962962963
2 0.7390281558036804 0.2702142298221588 0.0078125 0.012962962962962963
2 0.23786774277687073 0.37598705291748047 0.007291666666666667 0.012037037037037037
2 0.24887587130069733 0.3213999569416046 0.007291666666666667 0.012037037037037037
2 0.25804683566093445 0.27232638001441956 0.007291666666666667 0.012037037037037037
2 0.600284218788147 0.21148093044757843 0.00625 0.010185185185185186
2 0.4995708763599396 0.2117910236120224 0.00625 0.010185185185185186
2 0.39901721477508545 0.21073606610298157 0.00625 0.010185185185185186
