3 0.2940848171710968 0.5123574733734131 0.022916666666666665 0.037037037037037035
3 0.4884054958820343 0.3723970949649811 0.019791666666666666 0.032407407407407406
4 0.49293965101242065 0.3437593877315521 0.019270833333333334 0.032407407407407406
3 0.5217291712760925 0.26203086972236633 0.01875 0.030555555555555555
1 0.5743389129638672 0.29658451676368713 0.019270833333333334 0.03148148148148148
3 0.5977216362953186 0.27761775255203247 0.01875 0.03148148148148148
3 0.5303316712379456 0.37913522124290466 0.019791666666666666 0.032407407407407406
3 0.5426522493362427 0.4512096345424652 0.021875 0.03518518518518519
4 0.5582205653190613 0.5720875263214111 0.0234375 0.03888888888888889
0 0.6536726355552673 0.5184277892112732 0.022395833333333334 0.037037037037037035
3 0.7204028964042664 0.46480223536491394 0.021875 0.03518518518518519
2 0.6479648351669312 0.7528080940246582 0.0078125 0.012962962962962963
2 0.5019447207450867 0.7512636184692383 0.0078125 0.012962962962962963
2 0.35802969336509705 0.7502005696296692 0.0078125 0.012962962962962963
2 0.8131191730499268 0.6435350179672241 0.007291666666666667 0.012037037037037037
2 0.7973273396492004 0.5661057233810425 0.007291666666666667 0.012037037037037037
2 0.7836353778839111 0.49558332562446594 0.007291666666666667 0.012037037037037037
2 0.19341036677360535 0.6400479674339294 0.008333333333333333 0.012962962962962963
2 0.20718765258789062 0.5631335377693176 0.008333333333333333 0.012962962962962963
2 0.2187003493309021 0.4943296015262604 0.008333333333333333 0.012962962962962963
2 0.7591720819473267 0.37336650490760803 0.0067708333333333336 0.011111111111111112
2 0.7489061951637268 0.31846845149993896 0.0067708333333333336 0.011111111111111112
2 0.7389162182807922 0.26815372705459595 0.0067708333333333336 0.011111111111111112
2 0.24178022146224976 0.3702658712863922 0.00625 0.010185185185185186
2 0.2515687346458435 0.3177187144756317 0.00625 0.010185185185185186
2 0.2605980634689331 0.2665131092071533 0.00625 0.010185185185185186
2 0.598274827003479 0.20833441615104675 0.005729166666666666 0.009259259259259259
2 0.49842092394828796 0.20860180258750916 0.005729166666666666 0.009259259259259259
2 0.39857640862464905 0.20886680483818054 0.005729166666666666 0.009259259259259259
