4 0.1506911665201187 0.5929211974143982 0.022395833333333334 0.03796296296296296
3 0.1858617216348648 0.5488126277923584 0.021875 0.03518518518518519
4 0.3120531141757965 0.5530450940132141 0.021875 0.03518518518518519
4 0.3862268328666687 0.6253460049629211 0.023958333333333335 0.03888888888888889
0 0.4259136915206909 0.5036958456039429 0.0203125 0.03425925925925926
4 0.6363770961761475 0.34101688861846924 0.016145833333333335 0.026851851851851852
3 0.6508108973503113 0.3051565885543823 0.015104166666666667 0.025
3 0.7655002474784851 0.334547758102417 0.016145833333333335 0.026851851851851852
4 0.6133084893226624 0.5417391657829285 0.021354166666666667 0.03425925925925926
3 0.6548596620559692 0.5776735544204712 0.022395833333333334 0.03611111111111111
3 0.6574769616127014 0.5361310243606567 0.021354166666666667 0.03611111111111111
4 0.6939526200294495 0.5388368368148804 0.020833333333333332 0.037037037037037035
4 0.6975749731063843 0.5205340385437012 0.0203125 0.025
3 0.7214978337287903 0.5074294805526733 0.020833333333333332 0.03425925925925926
3 0.7724891304969788 0.46471595764160156 0.019270833333333334 0.03148148148148148
1 0.910736083984375 0.3731447458267212 0.017708333333333333 0.026851851851851852
2 0.30624035000801086 0.7636461853981018 0.008333333333333333 0.012962962962962963
2 0.2071652114391327 0.7048847675323486 0.008333333333333333 0.012962962962962963
2 0.12041117250919342 0.6528274416923523 0.008333333333333333 0.012962962962962963
2 0.573116660118103 0.7349796891212463 0.007291666666666667 0.012037037037037037
2 0.6524531245231628 0.6593073606491089 0.007291666666666667 0.012037037037037037
2 0.7211137413978577 0.5941407084465027 0.007291666666666667 0.012037037037037037
2 0.9214996695518494 0.4022744297981262 0.005729166666666666 0.009259259259259259
2 0.8788778781890869 0.4417538642883301 0.005729166666666666 0.009259259259259259
2 0.8324203491210938 0.487191379070282 0.005729166666666666 0.009259259259259259
2 0.15062345564365387 0.5242739915847778 0.0067708333333333336 0.011111111111111112
2 0.23713690042495728 0.477138876914978 0.0067708333333333336 0.011111111111111112
2 0.31406453251838684 0.43416863679885864 0.0067708333333333336 0.011111111111111112
2 0.4451623260974884 0.36207669973373413 0.004166666666666667 0.007407407407407408
2 0.5018443465232849 0.3311224579811096 0.004166666666666667 0.007407407407407408
2 0.5542170405387878 0.302486389875412 0.004166666666666667 0.007407407407407408
2 0.8569515943527222 0.3286260664463043 0.005729166666666666 0.009259259259259259
2 0.7763565182685852 0.3087731599807739 0.005729166666666666 0.009259259259259259
2 0.7020042538642883 0.2906743586063385 0.005729166666666666 0.009259259259259259
