4 0.8406518697738647 0.5896596312522888 0.022395833333333334 0.03796296296296296
3 0.8050356507301331 0.5460876226425171 0.021875 0.03518518518518519
4 0.6788776516914368 0.5521514415740967 0.021875 0.03518518518518519
4 0.6056007146835327 0.6250038743019104 0.023958333333333335 0.03888888888888889
0 0.5654957294464111 0.5048596262931824 0.0203125 0.03425925925925926
4 0.35740259289741516 0.34781330823898315 0.016145833333333335 0.026851851851851852
3 0.34306421875953674 0.31276988983154297 0.015104166666666667 0.025
3 0.23156586289405823 0.3440634310245514 0.016145833333333335 0.026851851851851852
4 0.3812636435031891 0.5453326106071472 0.021354166666666667 0.03425925925925926
3 0.34085914492607117 0.5813379287719727 0.022395833333333334 0.03611111111111111
3 0.3380360007286072 0.540451169013977 0.021354166666666667 0.03611111111111111
4 0.30246680974960327 0.5436493754386902 0.020833333333333332 0.037037037037037035
4 0.2988191843032837 0.5256932377815247 0.0203125 0.025
3 0.2754405438899994 0.5131689310073853 0.020833333333333332 0.03425925925925926
3 0.225620299577713 0.4720170795917511 0.019270833333333334 0.03148148148148148
1 0.09142734110355377 0.38474521040916443 0.017708333333333333 0.026851851851851852
2 0.6860188245773315 0.7616252303123474 0.008333333333333333 0.012962962962962963
2 0.7846671938896179 0.7021501660346985 0.008333333333333333 0.012962962962962963
2 0.8715136647224426 0.6491844058036804 0.008333333333333333 0.012962962962962963
2 0.4219021797180176 0.7355554103851318 0.007291666666666667 0.012037037037037037
2 0.3437342047691345 0.6617293953895569 0.007291666666666667 0.012037037037037037
2 0.27637138962745667 0.5984238386154175 0.007291666666666667 0.012037037037037037
2 0.08125678449869156 0.41343116760253906 0.005729166666666666 0.009259259259259259
2 0.12256358563899994 0.45130106806755066 0.005729166666666666 0.009259259259259259
2 0.16771697998046875 0.4950407147407532 0.005729166666666666 0.009259259259259259
2 0.8402807712554932 0.5210387110710144 0.0067708333333333336 0.011111111111111112
2 0.7531926035881042 0.47537532448768616 0.0067708333333333336 0.011111111111111112
2 0.6761122345924377 0.4339105188846588 0.0067708333333333336 0.011111111111111112
2 0.5455466508865356 0.3647964894771576 0.004166666666666667 0.007407407407407408
2 0.48940032720565796 0.3352885842323303 0.004166666666666667 0.007407407407407408
2 0.43768438696861267 0.3080744743347168 0.004166666666666667 0.007407407407407408
2 0.14299409091472626 0.34011173248291016 0.005729166666666666 0.009259259259259259
2 0.22086605429649353 0.3189772665500641 0.005729166666666666 0.009259259259259259
2 0.2930270731449127 0.29960596561431885 0.005729166666666666 0.009259259259259259
