4 0.8369720578193665 0.5903210043907166 0.022395833333333334 0.03796296296296296
3 0.8026769757270813 0.5475884079933167 0.021875 0.03518518518518519
4 0.6784350872039795 0.5478987097740173 0.021875 0.03518518518518519
4 0.6050001382827759 0.613911509513855 0.023958333333333335 0.03888888888888889
0 0.5670607089996338 0.49805065989494324 0.0203125 0.03425925925925926
4 0.3624033033847809 0.3389438986778259 0.016145833333333335 0.026851851851851852
3 0.34858351945877075 0.30479896068573 0.015104166666666667 0.025
3 0.23655487596988678 0.329404354095459 0.016145833333333335 0.026851851851851852
4 0.3833998143672943 0.5284937024116516 0.021354166666666667 0.03425925925925926
3 0.34257596731185913 0.5610836744308472 0.022395833333333334 0.03611111111111111
3 0.3403359055519104 0.5219442844390869 0.021354166666666667 0.03611111111111111
4 0.30474841594696045 0.5234374403953552 0.020833333333333332 0.037037037037037035
4 0.30135399103164673 0.5061281323432922 0.0203125 0.025
3 0.27814018726348877 0.4931274950504303 0.020833333333333332 0.03425925925925926
3 0.22880373895168304 0.4515499174594879 0.019270833333333334 0.03148148148148148
1 0.09510411322116852 0.36176279187202454 0.017708333333333333 0.026851851851851852
2 0.6823926568031311 0.7467692494392395 0.008333333333333333 0.012962962962962963
2 0.780346691608429 0.6943997740745544 0.008333333333333333 0.012962962962962963
2 0.8663218021392822 0.6478668451309204 0.008333333333333333 0.012962962962962963
2 0.42116886377334595 0.7114619612693787 0.007291666666666667 0.012037037037037037
2 0.3443077504634857 0.6378980278968811 0.007291666666666667 0.012037037037037037
2 0.27787381410598755 0.5746195316314697 0.007291666666666667 0.012037037037037037
2 0.08445771783590317 0.3888055086135864 0.005729166666666666 0.009259259259259259
2 0.12554925680160522 0.42702457308769226 0.005729166666666666 0.009259259259259259
2 0.17035715281963348 0.47097402811050415 0.005729166666666666 0.009259259259259259
2 0.837636411190033 0.5254148244857788 0.0067708333333333336 0.011111111111111112
2 0.7527760863304138 0.47837039828300476 0.0067708333333333336 0.011111111111111112
2 0.6774479150772095 0.4356065094470978 0.0067708333333333336 0.011111111111111112
2 0.5493270754814148 0.36394962668418884 0.004166666666666667 0.007407407407407408
2 0.49403202533721924 0.3332279324531555 0.004166666666666667 0.007407407407407408
2 0.44299548864364624 0.30483898520469666 0.004166666666666667 0.007407407407407408
2 0.14764566719532013 0.3214056193828583 0.005729166666666666 0.009259259259259259
2 0.22617343068122864 0.3048843443393707 0.005729166666666666 0.009259259259259259
2 0.29874640703201294 0.2898191213607788 0.005729166666666666 0.009259259259259259
