4 0.15020306408405304 0.5862312316894531 0.022395833333333334 0.03796296296296296
3 0.18662694096565247 0.5426124930381775 0.021875 0.03518518518518519
4 0.31523576378822327 0.5500875115394592 0.021875 0.03518518518518519
4 0.38989728689193726 0.624098002910614 0.023958333333333335 0.03888888888888889
0 0.42991816997528076 0.5039076805114746 0.0203125 0.03425925925925926
4 0.6377508044242859 0.35025373101234436 0.016145833333333335 0.026851851851851852
3 0.6517486572265625 0.31576231122016907 0.015104166666666667 0.025
3 0.7628772854804993 0.3484715521335602 0.016145833333333335 0.026851851851851852
4 0.615517795085907 0.5464537143707275 0.021354166666666667 0.03425925925925926
3 0.6562750339508057 0.5828220248222351 0.022395833333333334 0.03611111111111111
3 0.6587418913841248 0.5420497059822083 0.021354166666666667 0.03611111111111111
4 0.6943038702011108 0.5456219911575317 0.020833333333333332 0.037037037037037035
4 0.697776198387146 0.5277748107910156 0.0203125 0.025
3 0.7209665179252625 0.5155732035636902 0.020833333333333332 0.03425925925925926
3 0.7701162695884705 0.475277304649353 0.019270833333333334 0.03148148148148148
1 0.9019037485122681 0.39071884751319885 0.017708333333333333 0.026851851851851852
2 0.3086163103580475 0.7614321112632751 0.008333333333333333 0.012962962962962963
2 0.20765787363052368 0.7005477547645569 0.008333333333333333 0.012962962962962963
2 0.11854686588048935 0.6461937427520752 0.008333333333333333 0.012962962962962963
2 0.5761716961860657 0.7367077469825745 0.007291666666666667 0.012037037037037037
2 0.6540955901145935 0.6631848216056824 0.007291666666666667 0.012037037037037037
2 0.7208694815635681 0.6004998683929443 0.007291666666666667 0.012037037037037037
2 0.9122939705848694 0.41916894912719727 0.005729166666666666 0.009259259259259259
2 0.8719949722290039 0.4560478627681732 0.005729166666666666 0.009259259259259259
2 0.8278236985206604 0.49881884455680847 0.005729166666666666 0.009259259259259259
2 0.150552436709404 0.5169547200202942 0.0067708333333333336 0.011111111111111112
2 0.2394276261329651 0.4720400869846344 0.0067708333333333336 0.011111111111111112
2 0.3176676332950592 0.43144774436950684 0.0067708333333333336 0.011111111111111112
2 0.44930922985076904 0.3642714321613312 0.004166666666666667 0.007407407407407408
2 0.5055782794952393 0.3357697129249573 0.004166666666666667 0.007407407407407408
2 0.5572270154953003 0.30957382917404175 0.004166666666666667 0.007407407407407408
2 0.850481390953064 0.3459292948246002 0.005729166666666666 0.009259259259259259
2 0.773220419883728 0.32385674118995667 0.005729166666666666 0.009259259259259259
2 0.7014222741127014 0.30355504155158997 0.005729166666666666 0.009259259259259259
