3 0.2918981611728668 0.374581903219223 0.0203125 0.02962962962962963
4 0.28935033082962036 0.39910319447517395 0.020833333333333332 0.03333333333333333
3 0.4899425804615021 0.3700401186943054 0.0203125 0.032407407407407406
4 0.49484196305274963 0.3419772684574127 0.019791666666666666 0.032407407407407406
3 0.5313271880149841 0.37737149000167847 0.019791666666666666 0.03333333333333333
3 0.5983995199203491 0.27484461665153503 0.019270833333333334 0.030555555555555555
4 0.6345837712287903 0.2845003008842468 0.01875 0.03148148148148148
1 0.5965230464935303 0.42760536074638367 0.021875 0.03518518518518519
3 0.543027937412262 0.447849839925766 0.021875 0.03425925925925926
3 0.2955509126186371 0.5115137696266174 0.022395833333333334 0.037037037037037035
4 0.5575645565986633 0.5680674910545349 0.0234375 0.03888888888888889
0 0.6512004733085632 0.5127002000808716 0.022916666666666665 0.03518518518518519
3 0.7164598107337952 0.4605732858181 0.021354166666666667 0.03611111111111111
2 0.6445627212524414 0.7437824010848999 0.010416666666666666 0.016666666666666666
2 0.5019320249557495 0.7453910708427429 0.010416666666666666 0.016666666666666666
2 0.358760267496109 0.7479049563407898 0.010416666666666666 0.016666666666666666
2 0.19514445960521698 0.6382595896720886 0.0078125 0.012037037037037037
2 0.20832735300064087 0.5636353492736816 0.0078125 0.012037037037037037
2 0.22128430008888245 0.49387112259864807 0.0078125 0.012037037037037037
2 0.8049049377441406 0.6346983313560486 0.0078125 0.012037037037037037
2 0.7909137606620789 0.559202253818512 0.0078125 0.012037037037037037
2 0.7775939702987671 0.48977282643318176 0.0078125 0.012037037037037037
2 0.7557581663131714 0.3702024221420288 0.00625 0.009259259259259259
2 0.7455289363861084 0.3151833117008209 0.00625 0.009259259259259259
2 0.736504316329956 0.2659321427345276 0.00625 0.009259259259259259
2 0.2436855286359787 0.37038230895996094 0.00625 0.010185185185185186
2 0.2538914978504181 0.31670406460762024 0.00625 0.010185185185185186
2 0.2630864381790161 0.26751795411109924 0.00625 0.010185185185185186
2 0.5999370813369751 0.20774313807487488 0.005729166666666666 0.009259259259259259
2 0.5012896060943604 0.2072022259235382 0.005729166666666666 0.009259259259259259
2 0.4014941453933716 0.20619934797286987 0.005729166666666666 0.009259259259259259
