4 0.7884625792503357 0.46399638056755066 0.016145833333333335 0.025
4 0.7173389792442322 0.6452553272247314 0.015104166666666667 0.025925925925925925
4 0.6508519649505615 0.5781682133674622 0.015104166666666667 0.025
3 0.5828615427017212 0.3075660169124603 0.014583333333333334 0.023148148148148147
1 0.5759495496749878 0.4256301522254944 0.015625 0.025
0 0.5885273218154907 0.6761098504066467 0.015104166666666667 0.024074074074074074
3 0.5233866572380066 0.749773383140564 0.0140625 0.024074074074074074
3 0.5117097496986389 0.5409277081489563 0.015104166666666667 0.024074074074074074
4 0.43912965059280396 0.28226205706596375 0.0140625 0.023148148148148147
3 0.40684571862220764 0.28194472193717957 0.015625 0.025925925925925925
4 0.40902259945869446 0.4665253162384033 0.015104166666666667 0.025925925925925925
3 0.3990231156349182 0.5048335194587708 0.014583333333333334 0.023148148148148147
3 0.40997061133384705 0.5517001748085022 0.015104166666666667 0.024074074074074074
4 0.3570016920566559 0.5097577571868896 0.015625 0.025
4 0.2709534764289856 0.6762570738792419 0.016145833333333335 0.025
3 0.254247784614563 0.6332917809486389 0.015625 0.024074074074074074
2 0.14940445125102997 0.6406148076057434 0.007291666666666667 0.012037037037037037
2 0.1488679051399231 0.5140438079833984 0.007291666666666667 0.012037037037037037
2 0.14857497811317444 0.38792315125465393 0.007291666666666667 0.012037037037037037
2 0.8396421074867249 0.6529860496520996 0.007291666666666667 0.011111111111111112
2 0.8395524621009827 0.5251646041870117 0.007291666666666667 0.011111111111111112
2 0.8392079472541809 0.39647945761680603 0.007291666666666667 0.011111111111111112
2 0.25172004103660583 0.8019452691078186 0.00625 0.010185185185185186
2 0.3322008550167084 0.8048308491706848 0.00625 0.010185185185185186
2 0.4115825593471527 0.8068279027938843 0.00625 0.010185185185185186
2 0.5717067122459412 0.810856282711029 0.007291666666666667 0.012037037037037037
2 0.653455913066864 0.8129129409790039 0.007291666666666667 0.012037037037037037
2 0.7345871329307556 0.8136445879936218 0.007291666666666667 0.012037037037037037
2 0.2488909661769867 0.22705288231372833 0.00625 0.010185185185185186
2 0.32982391119003296 0.22685934603214264 0.00625 0.010185185185185186
2 0.40991082787513733 0.22665473818778992 0.00625 0.010185185185185186
2 0.5714695453643799 0.2279815971851349 0.0067708333333333336 0.011111111111111112
2 0.6522022485733032 0.23038558661937714 0.0067708333333333336 0.011111111111111112
2 0.7343116998672485 0.23019154369831085 0.0067708333333333336 0.011111111111111112
