4 0.1888573318719864 0.4391660988330841 0.016145833333333335 0.025
4 0.25720030069351196 0.6241086721420288 0.015104166666666667 0.025925925925925925
4 0.32394975423812866 0.5574772953987122 0.015104166666666667 0.025
3 0.3936346173286438 0.2832542657852173 0.014583333333333334 0.023148148148148147
1 0.40007057785987854 0.40322384238243103 0.015625 0.025
0 0.38619816303253174 0.6598427891731262 0.015104166666666667 0.024074074074074074
3 0.4523933529853821 0.7386265397071838 0.0140625 0.024074074074074074
3 0.46495521068573 0.5225191712379456 0.015104166666666667 0.024074074074074074
4 0.5398371815681458 0.25767937302589417 0.0140625 0.023148148148148147
3 0.5731296539306641 0.2573586404323578 0.015625 0.025925925925925925
4 0.5709229707717896 0.4475838541984558 0.015104166666666667 0.025925925925925925
3 0.5813397765159607 0.4874984323978424 0.014583333333333334 0.023148148148148147
3 0.569956362247467 0.535991907119751 0.015104166666666667 0.024074074074074074
4 0.6252757906913757 0.49344879388809204 0.015625 0.025
4 0.716927707195282 0.6708855628967285 0.016145833333333335 0.025
3 0.7346128225326538 0.625911295413971 0.015625 0.024074074074074074
2 0.8479920625686646 0.6370622515678406 0.007291666666666667 0.012037037037037037
2 0.847560465335846 0.5022185444831848 0.007291666666666667 0.012037037037037037
2 0.846871554851532 0.36878934502601624 0.007291666666666667 0.012037037037037037
2 0.13698412477970123 0.628269612789154 0.007291666666666667 0.011111111111111112
2 0.13851140439510345 0.49965420365333557 0.007291666666666667 0.011111111111111112
2 0.14028434455394745 0.3710472583770752 0.007291666666666667 0.011111111111111112
2 0.7381492853164673 0.8055119514465332 0.00625 0.010185185185185186
2 0.652083158493042 0.8048292398452759 0.00625 0.010185185185185186
2 0.568321168422699 0.8032689690589905 0.00625 0.010185185185185186
2 0.402694970369339 0.8001836538314819 0.007291666666666667 0.012037037037037037
2 0.31981030106544495 0.7986396551132202 0.007291666666666667 0.012037037037037037
2 0.23865267634391785 0.7957824468612671 0.007291666666666667 0.012037037037037037
2 0.7383565902709961 0.2004200965166092 0.00625 0.010185185185185186
2 0.6531447172164917 0.2005956768989563 0.00625 0.010185185185185186
2 0.5699494481086731 0.20075376331806183 0.00625 0.010185185185185186
2 0.40543147921562195 0.20282118022441864 0.0067708333333333336 0.011111111111111112
2 0.3248227536678314 0.20557895302772522 0.0067708333333333336 0.011111111111111112
2 0.24392840266227722 0.20571939647197723 0.0067708333333333336 0.011111111111111112
