4 0.8076716661453247 0.4451795518398285 0.016145833333333335 0.025
4 0.7350974678993225 0.6241242289543152 0.015104166666666667 0.025925925925925925
4 0.6683128476142883 0.5581974983215332 0.015104166666666667 0.025
3 0.6009202599525452 0.28969308733940125 0.014583333333333334 0.023148148148148147
1 0.5930877327919006 0.40695005655288696 0.015625 0.025
0 0.6042771935462952 0.6558254957199097 0.015104166666666667 0.024074074074074074
3 0.5371145606040955 0.7298928499221802 0.0140625 0.024074074074074074
3 0.5265165567398071 0.5217502117156982 0.015104166666666667 0.024074074074074074
4 0.4534331262111664 0.263247013092041 0.0140625 0.023148148148148147
3 0.41998952627182007 0.2626310884952545 0.015625 0.025925925925925925
4 0.4209824204444885 0.44753238558769226 0.015104166666666667 0.025925925925925925
3 0.4103378355503082 0.4859284460544586 0.014583333333333334 0.023148148148148147
3 0.42138200998306274 0.5328709483146667 0.015104166666666667 0.024074074074074074
4 0.36656564474105835 0.4909372925758362 0.015625 0.025
4 0.2752659022808075 0.6590648889541626 0.016145833333333335 0.025
3 0.25798362493515015 0.6158415079116821 0.015625 0.024074074074074074
2 0.1469029039144516 0.624096155166626 0.007291666666666667 0.012037037037037037
2 0.14725463092327118 0.4956502318382263 0.007291666666666667 0.012037037037037037
2 0.14786216616630554 0.3676963150501251 0.007291666666666667 0.012037037037037037
2 0.8575980067253113 0.6307400465011597 0.007291666666666667 0.011111111111111112
2 0.8582996129989624 0.5052449703216553 0.007291666666666667 0.011111111111111112
2 0.8587526679039001 0.3789392113685608 0.007291666666666667 0.011111111111111112
2 0.2541191279888153 0.7862244844436646 0.00625 0.010185185185185186
2 0.3386066257953644 0.7878401875495911 0.00625 0.010185185185185186
2 0.4213051199913025 0.7885702848434448 0.00625 0.010185185185185186
2 0.5862115025520325 0.7900261282920837 0.007291666666666667 0.012037037037037037
2 0.6694334745407104 0.7907608151435852 0.007291666666666667 0.012037037037037037
2 0.7513970732688904 0.7901915907859802 0.007291666666666667 0.012037037037037037
2 0.2552308142185211 0.20576490461826324 0.00625 0.010185185185185186
2 0.34015902876853943 0.20654521882534027 0.00625 0.010185185185185186
2 0.42354831099510193 0.20729832351207733 0.00625 0.010185185185185186
2 0.5898158550262451 0.21052829921245575 0.0067708333333333336 0.011111111111111112
2 0.6719328165054321 0.21384674310684204 0.0067708333333333336 0.011111111111111112
2 0.754822850227356 0.2145940661430359 0.0067708333333333336 0.011111111111111112
