4 0.19314956665039062 0.4480089545249939 0.016145833333333335 0.025925925925925925
4 0.2676447033882141 0.6382513642311096 0.015104166666666667 0.025
4 0.33618417382240295 0.5696431994438171 0.015625 0.025
3 0.40504443645477295 0.2890702784061432 0.015104166666666667 0.023148148148148147
1 0.4125918745994568 0.4126986563205719 0.015625 0.025
0 0.4021219313144684 0.6728062033653259 0.015104166666666667 0.024074074074074074
3 0.47001782059669495 0.7512614727020264 0.014583333333333334 0.024074074074074074
3 0.4808143675327301 0.5348036885261536 0.015104166666666667 0.024074074074074074
4 0.5548308491706848 0.26552462577819824 0.014583333333333334 0.024074074074074074
3 0.588918149471283 0.26485109329223633 0.015625 0.025925925925925925
4 0.5873292088508606 0.4587988257408142 0.015625 0.025925925925925925
3 0.5982392430305481 0.4986150562763214 0.014583333333333334 0.023148148148148147
3 0.5870319604873657 0.5473393201828003 0.015104166666666667 0.024074074074074074
4 0.6419840455055237 0.5055515170097351 0.015625 0.025
4 0.7327664494514465 0.6804688572883606 0.016145833333333335 0.025
3 0.750139057636261 0.6355727314949036 0.015625 0.024074074074074074
2 0.8608003854751587 0.645659863948822 0.0067708333333333336 0.010185185185185186
2 0.8608831167221069 0.5126585364341736 0.0067708333333333336 0.010185185185185186
2 0.860965371131897 0.3806118667125702 0.0067708333333333336 0.010185185185185186
2 0.14224828779697418 0.6434493660926819 0.00625 0.010185185185185186
2 0.1402156800031662 0.5109730362892151 0.00625 0.010185185185185186
2 0.13842430710792542 0.37627533078193665 0.00625 0.010185185185185186
2 0.7533150911331177 0.8127391934394836 0.007291666666666667 0.012037037037037037
2 0.6702079176902771 0.8127744793891907 0.007291666666666667 0.012037037037037037
2 0.5861479640007019 0.8137074708938599 0.007291666666666667 0.012037037037037037
2 0.4200321137905121 0.8133304715156555 0.0067708333333333336 0.011111111111111112
2 0.3356718122959137 0.8147172331809998 0.0067708333333333336 0.011111111111111112
2 0.2510986328125 0.8120514750480652 0.0067708333333333336 0.011111111111111112
2 0.7545023560523987 0.21022164821624756 0.00625 0.010185185185185186
2 0.6697998046875 0.20866554975509644 0.00625 0.010185185185185186
2 0.5859375 0.20756857097148895 0.00625 0.010185185185185186
2 0.4160914123058319 0.2062668353319168 0.00625 0.010185185185185186
2 0.33139902353286743 0.205617755651474 0.00625 0.010185185185185186
2 0.24600239098072052 0.2063336819410324 0.00625 0.010185185185185186
