4 0.8177794814109802 0.44684821367263794 0.016145833333333335 0.025925925925925925
4 0.7459437251091003 0.63423752784729 0.015104166666666667 0.025
4 0.678476095199585 0.5655379891395569 0.015625 0.025
3 0.6104050278663635 0.28693634271621704 0.015104166666666667 0.023148148148148147
1 0.603027880191803 0.40891560912132263 0.015625 0.025
0 0.6135060787200928 0.6680086255073547 0.015104166666666667 0.024074074074074074
3 0.5459696054458618 0.7465789914131165 0.014583333333333334 0.024074074074074074
3 0.5354191064834595 0.5294786095619202 0.015104166666666667 0.024074074074074074
4 0.46230384707450867 0.260650634765625 0.014583333333333334 0.024074074074074074
3 0.42835649847984314 0.2592712342739105 0.015625 0.025925925925925925
4 0.4292992353439331 0.45232146978378296 0.015625 0.025925925925925925
3 0.4182282090187073 0.49201688170433044 0.014583333333333334 0.023148148148148147
3 0.42930272221565247 0.540971040725708 0.015104166666666667 0.024074074074074074
4 0.37424054741859436 0.4984655976295471 0.015625 0.025
4 0.2813677191734314 0.6742604970932007 0.016145833333333335 0.025
3 0.2639797329902649 0.6286372542381287 0.015625 0.024074074074074074
2 0.150666743516922 0.6382191181182861 0.0067708333333333336 0.010185185185185186
2 0.15182830393314362 0.5031389594078064 0.0067708333333333336 0.010185185185185186
2 0.15297497808933258 0.3697916269302368 0.0067708333333333336 0.010185185185185186
2 0.868213415145874 0.6401119232177734 0.00625 0.010185185185185186
2 0.8693946003913879 0.5094171166419983 0.00625 0.010185185185185186
2 0.8703233003616333 0.3772892355918884 0.00625 0.010185185185185186
2 0.259502112865448 0.8088914752006531 0.007291666666666667 0.012037037037037037
2 0.3442089259624481 0.8088335990905762 0.007291666666666667 0.012037037037037037
2 0.4293026626110077 0.8096856474876404 0.007291666666666667 0.012037037037037037
2 0.5957750082015991 0.8091146945953369 0.0067708333333333336 0.011111111111111112
2 0.6794677376747131 0.8104126453399658 0.0067708333333333336 0.011111111111111112
2 0.7627937197685242 0.8076454401016235 0.0067708333333333336 0.011111111111111112
2 0.26249057054519653 0.20133979618549347 0.00625 0.010185185185185186
2 0.34771427512168884 0.20177043974399567 0.00625 0.010185185185185186
2 0.4315156936645508 0.20263256132602692 0.00625 0.010185185185185186
2 0.5995134711265564 0.20526425540447235 0.00625 0.010185185185185186
2 0.6824352145195007 0.20656323432922363 0.00625 0.010185185185185186
2 0.7654873132705688 0.2092009335756302 0.00625 0.010185185185185186
