4 0.21078096330165863 0.4474799633026123 0.016145833333333335 0.025925925925925925
4 0.2815837860107422 0.6355530619621277 0.015104166666666667 0.025
4 0.3467737138271332 0.5678540468215942 0.015625 0.025
3 0.41165485978126526 0.2916159927845001 0.015104166666666667 0.023148148148148147
1 0.41914254426956177 0.4131447374820709 0.015625 0.025
0 0.4098382890224457 0.6702783107757568 0.015104166666666667 0.024074074074074074
3 0.4749428331851959 0.7485188841819763 0.014583333333333334 0.024074074074074074
3 0.48447883129119873 0.5337977409362793 0.015104166666666667 0.024074074074074074
4 0.5538135170936584 0.2686624825000763 0.014583333333333334 0.024074074074074074
3 0.5862135291099548 0.26803281903266907 0.015625 0.025925925925925925
4 0.5857045650482178 0.45895296335220337 0.015625 0.025925925925925925
3 0.5963218212127686 0.4983139634132385 0.014583333333333334 0.023148148148148147
3 0.5858800411224365 0.5464866757392883 0.015104166666666667 0.024074074074074074
4 0.6381215453147888 0.5052796006202698 0.015625 0.025
4 0.7261484861373901 0.6790741682052612 0.016145833333333335 0.025
3 0.7424632906913757 0.6344925761222839 0.015625 0.024074074074074074
2 0.8486695885658264 0.6448917984962463 0.0067708333333333336 0.010185185185185186
2 0.8475238084793091 0.5128596425056458 0.0067708333333333336 0.010185185185185186
2 0.8463909029960632 0.3823046386241913 0.0067708333333333336 0.010185185185185186
2 0.16226564347743988 0.6402841210365295 0.00625 0.010185185185185186
2 0.16050484776496887 0.5093927979469299 0.00625 0.010185185185185186
2 0.15898241102695465 0.3768500089645386 0.00625 0.010185185185185186
2 0.7468645572662354 0.811036229133606 0.007291666666666667 0.012037037037037037
2 0.6670538783073425 0.8106998801231384 0.007291666666666667 0.012037037037037037
2 0.5864208340644836 0.8112554550170898 0.007291666666666667 0.012037037037037037
2 0.42732396721839905 0.8101376891136169 0.0067708333333333336 0.011111111111111112
2 0.3466632068157196 0.8111434578895569 0.0067708333333333336 0.011111111111111112
2 0.26588326692581177 0.8081115484237671 0.0067708333333333336 0.011111111111111112
2 0.7434066534042358 0.21455256640911102 0.00625 0.010185185185185186
2 0.6627999544143677 0.21297863125801086 0.00625 0.010185185185185186
2 0.5830858945846558 0.21185679733753204 0.00625 0.010185185185185186
2 0.4219163954257965 0.2104889303445816 0.00625 0.010185185185185186
2 0.3416849672794342 0.20980799198150635 0.00625 0.010185185185185186
2 0.2608771026134491 0.21046186983585358 0.00625 0.010185185185185186
