3 0.30088603496551514 0.33523884415626526 0.019791666666666666 0.03333333333333333
4 0.29881325364112854 0.39126503467559814 0.0203125 0.03425925925925926
4 0.3389047086238861 0.30371373891830444 0.019791666666666666 0.032407407407407406
3 0.3543702960014343 0.2460818588733673 0.018229166666666668 0.03148148148148148
4 0.24333521723747253 0.6589528322219849 0.025 0.04259259259259259
4 0.27734375 0.6700165867805481 0.025 0.041666666666666664
3 0.3982275724411011 0.6309396028518677 0.024479166666666666 0.03981481481481482
3 0.44725990295410156 0.4829915463924408 0.021875 0.03611111111111111
3 0.49007466435432434 0.45986172556877136 0.021875 0.037037037037037035
0 0.4849589765071869 0.5980401635169983 0.023958333333333335 0.03981481481481482
3 0.5531295537948608 0.4816695749759674 0.021875 0.03518518518518519
4 0.5715571045875549 0.47140365839004517 0.021875 0.03611111111111111
1 0.6231976747512817 0.2794051766395569 0.01875 0.03148148148148148
3 0.6673910021781921 0.6351587176322937 0.024479166666666666 0.040740740740740744
4 0.7260286808013916 0.6442360877990723 0.025 0.03981481481481482
2 0.6320289373397827 0.7350689172744751 0.008333333333333333 0.012962962962962963
2 0.4888809025287628 0.7340662479400635 0.008333333333333333 0.012962962962962963
2 0.34827595949172974 0.7352762818336487 0.008333333333333333 0.012962962962962963
2 0.18954594433307648 0.6282505393028259 0.007291666666666667 0.012037037037037037
2 0.2030690461397171 0.5546072721481323 0.007291666666666667 0.012037037037037037
2 0.2146608978509903 0.4874391257762909 0.007291666666666667 0.012037037037037037
2 0.794944703578949 0.6274343729019165 0.008854166666666666 0.013888888888888888
2 0.7797168493270874 0.5500309467315674 0.008854166666666666 0.013888888888888888
2 0.766089141368866 0.48212337493896484 0.008854166666666666 0.013888888888888888
2 0.7417691349983215 0.3626233637332916 0.005729166666666666 0.009259259259259259
2 0.731320321559906 0.3092065155506134 0.005729166666666666 0.009259259259259259
2 0.7216665744781494 0.26029226183891296 0.005729166666666666 0.009259259259259259
2 0.23619867861270905 0.369965136051178 0.0078125 0.012962962962962963
2 0.24564838409423828 0.3188113272190094 0.0078125 0.012962962962962963
2 0.25461846590042114 0.26981121301651 0.0078125 0.012962962962962963
2 0.583892822265625 0.2055022418498993 0.005729166666666666 0.009259259259259259
2 0.48530787229537964 0.20843598246574402 0.005729166666666666 0.009259259259259259
2 0.38782018423080444 0.209584042429924 0.005729166666666666 0.009259259259259259
