3 0.6888568997383118 0.3486909866333008 0.019791666666666666 0.03333333333333333
4 0.6909319758415222 0.4068552553653717 0.0203125 0.03425925925925926
4 0.6492135524749756 0.3164871633052826 0.019791666666666666 0.032407407407407406
3 0.6331669092178345 0.256899356842041 0.018229166666666668 0.03148148148148148
4 0.7484673857688904 0.6841226816177368 0.025 0.04259259259259259
4 0.7128775715827942 0.6955574154853821 0.025 0.041666666666666664
3 0.5872789025306702 0.6552543640136719 0.024479166666666666 0.03981481481481482
3 0.5366993546485901 0.5030702948570251 0.021875 0.03611111111111111
3 0.49260058999061584 0.47958165407180786 0.021875 0.037037037037037035
0 0.4978674650192261 0.6215713620185852 0.023958333333333335 0.03981481481481482
3 0.4279356002807617 0.5024656057357788 0.021875 0.03518518518518519
4 0.4090908169746399 0.4920719265937805 0.021875 0.03611111111111111
1 0.35620778799057007 0.29568806290626526 0.01875 0.03148148148148148
3 0.3118363320827484 0.6598103642463684 0.024479166666666666 0.040740740740740744
4 0.2526366412639618 0.6690788269042969 0.025 0.03981481481481482
2 0.3478153944015503 0.7615991234779358 0.008333333333333333 0.012962962962962963
2 0.49384766817092896 0.7610474824905396 0.008333333333333333 0.012962962962962963
2 0.6389352679252625 0.7627599239349365 0.008333333333333333 0.012962962962962963
2 0.8050082325935364 0.6522573232650757 0.007291666666666667 0.012037037037037037
2 0.7909718155860901 0.5757864713668823 0.007291666666666667 0.012037037037037037
2 0.7789477109909058 0.5060221552848816 0.007291666666666667 0.012037037037037037
2 0.1833510845899582 0.6520813703536987 0.008854166666666666 0.013888888888888888
2 0.19842001795768738 0.5735202431678772 0.008854166666666666 0.013888888888888888
2 0.21194133162498474 0.5044310688972473 0.008854166666666666 0.013888888888888888
2 0.23615077137947083 0.38247016072273254 0.005729166666666666 0.009259259259259259
2 0.24657727777957916 0.32780176401138306 0.005729166666666666 0.009259259259259259
2 0.2562275528907776 0.2776561677455902 0.005729166666666666 0.009259259259259259
2 0.7565833926200867 0.3839852809906006 0.0078125 0.012962962962962963
2 0.7467681765556335 0.33083462715148926 0.0078125 0.012962962962962963
2 0.7374510169029236 0.2799144685268402 0.0078125 0.012962962962962963
2 0.39625421166419983 0.2190461903810501 0.005729166666666666 0.009259259259259259
2 0.4974936544895172 0.22024120390415192 0.005729166666666666 0.009259259259259259
2 0.5984007716178894 0.21961328387260437 0.005729166666666666 0.009259259259259259
