4 0.7889604568481445 0.29484015703201294 0.016145833333333335 0.025
4 0.7779548764228821 0.25846946239471436 0.014583333333333334 0.024074074074074074
4 0.7649502158164978 0.7325849533081055 0.015625 0.025925925925925925
3 0.7538579106330872 0.6760665774345398 0.015104166666666667 0.024074074074074074
3 0.7477142810821533 0.4112485647201538 0.014583333333333334 0.022222222222222223
0 0.7122842073440552 0.4984012246131897 0.015104166666666667 0.024074074074074074
3 0.5731728076934814 0.4573127329349518 0.015625 0.023148148148148147
3 0.5737550258636475 0.5739659070968628 0.015104166666666667 0.024074074074074074
4 0.5607203841209412 0.5941659808158875 0.015625 0.024074074074074074
3 0.5430202484130859 0.5058159232139587 0.015104166666666667 0.025
4 0.4411649703979492 0.27937230467796326 0.015625 0.025925925925925925
3 0.3528330624103546 0.2737181484699249 0.015625 0.025
4 0.30056872963905334 0.31644633412361145 0.015104166666666667 0.025
1 0.2044377624988556 0.695364236831665 0.016145833333333335 0.025925925925925925
3 0.20033030211925507 0.3291965126991272 0.016145833333333335 0.025
4 0.18253424763679504 0.3193642795085907 0.016145833333333335 0.025
2 0.14576557278633118 0.634051501750946 0.0067708333333333336 0.011111111111111112
2 0.1447608917951584 0.5027785301208496 0.0067708333333333336 0.011111111111111112
2 0.14375324547290802 0.37100064754486084 0.0067708333333333336 0.011111111111111112
2 0.8635308742523193 0.6351257562637329 0.0078125 0.012037037037037037
2 0.8639630675315857 0.5022311210632324 0.0078125 0.012037037037037037
2 0.8636171221733093 0.3683803975582123 0.0078125 0.012037037037037037
2 0.25513774156570435 0.8010289669036865 0.0046875 0.007407407407407408
2 0.3381693959236145 0.8009856939315796 0.0046875 0.007407407407407408
2 0.42175549268722534 0.8009421825408936 0.0046875 0.007407407407407408
2 0.5893113017082214 0.8017515540122986 0.005208333333333333 0.008333333333333333
2 0.6725037693977356 0.801708459854126 0.005208333333333333 0.008333333333333333
2 0.7565032839775085 0.8003195524215698 0.005208333333333333 0.008333333333333333
2 0.25029000639915466 0.20214207470417023 0.0067708333333333336 0.011111111111111112
2 0.3344266712665558 0.20105455815792084 0.0067708333333333336 0.011111111111111112
2 0.41834715008735657 0.19996710121631622 0.0067708333333333336 0.011111111111111112
2 0.5868358016014099 0.19958600401878357 0.00625 0.010185185185185186
2 0.6714040040969849 0.20029325783252716 0.00625 0.010185185185185186
2 0.7554932236671448 0.2001032829284668 0.00625 0.010185185185185186
