3 0.6937215328216553 0.707300066947937 0.023958333333333335 0.02962962962962963
3 0.677947998046875 0.34436801075935364 0.019791666666666666 0.032407407407407406
3 0.6378673315048218 0.32031020522117615 0.019791666666666666 0.032407407407407406
3 0.5765917897224426 0.45444416999816895 0.021875 0.03611111111111111
3 0.5272367000579834 0.4258441925048828 0.020833333333333332 0.03518518518518519
3 0.39492467045783997 0.37563446164131165 0.0203125 0.03333333333333333
0 0.35125723481178284 0.5563209056854248 0.0234375 0.03796296296296296
3 0.26488205790519714 0.43254175782203674 0.021354166666666667 0.03611111111111111
1 0.27387121319770813 0.5293758511543274 0.022395833333333334 0.03888888888888889
4 0.24036334455013275 0.647612988948822 0.024479166666666666 0.041666666666666664
2 0.3517158627510071 0.7377017736434937 0.008333333333333333 0.012962962962962963
2 0.495851069688797 0.7392429113388062 0.008333333333333333 0.012962962962962963
2 0.6408926844596863 0.7412369847297668 0.008333333333333333 0.012962962962962963
2 0.8049262166023254 0.6331916451454163 0.007291666666666667 0.012037037037037037
2 0.790188193321228 0.5571566820144653 0.007291666666666667 0.012037037037037037
2 0.7770255208015442 0.48876529932022095 0.007291666666666667 0.012037037037037037
2 0.1871054619550705 0.6275495886802673 0.007291666666666667 0.011111111111111112
2 0.20081959664821625 0.5510696172714233 0.007291666666666667 0.011111111111111112
2 0.21483275294303894 0.48270219564437866 0.007291666666666667 0.011111111111111112
2 0.2370302379131317 0.36080923676490784 0.00625 0.010185185185185186
2 0.24855510890483856 0.3077498972415924 0.00625 0.010185185185185186
2 0.25779056549072266 0.25873249769210815 0.00625 0.010185185185185186
2 0.7541045546531677 0.3668215572834015 0.00625 0.010185185185185186
2 0.7438298463821411 0.312369167804718 0.00625 0.010185185185185186
2 0.734100341796875 0.2642107307910919 0.00625 0.010185185185185186
2 0.3957870304584503 0.2014879733324051 0.005729166666666666 0.009259259259259259
2 0.49528640508651733 0.2034352570772171 0.005729166666666666 0.009259259259259259
2 0.5960021615028381 0.20403985679149628 0.005729166666666666 0.009259259259259259
