3 0.30426058173179626 0.7297694683074951 0.023958333333333335 0.02962962962962963
3 0.30910614132881165 0.380302757024765 0.019791666666666666 0.032407407407407406
3 0.3472549319267273 0.35560891032218933 0.019791666666666666 0.032407407407407406
3 0.4099870026111603 0.48606109619140625 0.021875 0.03611111111111111
3 0.4574490189552307 0.4571373164653778 0.020833333333333332 0.03518518518518519
3 0.5871378183364868 0.40469664335250854 0.0203125 0.03333333333333333
0 0.6324170827865601 0.5822016596794128 0.0234375 0.03796296296296296
3 0.7177779078483582 0.4586561322212219 0.021354166666666667 0.03611111111111111
1 0.70920729637146 0.5547516345977783 0.022395833333333334 0.03888888888888889
4 0.7431181073188782 0.6701422929763794 0.024479166666666666 0.041666666666666664
2 0.633651614189148 0.7575914859771729 0.008333333333333333 0.012962962962962963
2 0.4936842918395996 0.7593780755996704 0.008333333333333333 0.012962962962962963
2 0.3551327884197235 0.761563777923584 0.008333333333333333 0.012962962962962963
2 0.19740867614746094 0.6605240106582642 0.007291666666666667 0.012037037037037037
2 0.20867855846881866 0.5882612466812134 0.007291666666666667 0.012037037037037037
2 0.21882730722427368 0.522619366645813 0.007291666666666667 0.012037037037037037
2 0.7963759303092957 0.6501474976539612 0.007291666666666667 0.011111111111111112
2 0.7825766205787659 0.575157880783081 0.007291666666666667 0.011111111111111112
2 0.7683820128440857 0.5076718330383301 0.007291666666666667 0.011111111111111112
2 0.7456682920455933 0.3861793875694275 0.00625 0.010185185185185186
2 0.7338021993637085 0.332884818315506 0.00625 0.010185185185185186
2 0.7242236733436584 0.28336769342422485 0.00625 0.010185185185185186
2 0.23663705587387085 0.4040479362010956 0.00625 0.010185185185185186
2 0.24472491443157196 0.35045382380485535 0.00625 0.010185185185185186
2 0.252547949552536 0.30269843339920044 0.00625 0.010185185185185186
2 0.5841317772865295 0.22946487367153168 0.005729166666666666 0.009259259259259259
2 0.48470792174339294 0.23469838500022888 0.005729166666666666 0.009259259259259259
2 0.385215699672699 0.2385612279176712 0.005729166666666666 0.009259259259259259
