3 0.06720174103975296 0.578060507774353 0.023958333333333335 0.030555555555555555
3 0.4093995988368988 0.36567556858062744 0.016145833333333335 0.025925925925925925
3 0.4535990357398987 0.35957831144332886 0.016145833333333335 0.025
3 0.3880319595336914 0.44174298644065857 0.019270833333333334 0.03148148148148148
3 0.4463590085506439 0.43286237120628357 0.018229166666666668 0.02962962962962963
0 0.46508458256721497 0.5520938038825989 0.022916666666666665 0.03796296296296296
1 0.5110691785812378 0.5529397130012512 0.022916666666666665 0.03796296296296296
3 0.5842506289482117 0.4264588952064514 0.018229166666666668 0.02962962962962963
3 0.6443712115287781 0.48361438512802124 0.019791666666666666 0.025925925925925925
2 0.26934775710105896 0.690137505531311 0.0078125 0.012962962962962963
2 0.15818366408348083 0.647793710231781 0.0078125 0.012962962962962963
2 0.058839354664087296 0.6111477613449097 0.0078125 0.012962962962962963
2 0.07023894041776657 0.5027395486831665 0.0078125 0.012962962962962963
2 0.15132617950439453 0.4618983864784241 0.0046875 0.007407407407407408
2 0.22179552912712097 0.42507314682006836 0.0046875 0.007407407407407408
2 0.5287584066390991 0.6463842988014221 0.008854166666666666 0.013888888888888888
2 0.5890166163444519 0.5832693576812744 0.008854166666666666 0.013888888888888888
2 0.6387128233909607 0.5290038585662842 0.008854166666666666 0.013888888888888888
2 0.7178477048873901 0.44365689158439636 0.005208333333333333 0.008333333333333333
2 0.7499576210975647 0.40873441100120544 0.005208333333333333 0.008333333333333333
2 0.7778050303459167 0.3786002993583679 0.005208333333333333 0.008333333333333333
2 0.7070662379264832 0.32876455783843994 0.004166666666666667 0.006481481481481481
2 0.63213711977005 0.3157719373703003 0.004166666666666667 0.006481481481481481
2 0.5622808337211609 0.30467304587364197 0.004166666666666667 0.006481481481481481
2 0.33697375655174255 0.36561155319213867 0.005208333333333333 0.008333333333333333
2 0.38544973731040955 0.3400280773639679 0.005208333333333333 0.008333333333333333
2 0.42884618043899536 0.3174131512641907 0.005208333333333333 0.008333333333333333
