3 0.9609791040420532 0.5859213471412659 0.023958333333333335 0.030555555555555555
3 0.5989943146705627 0.3743220567703247 0.016145833333333335 0.025925925925925925
3 0.5532566905021667 0.36868777871131897 0.016145833333333335 0.025
3 0.6209825873374939 0.4495791792869568 0.019270833333333334 0.03148148148148148
3 0.5604735612869263 0.44107070565223694 0.018229166666666668 0.02962962962962963
0 0.5406549572944641 0.5592467784881592 0.022916666666666665 0.03796296296296296
1 0.4931989014148712 0.5600431561470032 0.022916666666666665 0.03796296296296296
3 0.41885149478912354 0.4354994595050812 0.018229166666666668 0.02962962962962963
3 0.35735785961151123 0.49185067415237427 0.019791666666666666 0.025925925925925925
2 0.7450681328773499 0.6980444192886353 0.0078125 0.012962962962962963
2 0.8633291721343994 0.656132161617279 0.0078125 0.012962962962962963
2 0.9700801968574524 0.6195136904716492 0.0078125 0.012962962962962963
2 0.9575476050376892 0.5096536874771118 0.0078125 0.012962962962962963
2 0.8705196380615234 0.46868857741355896 0.0046875 0.007407407407407408
2 0.7955738306045532 0.4320770502090454 0.0046875 0.007407407407407408
2 0.4745562970638275 0.6525409817695618 0.008854166666666666 0.013888888888888888
2 0.4131069779396057 0.589878499507904 0.008854166666666666 0.013888888888888888
2 0.3628116846084595 0.5364014506340027 0.008854166666666666 0.013888888888888888
2 0.28340137004852295 0.4530142843723297 0.005208333333333333 0.008333333333333333
2 0.2514192759990692 0.4191439151763916 0.005208333333333333 0.008333333333333333
2 0.22379153966903687 0.3900345265865326 0.005208333333333333 0.008333333333333333
2 0.2950895130634308 0.34093043208122253 0.004166666666666667 0.006481481481481481
2 0.3708210587501526 0.3274591267108917 0.004166666666666667 0.006481481481481481
2 0.4419229328632355 0.3158043622970581 0.004166666666666667 0.006481481481481481
2 0.6744347810745239 0.3736230134963989 0.005208333333333333 0.008333333333333333
2 0.6239474415779114 0.3487083315849304 0.005208333333333333 0.008333333333333333
2 0.5789963006973267 0.3268103003501892 0.005208333333333333 0.008333333333333333
