4 0.855639636516571 0.5319886803627014 0.026041666666666668 0.044444444444444446
3 0.591837465763092 0.5228347778320312 0.024479166666666666 0.041666666666666664
3 0.4504188299179077 0.7418302893638611 0.024479166666666666 0.04259259259259259
3 0.4312942326068878 0.70369553565979 0.023958333333333335 0.041666666666666664
4 0.4139288067817688 0.5463787913322449 0.023958333333333335 0.041666666666666664
4 0.3955206871032715 0.38967639207839966 0.024479166666666666 0.04351851851851852
0 0.33137017488479614 0.5694528818130493 0.0234375 0.040740740740740744
1 0.31059661507606506 0.31948190927505493 0.023958333333333335 0.041666666666666664
4 0.2846530079841614 0.5063595771789551 0.0234375 0.04259259259259259
3 0.26210737228393555 0.513502299785614 0.025520833333333333 0.04259259259259259
4 0.2742822468280792 0.5648035407066345 0.024479166666666666 0.041666666666666664
3 0.21991945803165436 0.8018220663070679 0.023958333333333335 0.041666666666666664
4 0.1397150456905365 0.26755157113075256 0.025520833333333333 0.04259259259259259
3 0.13636435568332672 0.6697553396224976 0.025 0.040740740740740744
2 0.08825889229774475 0.6687332391738892 0.007291666666666667 0.012962962962962963
2 0.08883262425661087 0.4957466423511505 0.007291666666666667 0.012962962962962963
2 0.08888152986764908 0.3200652003288269 0.007291666666666667 0.012962962962962963
2 0.21539439260959625 0.11070410907268524 0.007291666666666667 0.012962962962962963
2 0.3188294470310211 0.11479227244853973 0.007291666666666667 0.012962962962962963
2 0.42039763927459717 0.11668748408555984 0.007291666666666667 0.012962962962962963
2 0.621324360370636 0.1195831149816513 0.007291666666666667 0.012962962962962963
2 0.7214469909667969 0.11932577937841415 0.007291666666666667 0.012962962962962963
2 0.8222585320472717 0.12079090625047684 0.007291666666666667 0.012962962962962963
2 0.9467431902885437 0.3319697678089142 0.007291666666666667 0.012962962962962963
2 0.947444498538971 0.501396894454956 0.007291666666666667 0.012962962962962963
2 0.9483941197395325 0.6724118590354919 0.007291666666666667 0.012962962962962963
2 0.8250885009765625 0.881612241268158 0.007291666666666667 0.012962962962962963
2 0.7239177227020264 0.8810279965400696 0.007291666666666667 0.012962962962962963
2 0.6239291429519653 0.8804359436035156 0.007291666666666667 0.012962962962962963
2 0.4217592775821686 0.882239580154419 0.007291666666666667 0.012962962962962963
2 0.3190487027168274 0.882936418056488 0.007291666666666667 0.012962962962962963
2 0.21600863337516785 0.8840671181678772 0.007291666666666667 0.012962962962962963
