4 0.1659582108259201 0.5493565201759338 0.026041666666666668 0.044444444444444446
3 0.4367626905441284 0.536026656627655 0.024479166666666666 0.041666666666666664
3 0.5792565941810608 0.7526748776435852 0.024479166666666666 0.04259259259259259
3 0.5979993343353271 0.7139083743095398 0.023958333333333335 0.041666666666666664
4 0.6141137480735779 0.5567693114280701 0.023958333333333335 0.041666666666666664
4 0.631093442440033 0.4017835557460785 0.024479166666666666 0.04351851851851852
0 0.6951554417610168 0.5782312750816345 0.0234375 0.040740740740740744
1 0.7130926251411438 0.33278435468673706 0.023958333333333335 0.041666666666666664
4 0.7399178743362427 0.5153915882110596 0.0234375 0.04259259259259259
3 0.7617565989494324 0.5220984816551208 0.025520833333333333 0.04259259259259259
4 0.7505202889442444 0.5726683735847473 0.024479166666666666 0.041666666666666664
3 0.8055582642555237 0.8053907752037048 0.023958333333333335 0.041666666666666664
4 0.8756464719772339 0.28263625502586365 0.025520833333333333 0.04259259259259259
3 0.8840216398239136 0.6729075908660889 0.025 0.040740740740740744
2 0.9296396374702454 0.6707844734191895 0.007291666666666667 0.012962962962962963
2 0.9266645908355713 0.5025730133056641 0.007291666666666667 0.012962962962962963
2 0.9241686463356018 0.33313068747520447 0.007291666666666667 0.012962962962962963
2 0.8021602034568787 0.13149131834506989 0.007291666666666667 0.012962962962962963
2 0.7033304572105408 0.13416467607021332 0.007291666666666667 0.012962962962962963
2 0.6049290895462036 0.1347656548023224 0.007291666666666667 0.012962962962962963
2 0.4062705934047699 0.13513773679733276 0.007291666666666667 0.012962962962962963
2 0.3052468001842499 0.13364002108573914 0.007291666666666667 0.012962962962962963
2 0.20212732255458832 0.13383376598358154 0.007291666666666667 0.012962962962962963
2 0.071437768638134 0.3461455702781677 0.007291666666666667 0.012962962962962963
2 0.069578617811203 0.519396185874939 0.007291666666666667 0.012962962962962963
2 0.06742871552705765 0.6957928538322449 0.007291666666666667 0.012962962962962963
2 0.19662870466709137 0.908522367477417 0.007291666666666667 0.012962962962962963
2 0.30213305354118347 0.9037892818450928 0.007291666666666667 0.012962962962962963
2 0.40496113896369934 0.8991612195968628 0.007291666666666667 0.012962962962962963
2 0.6086281538009644 0.8930231928825378 0.007291666666666667 0.012962962962962963
2 0.7099820971488953 0.8897486329078674 0.007291666666666667 0.012962962962962963
2 0.8102719187736511 0.8869381546974182 0.007291666666666667 0.012962962962962963
