2 0.6410373449325562 0.7627440690994263 0.006511904761904761 0.0061
2 0.49610236287117004 0.7630939483642578 0.006788690476190476 0.005804761904761905
2 0.35189586877822876 0.7635167241096497 0.006511904761904761 0.005657142857142857
2 0.18775416910648346 0.6542283892631531 0.006139880952380952 0.005657142857142857
2 0.20112653076648712 0.5770574808120728 0.006044642857142857 0.005504761904761905
2 0.2130182832479477 0.5072736740112305 0.005580357142857143 0.005209523809523809
2 0.23421688377857208 0.3848762512207031 0.005208333333333333 0.005061904761904762
2 0.2438780963420868 0.3308703601360321 0.005300595238095238 0.004761904761904762
2 0.2526639699935913 0.2808161675930023 0.005023809523809523 0.005061904761904762
2 0.3893323540687561 0.21996931731700897 0.004744047619047619 0.004166666666666667
2 0.4885496199131012 0.2187315821647644 0.004744047619047619 0.004166666666666667
2 0.5880653262138367 0.21756480634212494 0.004744047619047619 0.004019047619047619
2 0.7277440428733826 0.2748328745365143 0.005300595238095238 0.004614285714285714
2 0.738100528717041 0.3251013159751892 0.004928571428571428 0.004614285714285714
2 0.7492466568946838 0.3797495663166046 0.004928571428571428 0.004761904761904762
2 0.7744237780570984 0.502395749092102 0.005208333333333333 0.004314285714285715
2 0.7888112664222717 0.5729252099990845 0.005580357142857143 0.004614285714285714
2 0.8045379519462585 0.6507076621055603 0.005860119047619048 0.005061904761904762
3 0.6786913871765137 0.4804598093032837 0.022223214285714287 0.03555714285714286
3 0.5718504190444946 0.5437892079353333 0.022419642857142857 0.037461904761904766
3 0.6322810649871826 0.3524622917175293 0.020038690476190477 0.03333333333333333
0 0.535489559173584 0.6275562644004822 0.024008928571428573 0.03936666666666667
1 0.47482746839523315 0.48261070251464844 0.02142857142857143 0.03555714285714286
