2 0.6482555866241455 0.7488890886306763 0.006511904761904761 0.0061
2 0.504042387008667 0.748367190361023 0.006788690476190476 0.005804761904761905
2 0.3586901128292084 0.7479132413864136 0.006511904761904761 0.005657142857142857
2 0.191097229719162 0.6403144001960754 0.006139880952380952 0.005657142857142857
2 0.20501607656478882 0.5649818181991577 0.006044642857142857 0.005504761904761905
2 0.21741361916065216 0.4967590272426605 0.005580357142857143 0.005209523809523809
2 0.23955172300338745 0.37687942385673523 0.005208333333333333 0.005061904761904762
2 0.24965427815914154 0.32390096783638 0.005300595238095238 0.004761904761904762
2 0.258853018283844 0.2747456133365631 0.005023809523809523 0.005061904761904762
2 0.39936894178390503 0.21873225271701813 0.004744047619047619 0.004166666666666667
2 0.5001851916313171 0.2204868197441101 0.004744047619047619 0.004166666666666667
2 0.6004058718681335 0.22230379283428192 0.004744047619047619 0.004019047619047619
2 0.738934338092804 0.28181350231170654 0.005300595238095238 0.004614285714285714
2 0.7486153841018677 0.33060646057128906 0.004928571428571428 0.004614285714285714
2 0.7589997053146362 0.3835010528564453 0.004928571428571428 0.004761904761904762
2 0.782355546951294 0.5016619563102722 0.005208333333333333 0.004314285714285715
2 0.7956294417381287 0.5692660808563232 0.005580357142857143 0.004614285714285714
2 0.8100745677947998 0.6435317993164062 0.005860119047619048 0.005061904761904762
3 0.6882386803627014 0.47895604372024536 0.022223214285714287 0.03555714285714286
3 0.5814403295516968 0.5381622314453125 0.022419642857142857 0.037461904761904766
3 0.6433861255645752 0.3544965982437134 0.020038690476190477 0.03333333333333333
0 0.5444424152374268 0.61838698387146 0.024008928571428573 0.03936666666666667
1 0.48455268144607544 0.477356880903244 0.02142857142857143 0.03555714285714286
