3 0.6366886496543884 0.6792667508125305 0.01669047619047619 0.027657142857142856
3 0.4561114013195038 0.7142075300216675 0.01450297619047619 0.027023809523809523
3 0.3772110044956207 0.591961145401001 0.016491071428571428 0.027023809523809523
1 0.4545610845088959 0.4893733263015747 0.01768452380952381 0.027023809523809523
0 0.28331342339515686 0.5507103204727173 0.018080357142857145 0.027976190476190477
2 0.8589897751808167 0.3726331889629364 0.0044136904761904764 0.007638095238095238
2 0.8587554097175598 0.5075623393058777 0.004892857142857143 0.0074476190476190475
2 0.8588753938674927 0.6420460939407349 0.0044136904761904764 0.007638095238095238
2 0.7504149675369263 0.8135731220245361 0.004294642857142857 0.007257142857142857
2 0.6663716435432434 0.8132511973381042 0.004892857142857143 0.0063
2 0.5822852849960327 0.8137773871421814 0.004294642857142857 0.00782857142857143
2 0.4152226746082306 0.8139815926551819 0.0044136904761904764 0.008780952380952382
2 0.3313034772872925 0.8138481378555298 0.004654761904761905 0.00782857142857143
2 0.24774794280529022 0.8130567669868469 0.005011904761904762 0.00782857142857143
2 0.13921886682510376 0.6427445411682129 0.004175595238095238 0.007257142857142857
2 0.1381557583808899 0.5084014534950256 0.00525 0.00782857142857143
2 0.13714687526226044 0.3737102746963501 0.004535714285714286 0.0074476190476190475
2 0.24354879558086395 0.2009848803281784 0.003818452380952381 0.007257142857142857
2 0.3277204930782318 0.19999434053897858 0.005011904761904762 0.0084
2 0.4124419093132019 0.19956755638122559 0.004773809523809524 0.007638095238095238
2 0.5808757543563843 0.19909390807151794 0.004654761904761905 0.007257142857142857
2 0.6658869981765747 0.19904375076293945 0.004773809523809524 0.006871428571428571
2 0.7502663731575012 0.19946801662445068 0.004175595238095238 0.007061904761904762
