3 0.6396665573120117 0.6818110346794128 0.01669047619047619 0.027657142857142856
3 0.4598582088947296 0.7162845134735107 0.01450297619047619 0.027023809523809523
3 0.3812903165817261 0.5972005128860474 0.016491071428571428 0.027023809523809523
1 0.4584448039531708 0.49681344628334045 0.01768452380952381 0.027023809523809523
0 0.2876489460468292 0.5571014881134033 0.018080357142857145 0.027976190476190477
2 0.8618299961090088 0.381908118724823 0.0044136904761904764 0.007638095238095238
2 0.8611547350883484 0.5138057470321655 0.004892857142857143 0.0074476190476190475
2 0.8608346581459045 0.6450309753417969 0.0044136904761904764 0.007638095238095238
2 0.7524911165237427 0.8123327493667603 0.004294642857142857 0.007257142857142857
2 0.6689420938491821 0.8122304081916809 0.004892857142857143 0.0063
2 0.5853220820426941 0.8129534125328064 0.004294642857142857 0.00782857142857143
2 0.4191089868545532 0.8135716915130615 0.0044136904761904764 0.008780952380952382
2 0.33557695150375366 0.8136526346206665 0.004654761904761905 0.00782857142857143
2 0.2523799240589142 0.8130919933319092 0.005011904761904762 0.00782857142857143
2 0.14401869475841522 0.6472938656806946 0.004175595238095238 0.007257142857142857
2 0.14275287091732025 0.5160315036773682 0.00525 0.00782857142857143
2 0.14153842628002167 0.3841913342475891 0.004535714285714286 0.0074476190476190475
2 0.24769192934036255 0.21462374925613403 0.003818452380952381 0.007257142857142857
2 0.3318471312522888 0.2135348618030548 0.005011904761904762 0.0084
2 0.41652563214302063 0.21299885213375092 0.004773809523809524 0.007638095238095238
2 0.5847942233085632 0.21230153739452362 0.004654761904761905 0.007257142857142857
2 0.6696810722351074 0.21213507652282715 0.004773809523809524 0.006871428571428571
2 0.7539088726043701 0.21243490278720856 0.004175595238095238 0.007061904761904762
