4 0.307503879070282 0.3218742609024048 0.016145833333333335 0.025925925925925925
3 0.33155614137649536 0.3660983443260193 0.015104166666666667 0.024074074074074074
0 0.30770784616470337 0.5081201791763306 0.015104166666666667 0.024074074074074074
3 0.36944466829299927 0.6135413646697998 0.014583333333333334 0.023148148148148147
3 0.3942969739437103 0.4854412078857422 0.015104166666666667 0.024074074074074074
3 0.4491099715232849 0.2969551682472229 0.015104166666666667 0.025
3 0.5489098429679871 0.26314207911491394 0.015104166666666667 0.024074074074074074
4 0.538652241230011 0.31876274943351746 0.015104166666666667 0.025925925925925925
1 0.5443952083587646 0.5483884811401367 0.015625 0.025
4 0.6300882697105408 0.30680128931999207 0.015625 0.024074074074074074
4 0.7386837005615234 0.5529481172561646 0.015104166666666667 0.023148148148148147
3 0.799025297164917 0.33129164576530457 0.016666666666666666 0.024074074074074074
2 0.8544195294380188 0.6301470994949341 0.007291666666666667 0.012037037037037037
2 0.8568317890167236 0.5001746416091919 0.007291666666666667 0.012037037037037037
2 0.8594793677330017 0.37129342555999756 0.007291666666666667 0.012037037037037037
2 0.14802303910255432 0.6385586261749268 0.00625 0.010185185185185186
2 0.14759483933448792 0.5091677308082581 0.00625 0.010185185185185186
2 0.14742253720760345 0.37866130471229553 0.00625 0.010185185185185186
2 0.7467889189720154 0.7928011417388916 0.0046875 0.007407407407407408
2 0.6646707653999329 0.7945424914360046 0.0046875 0.007407407407407408
2 0.5823801755905151 0.7958523631095886 0.0046875 0.007407407407407408
2 0.4192812740802765 0.7988846302032471 0.0046875 0.007407407407407408
2 0.33645617961883545 0.8002035021781921 0.0046875 0.007407407407407408
2 0.25472894310951233 0.7997567653656006 0.0046875 0.007407407407407408
2 0.7563514113426208 0.2049197405576706 0.005729166666666666 0.009259259259259259
2 0.6730359196662903 0.2055971324443817 0.005729166666666666 0.009259259259259259
2 0.5900511145591736 0.20582641661167145 0.005729166666666666 0.009259259259259259
2 0.4230210483074188 0.20584417879581451 0.0067708333333333336 0.011111111111111112
2 0.3384435772895813 0.20787058770656586 0.0067708333333333336 0.011111111111111112
2 0.2549673020839691 0.2098909467458725 0.0067708333333333336 0.011111111111111112
