4 0.6972905993461609 0.31382930278778076 0.016145833333333335 0.025925925925925925
3 0.6732162833213806 0.3589528799057007 0.015104166666666667 0.024074074074074074
0 0.6975237727165222 0.5046685934066772 0.015104166666666667 0.024074074074074074
3 0.6353186964988708 0.6133660078048706 0.014583333333333334 0.023148148148148147
3 0.6101916432380676 0.4811769723892212 0.015104166666666667 0.024074074074074074
3 0.5552762150764465 0.2884032726287842 0.015104166666666667 0.025
3 0.45555388927459717 0.25404372811317444 0.015104166666666667 0.024074074074074074
4 0.4655885100364685 0.31055864691734314 0.015104166666666667 0.025925925925925925
1 0.45892131328582764 0.5456483960151672 0.015625 0.025
4 0.37423837184906006 0.2983604073524475 0.015625 0.024074074074074074
4 0.26359260082244873 0.5499029755592346 0.015104166666666667 0.023148148148148147
3 0.2054496705532074 0.3231761157512665 0.016666666666666666 0.024074074074074074
2 0.14657063782215118 0.6291549801826477 0.007291666666666667 0.012037037037037037
2 0.1457642763853073 0.49546706676483154 0.007291666666666667 0.012037037037037037
2 0.14471541345119476 0.3638198673725128 0.007291666666666667 0.012037037037037037
2 0.8597624897956848 0.6399410963058472 0.00625 0.010185185185185186
2 0.8593255877494812 0.5060582756996155 0.00625 0.010185185185185186
2 0.8586262464523315 0.37195971608161926 0.00625 0.010185185185185186
2 0.2531695067882538 0.7982252836227417 0.0046875 0.007407407407407408
2 0.3361566960811615 0.8003880381584167 0.0046875 0.007407407407407408
2 0.4194345772266388 0.8021042346954346 0.0046875 0.007407407407407408
2 0.5848233103752136 0.8059683442115784 0.0046875 0.007407407407407408
2 0.6689823269844055 0.8077034950256348 0.0046875 0.007407407407407408
2 0.7521316409111023 0.8075884580612183 0.0046875 0.007407407407407408
2 0.2492176741361618 0.195164293050766 0.005729166666666666 0.009259259259259259
2 0.3321009576320648 0.19581040740013123 0.005729166666666666 0.009259259259259259
2 0.41476577520370483 0.19600442051887512 0.005729166666666666 0.009259259259259259
2 0.5814743041992188 0.19594646990299225 0.0067708333333333336 0.011111111111111112
2 0.6660551428794861 0.19796091318130493 0.0067708333333333336 0.011111111111111112
2 0.7496516704559326 0.19997254014015198 0.0067708333333333336 0.011111111111111112
