4 0.30028679966926575 0.33270391821861267 0.016145833333333335 0.025925925925925925
3 0.32463568449020386 0.3757011890411377 0.015104166666666667 0.024074074074074074
0 0.3012308180332184 0.515625 0.015104166666666667 0.024074074074074074
3 0.3642081022262573 0.6195825934410095 0.014583333333333334 0.023148148148148147
3 0.38852760195732117 0.492410272359848 0.015104166666666667 0.024074074074074074
3 0.44227999448776245 0.3069300055503845 0.015104166666666667 0.025
3 0.5421428680419922 0.27293696999549866 0.015104166666666667 0.024074074074074074
4 0.5324744582176208 0.3272978365421295 0.015104166666666667 0.025925925925925925
1 0.5409145355224609 0.5532739162445068 0.015625 0.025
4 0.6242963075637817 0.31467121839523315 0.015625 0.024074074074074074
4 0.7380174994468689 0.5560000538825989 0.015104166666666667 0.023148148148148147
3 0.7948887944221497 0.33688515424728394 0.016666666666666666 0.024074074074074074
2 0.8572604656219482 0.6317993998527527 0.007291666666666667 0.012037037037037037
2 0.8568702340126038 0.5025756359100342 0.007291666666666667 0.012037037037037037
2 0.856744647026062 0.37549063563346863 0.007291666666666667 0.012037037037037037
2 0.13999411463737488 0.6464491486549377 0.00625 0.010185185185185186
2 0.1397130936384201 0.518165111541748 0.00625 0.010185185185185186
2 0.13969261944293976 0.3898437023162842 0.00625 0.010185185185185186
2 0.7506678700447083 0.7958990335464478 0.0046875 0.007407407407407408
2 0.6667110323905945 0.7983248233795166 0.0046875 0.007407407407407408
2 0.5826292634010315 0.8003154993057251 0.0046875 0.007407407407407408
2 0.4161592423915863 0.8046960830688477 0.0046875 0.007407407407407408
2 0.3317085802555084 0.806695818901062 0.0046875 0.007407407407407408
2 0.24843209981918335 0.8069081902503967 0.0046875 0.007407407407407408
2 0.7495502233505249 0.2141174077987671 0.005729166666666666 0.009259259259259259
2 0.665938675403595 0.215671569108963 0.005729166666666666 0.009259259259259259
2 0.5827151536941528 0.21678616106510162 0.005729166666666666 0.009259259259259259
2 0.4153951108455658 0.21859677135944366 0.0067708333333333336 0.011111111111111112
2 0.33078110218048096 0.22146812081336975 0.0067708333333333336 0.011111111111111112
2 0.24732430279254913 0.2243199199438095 0.0067708333333333336 0.011111111111111112
