4 0.7037791609764099 0.3200259506702423 0.016145833333333335 0.025925925925925925
3 0.6791960000991821 0.36485156416893005 0.015104166666666667 0.024074074074074074
0 0.7016459703445435 0.5080224871635437 0.015104166666666667 0.024074074074074074
3 0.6383150815963745 0.6161014437675476 0.014583333333333334 0.023148148148148147
3 0.6146984100341797 0.48641330003738403 0.015104166666666667 0.024074074074074074
3 0.561629056930542 0.29630741477012634 0.015104166666666667 0.025
3 0.4609888195991516 0.2630212903022766 0.015104166666666667 0.024074074074074074
4 0.4706326425075531 0.3192703127861023 0.015104166666666667 0.025925925925925925
1 0.4615740180015564 0.552954912185669 0.015625 0.025
4 0.377652645111084 0.3080615997314453 0.015625 0.024074074074074074
4 0.26212066411972046 0.5610899925231934 0.015104166666666667 0.023148148148148147
3 0.2037152647972107 0.33479517698287964 0.016666666666666666 0.024074074074074074
2 0.140716090798378 0.6428760886192322 0.007291666666666667 0.012037037037037037
2 0.14068974554538727 0.5088516473770142 0.007291666666666667 0.012037037037037037
2 0.14039860665798187 0.3764573037624359 0.007291666666666667 0.012037037037037037
2 0.8602258563041687 0.6370920538902283 0.00625 0.010185185185185186
2 0.8616839051246643 0.5065075755119324 0.00625 0.010185185185185186
2 0.8628911375999451 0.37531188130378723 0.00625 0.010185185185185186
2 0.24957989156246185 0.8086071610450745 0.0046875 0.007407407407407408
2 0.3344821631908417 0.8082867860794067 0.0046875 0.007407407407407408
2 0.419136643409729 0.8075193166732788 0.0046875 0.007407407407407408
2 0.5856456160545349 0.8064565062522888 0.0046875 0.007407407407407408
2 0.6695659160614014 0.8056950569152832 0.0046875 0.007407407407407408
2 0.7519725561141968 0.8031654357910156 0.0046875 0.007407407407407408
2 0.2499198466539383 0.20554573833942413 0.005729166666666666 0.009259259259259259
2 0.33533725142478943 0.20566241443157196 0.005729166666666666 0.009259259259259259
2 0.41998571157455444 0.20532728731632233 0.005729166666666666 0.009259259259259259
2 0.5890589356422424 0.2042112499475479 0.0067708333333333336 0.011111111111111112
2 0.6739873886108398 0.20567619800567627 0.0067708333333333336 0.011111111111111112
2 0.7573831081390381 0.20713506639003754 0.0067708333333333336 0.011111111111111112
