3 0.6141221523284912 0.2664152979850769 0.018229166666666668 0.02962962962962963
4 0.44593337178230286 0.29051288962364197 0.019270833333333334 0.02962962962962963
1 0.5622142553329468 0.35795995593070984 0.019791666666666666 0.032407407407407406
3 0.6890196204185486 0.4234358072280884 0.020833333333333332 0.03425925925925926
3 0.6709313988685608 0.49346229434013367 0.022395833333333334 0.03611111111111111
4 0.7385537028312683 0.7272199988365173 0.024479166666666666 0.032407407407407406
4 0.6624898910522461 0.6081196665763855 0.0234375 0.03888888888888889
3 0.6185639500617981 0.5845566987991333 0.0234375 0.03796296296296296
3 0.5046805143356323 0.5264657735824585 0.022916666666666665 0.037037037037037035
0 0.48496565222740173 0.597600519657135 0.023958333333333335 0.03888888888888889
3 0.3870426416397095 0.5392740964889526 0.022916666666666665 0.03611111111111111
2 0.3521890342235565 0.7305139303207397 0.008333333333333333 0.012962962962962963
2 0.4866456985473633 0.7397474050521851 0.008333333333333333 0.012962962962962963
2 0.6222392320632935 0.7486332058906555 0.008333333333333333 0.012962962962962963
2 0.7797342538833618 0.6518380641937256 0.009895833333333333 0.01574074074074074
2 0.7661656141281128 0.5776224136352539 0.009895833333333333 0.01574074074074074
2 0.7545652389526367 0.5100351572036743 0.009895833333333333 0.01574074074074074
2 0.20160824060440063 0.6185778379440308 0.0067708333333333336 0.011111111111111112
2 0.21393536031246185 0.5469421148300171 0.0067708333333333336 0.011111111111111112
2 0.22658739984035492 0.48277220129966736 0.0067708333333333336 0.011111111111111112
2 0.7328298687934875 0.39106062054634094 0.00625 0.010185185185185186
2 0.722204327583313 0.3383585512638092 0.00625 0.010185185185185186
2 0.7135508060455322 0.2892317473888397 0.00625 0.010185185185185186
2 0.24693317711353302 0.36864495277404785 0.005729166666666666 0.009259259259259259
2 0.2564786672592163 0.3175603449344635 0.005729166666666666 0.009259259259259259
2 0.26512786746025085 0.270193487405777 0.005729166666666666 0.009259259259259259
2 0.39296022057533264 0.2197379469871521 0.005729166666666666 0.009259259259259259
2 0.48634809255599976 0.22323361039161682 0.005729166666666666 0.009259259259259259
2 0.5813652873039246 0.22722448408603668 0.005729166666666666 0.009259259259259259
