4 0.7212877869606018 0.42907002568244934 0.020833333333333332 0.03611111111111111
3 0.5210294723510742 0.26036205887794495 0.018229166666666668 0.030555555555555555
3 0.3591756224632263 0.4067113995552063 0.020833333333333332 0.03333333333333333
3 0.2928403913974762 0.46899500489234924 0.022395833333333334 0.03425925925925926
3 0.33072975277900696 0.4954894483089447 0.022395833333333334 0.03425925925925926
0 0.5964427590370178 0.4662046432495117 0.021875 0.03518518518518519
3 0.5536273121833801 0.6178652048110962 0.024479166666666666 0.03981481481481482
1 0.5226983428001404 0.6714352965354919 0.025 0.041666666666666664
3 0.6512462496757507 0.5676698684692383 0.022916666666666665 0.03888888888888889
4 0.628121018409729 0.6966134309768677 0.025520833333333333 0.03611111111111111
3 0.7042451500892639 0.6723975539207458 0.025520833333333333 0.040740740740740744
2 0.6559144854545593 0.7338763475418091 0.0078125 0.012962962962962963
2 0.5168465971946716 0.7336804866790771 0.0078125 0.012962962962962963
2 0.3766368329524994 0.7352185845375061 0.0078125 0.012962962962962963
2 0.21560662984848022 0.6311947703361511 0.007291666666666667 0.012037037037037037
2 0.22976723313331604 0.5571036338806152 0.007291666666666667 0.012037037037037037
2 0.24260737001895905 0.48964646458625793 0.007291666666666667 0.012037037037037037
2 0.8107532262802124 0.6278740167617798 0.00625 0.010185185185185186
2 0.7975994348526001 0.5557661652565002 0.00625 0.010185185185185186
2 0.7850943207740784 0.4903741776943207 0.00625 0.010185185185185186
2 0.7642520070075989 0.37516283988952637 0.008333333333333333 0.012962962962962963
2 0.7544950246810913 0.3228030502796173 0.008333333333333333 0.012962962962962963
2 0.7454010248184204 0.2772458791732788 0.008333333333333333 0.012962962962962963
2 0.2857203185558319 0.2705966830253601 0.0067708333333333336 0.011111111111111112
2 0.2755606472492218 0.31906673312187195 0.0067708333333333336 0.011111111111111112
2 0.26588186621665955 0.3706435561180115 0.0067708333333333336 0.011111111111111112
2 0.6143448352813721 0.2193322330713272 0.005208333333333333 0.008333333333333333
2 0.5185993909835815 0.21741673350334167 0.005208333333333333 0.008333333333333333
2 0.4219576418399811 0.21678955852985382 0.005208333333333333 0.008333333333333333
