4 0.1999770551919937 0.6186814308166504 0.015625 0.024074074074074074
3 0.22616983950138092 0.6948418021202087 0.016145833333333335 0.024074074074074074
3 0.2854120135307312 0.5472595691680908 0.015625 0.024074074074074074
4 0.36070048809051514 0.26948216557502747 0.015625 0.025925925925925925
3 0.4312775433063507 0.30740389227867126 0.014583333333333334 0.025
4 0.3048646152019501 0.48558321595191956 0.016145833333333335 0.025925925925925925
3 0.3402501344680786 0.6497934460639954 0.015104166666666667 0.025925925925925925
4 0.5185311436653137 0.7399311065673828 0.014583333333333334 0.025
0 0.46865203976631165 0.5942450165748596 0.015104166666666667 0.024074074074074074
1 0.504676103591919 0.5013882517814636 0.015625 0.025
3 0.466087281703949 0.2625626027584076 0.0140625 0.025
3 0.5506174564361572 0.324481725692749 0.015104166666666667 0.024074074074074074
3 0.7862095236778259 0.5035333037376404 0.015104166666666667 0.023148148148148147
2 0.8511026501655579 0.6261328458786011 0.0067708333333333336 0.011111111111111112
2 0.8517542481422424 0.5000369548797607 0.0067708333333333336 0.011111111111111112
2 0.8531378507614136 0.37229815125465393 0.0067708333333333336 0.011111111111111112
2 0.15575402975082397 0.6437429785728455 0.007291666666666667 0.011111111111111112
2 0.15636761486530304 0.5145843625068665 0.007291666666666667 0.011111111111111112
2 0.15802885591983795 0.383737713098526 0.007291666666666667 0.011111111111111112
2 0.748117983341217 0.7925058007240295 0.005208333333333333 0.008333333333333333
2 0.6674546003341675 0.7949569225311279 0.005208333333333333 0.008333333333333333
2 0.5868313908576965 0.7978472709655762 0.005208333333333333 0.008333333333333333
2 0.4247327148914337 0.8027753829956055 0.0046875 0.007407407407407408
2 0.34299951791763306 0.8052602410316467 0.0046875 0.007407407407407408
2 0.260296493768692 0.8077746629714966 0.0046875 0.007407407407407408
2 0.752432107925415 0.21186091005802155 0.0046875 0.007407407407407408
2 0.6725543141365051 0.21224337816238403 0.0046875 0.007407407407407408
2 0.5917396545410156 0.21263298392295837 0.0046875 0.007407407407407408
2 0.4294845461845398 0.21428050100803375 0.005729166666666666 0.009259259259259259
2 0.3485434949398041 0.21553818881511688 0.005729166666666666 0.009259259259259259
2 0.26563194394111633 0.21725545823574066 0.005729166666666666 0.009259259259259259
