4 0.19147446751594543 0.6156578660011292 0.015625 0.024074074074074074
3 0.21741142868995667 0.6897783875465393 0.016145833333333335 0.024074074074074074
3 0.27221426367759705 0.5497918128967285 0.015625 0.024074074074074074
4 0.34334227442741394 0.2755928337574005 0.015625 0.025925925925925925
3 0.4137386381626129 0.3153282105922699 0.014583333333333334 0.025
4 0.2903919816017151 0.4900350570678711 0.016145833333333335 0.025925925925925925
3 0.3260754942893982 0.6516141891479492 0.015104166666666667 0.025925925925925925
4 0.5003492832183838 0.7474096417427063 0.014583333333333334 0.025
0 0.45127710700035095 0.6028804779052734 0.015104166666666667 0.024074074074074074
1 0.4871225953102112 0.5123383402824402 0.015625 0.025
3 0.448587030172348 0.2702912986278534 0.0140625 0.025
3 0.5339747071266174 0.3351619243621826 0.015104166666666667 0.024074074074074074
3 0.7742699384689331 0.5244054198265076 0.015104166666666667 0.023148148148148147
2 0.8393516540527344 0.6511191129684448 0.0067708333333333336 0.011111111111111112
2 0.8429915308952332 0.5232048034667969 0.0067708333333333336 0.011111111111111112
2 0.8475047945976257 0.3916005492210388 0.0067708333333333336 0.011111111111111112
2 0.1501249372959137 0.6378443837165833 0.007291666666666667 0.011111111111111112
2 0.14840863645076752 0.5134849548339844 0.007291666666666667 0.011111111111111112
2 0.14763610064983368 0.3855980336666107 0.007291666666666667 0.011111111111111112
2 0.7299011945724487 0.8110561370849609 0.005208333333333333 0.008333333333333333
2 0.6482782363891602 0.8088869452476501 0.005208333333333333 0.008333333333333333
2 0.5676920413970947 0.807171642780304 0.005208333333333333 0.008333333333333333
2 0.40862762928009033 0.8029415011405945 0.0046875 0.007407407407407408
2 0.3298822343349457 0.8008473515510559 0.0046875 0.007407407407407408
2 0.2511732876300812 0.7987542152404785 0.0046875 0.007407407407407408
2 0.7442617416381836 0.22195039689540863 0.0046875 0.007407407407407408
2 0.6604531407356262 0.22131313383579254 0.0046875 0.007407407407407408
2 0.5767123103141785 0.2206791490316391 0.0046875 0.007407407407407408
2 0.41169676184654236 0.22031733393669128 0.005729166666666666 0.009259259259259259
2 0.33090344071388245 0.22058440744876862 0.005729166666666666 0.009259259259259259
2 0.24917711317539215 0.2212890386581421 0.005729166666666666 0.009259259259259259
