4 0.3835955262184143 0.2724513113498688 0.01875 0.03148148148148148
4 0.3465619385242462 0.35207968950271606 0.019791666666666666 0.032407407407407406
3 0.502456545829773 0.28352364897727966 0.018229166666666668 0.030555555555555555
1 0.6501893401145935 0.38099148869514465 0.019791666666666666 0.03518518518518519
3 0.34149596095085144 0.42385074496269226 0.020833333333333332 0.03425925925925926
0 0.582360565662384 0.48050007224082947 0.021875 0.03518518518518519
4 0.710828423500061 0.4463009238243103 0.021354166666666667 0.03611111111111111
3 0.27572962641716003 0.4824889600276947 0.022395833333333334 0.037037037037037035
3 0.31446805596351624 0.5071503520011902 0.022395833333333334 0.03518518518518519
4 0.2695399522781372 0.5616274476051331 0.022916666666666665 0.03888888888888889
4 0.4789852499961853 0.606780469417572 0.0234375 0.03888888888888889
3 0.5404909253120422 0.6224551200866699 0.024479166666666666 0.03888888888888889
3 0.6398105621337891 0.5771874785423279 0.0234375 0.03888888888888889
4 0.6168609261512756 0.697676956653595 0.025 0.03611111111111111
3 0.6939584612846375 0.6760904788970947 0.025520833333333333 0.040740740740740744
2 0.6461390852928162 0.7311660647392273 0.008333333333333333 0.012962962962962963
2 0.5053285956382751 0.7304954528808594 0.008333333333333333 0.012962962962962963
2 0.3647845685482025 0.7302306890487671 0.008333333333333333 0.012962962962962963
2 0.20296542346477509 0.6306260228157043 0.007291666666666667 0.012037037037037037
2 0.21516583859920502 0.5621691942214966 0.007291666666666667 0.012037037037037037
2 0.226316899061203 0.5006677508354187 0.007291666666666667 0.012037037037037037
2 0.8036066293716431 0.6356048583984375 0.0067708333333333336 0.011111111111111112
2 0.7898918390274048 0.5665156245231628 0.0067708333333333336 0.011111111111111112
2 0.7770437598228455 0.5047141909599304 0.0067708333333333336 0.011111111111111112
2 0.26461437344551086 0.29472649097442627 0.008333333333333333 0.012962962962962963
2 0.2552545666694641 0.3407420217990875 0.008333333333333333 0.012962962962962963
2 0.24724502861499786 0.38908088207244873 0.008333333333333333 0.012962962962962963
2 0.7545691132545471 0.39486804604530334 0.0067708333333333336 0.011111111111111112
2 0.7442262172698975 0.34572282433509827 0.0067708333333333336 0.011111111111111112
2 0.7355868816375732 0.2996929883956909 0.0067708333333333336 0.011111111111111112
2 0.5982538461685181 0.24426427483558655 0.005729166666666666 0.009259259259259259
2 0.4996390640735626 0.2434701919555664 0.005729166666666666 0.009259259259259259
2 0.4005481004714966 0.2439240962266922 0.005729166666666666 0.009259259259259259
