4 0.38373857736587524 0.24058043956756592 0.01875 0.03148148148148148
4 0.3457029461860657 0.3290329575538635 0.019791666666666666 0.032407407407407406
3 0.5038084983825684 0.24922193586826324 0.018229166666666668 0.030555555555555555
1 0.6535558104515076 0.351867139339447 0.019791666666666666 0.03518518518518519
3 0.3400038480758667 0.408477783203125 0.020833333333333332 0.03425925925925926
0 0.5851380825042725 0.464094340801239 0.021875 0.03518518518518519
4 0.7155759334564209 0.4222288131713867 0.021354166666666667 0.03611111111111111
3 0.2723885774612427 0.4756535291671753 0.022395833333333334 0.037037037037037035
3 0.31172624230384827 0.5019874572753906 0.022395833333333334 0.03518518518518519
4 0.265177458524704 0.5643849968910217 0.022916666666666665 0.03888888888888889
4 0.4796212315559387 0.6086282730102539 0.0234375 0.03888888888888889
3 0.5426849126815796 0.6243607401847839 0.024479166666666666 0.03888888888888889
3 0.644207775592804 0.5703511834144592 0.0234375 0.03888888888888889
4 0.6213414669036865 0.7070133686065674 0.025 0.03611111111111111
3 0.7003977298736572 0.6801014542579651 0.025520833333333333 0.040740740740740744
2 0.6516546010971069 0.7441264390945435 0.008333333333333333 0.012962962962962963
2 0.5065948963165283 0.7478860020637512 0.008333333333333333 0.012962962962962963
2 0.36162084341049194 0.7521043419837952 0.008333333333333333 0.012962962962962963
2 0.19590778648853302 0.6442052721977234 0.007291666666666667 0.012037037037037037
2 0.20941098034381866 0.5666826963424683 0.007291666666666667 0.012037037037037037
2 0.22166378796100616 0.4974500238895416 0.007291666666666667 0.012037037037037037
2 0.8123294115066528 0.6309210658073425 0.0067708333333333336 0.011111111111111112
2 0.7973931431770325 0.5537371635437012 0.0067708333333333336 0.011111111111111112
2 0.7835198640823364 0.4851141571998596 0.0067708333333333336 0.011111111111111112
2 0.2631593644618988 0.26843762397766113 0.008333333333333333 0.012962962962962963
2 0.2531410753726959 0.31925538182258606 0.008333333333333333 0.012962962962962963
2 0.24442563951015472 0.37281712889671326 0.008333333333333333 0.012962962962962963
2 0.7594146728515625 0.36405709385871887 0.0067708333333333336 0.011111111111111112
2 0.7484147548675537 0.31028422713279724 0.0067708333333333336 0.011111111111111112
2 0.7392122745513916 0.26010027527809143 0.0067708333333333336 0.011111111111111112
2 0.6003789305686951 0.20360243320465088 0.005729166666666666 0.009259259259259259
2 0.5009827613830566 0.20558661222457886 0.005729166666666666 0.009259259259259259
2 0.40101516246795654 0.20894673466682434 0.005729166666666666 0.009259259259259259
