4 0.3815985918045044 0.25956571102142334 0.01875 0.03148148148148148
4 0.34328606724739075 0.34453263878822327 0.019791666666666666 0.032407407407407406
3 0.4995318055152893 0.26819631457328796 0.018229166666666668 0.030555555555555555
1 0.6471939086914062 0.36853593587875366 0.019791666666666666 0.03518518518518519
3 0.3366837799549103 0.4209553003311157 0.020833333333333332 0.03425925925925926
0 0.577621579170227 0.47720375657081604 0.021875 0.03518518518518519
4 0.7086262106895447 0.4377100467681885 0.021354166666666667 0.03611111111111111
3 0.2699670195579529 0.48490262031555176 0.022395833333333334 0.037037037037037035
3 0.3078759014606476 0.5106968283653259 0.022395833333333334 0.03518518518518519
4 0.2617637515068054 0.5701218843460083 0.022916666666666665 0.03888888888888889
4 0.47123095393180847 0.6162140369415283 0.0234375 0.03888888888888889
3 0.5335081815719604 0.6325739026069641 0.024479166666666666 0.03888888888888889
3 0.63536137342453 0.581566572189331 0.0234375 0.03888888888888889
4 0.6109182238578796 0.7146864533424377 0.025 0.03611111111111111
3 0.6905193328857422 0.6899386644363403 0.025520833333333333 0.040740740740740744
2 0.640844464302063 0.7516441345214844 0.008333333333333333 0.012962962962962963
2 0.49620991945266724 0.7521052956581116 0.008333333333333333 0.012962962962962963
2 0.3533225953578949 0.753007173538208 0.008333333333333333 0.012962962962962963
2 0.19357408583164215 0.6457167267799377 0.007291666666666667 0.012037037037037037
2 0.20770263671875 0.5715147852897644 0.007291666666666667 0.012037037037037037
2 0.22050882875919342 0.5052438378334045 0.007291666666666667 0.012037037037037037
2 0.804165244102478 0.6437398195266724 0.0067708333333333336 0.011111111111111112
2 0.7898213863372803 0.5675963163375854 0.0067708333333333336 0.011111111111111112
2 0.7764943242073059 0.5000320076942444 0.0067708333333333336 0.011111111111111112
2 0.26381435990333557 0.2859828770160675 0.008333333333333333 0.012962962962962963
2 0.2534182369709015 0.3346404731273651 0.008333333333333333 0.012962962962962963
2 0.24424782395362854 0.38593047857284546 0.008333333333333333 0.012962962962962963
2 0.7534210681915283 0.38117516040802 0.0067708333333333336 0.011111111111111112
2 0.7429031133651733 0.3285115659236908 0.0067708333333333336 0.011111111111111112
2 0.7341726422309875 0.27944108843803406 0.0067708333333333336 0.011111111111111112
2 0.5958287715911865 0.22416739165782928 0.005729166666666666 0.009259259259259259
2 0.497271865606308 0.22600030899047852 0.005729166666666666 0.009259259259259259
2 0.3989163637161255 0.22914288938045502 0.005729166666666666 0.009259259259259259
