3 0.2581087648868561 0.7254346609115601 0.015104166666666667 0.023148148148148147
3 0.2391488403081894 0.5462204813957214 0.014583333333333334 0.024074074074074074
3 0.22969728708267212 0.3262176513671875 0.015625 0.025
0 0.32887548208236694 0.3118513524532318 0.015104166666666667 0.024074074074074074
3 0.45969390869140625 0.5388252139091492 0.015104166666666667 0.024074074074074074
4 0.5124327540397644 0.6600148677825928 0.015625 0.025925925925925925
4 0.5968347191810608 0.605688750743866 0.015625 0.025
1 0.6518145203590393 0.6798014044761658 0.016145833333333335 0.025925925925925925
4 0.6768993139266968 0.6127763986587524 0.015625 0.024074074074074074
3 0.660027801990509 0.3206956386566162 0.015625 0.025925925925925925
4 0.8111597299575806 0.49050500988960266 0.016145833333333335 0.024074074074074074
3 0.7993643283843994 0.4341628849506378 0.016145833333333335 0.025
2 0.8506448268890381 0.6518155336380005 0.007291666666666667 0.012037037037037037
2 0.8516280055046082 0.5211273431777954 0.007291666666666667 0.012037037037037037
2 0.8536746501922607 0.3887333273887634 0.007291666666666667 0.012037037037037037
2 0.13916461169719696 0.6388967633247375 0.0067708333333333336 0.010185185185185186
2 0.13796845078468323 0.5109134316444397 0.0067708333333333336 0.010185185185185186
2 0.13600464165210724 0.38125911355018616 0.0067708333333333336 0.010185185185185186
2 0.7396432161331177 0.8151251077651978 0.008333333333333333 0.013888888888888888
2 0.6563032865524292 0.813696563243866 0.008333333333333333 0.013888888888888888
2 0.573628306388855 0.8127198219299316 0.008333333333333333 0.013888888888888888
2 0.40823015570640564 0.8081305027008057 0.005729166666666666 0.009259259259259259
2 0.3262617886066437 0.805855393409729 0.005729166666666666 0.009259259259259259
2 0.2446957230567932 0.8044612407684326 0.005729166666666666 0.009259259259259259
2 0.7456190586090088 0.21538954973220825 0.007291666666666667 0.012037037037037037
2 0.6610651612281799 0.21634982526302338 0.007291666666666667 0.012037037037037037
2 0.5759099125862122 0.21459004282951355 0.007291666666666667 0.012037037037037037
2 0.40686798095703125 0.21424315869808197 0.005208333333333333 0.008333333333333333
2 0.3232371509075165 0.2138480395078659 0.005208333333333333 0.008333333333333333
2 0.24002481997013092 0.21390214562416077 0.005208333333333333 0.008333333333333333
