3 0.741909921169281 0.7245667576789856 0.015104166666666667 0.023148148148148147
3 0.7592913508415222 0.5417392253875732 0.014583333333333334 0.024074074074074074
3 0.7663131356239319 0.32043468952178955 0.015625 0.025
0 0.6658916473388672 0.30626630783081055 0.015104166666666667 0.024074074074074074
3 0.5351340770721436 0.5333595275878906 0.015104166666666667 0.024074074074074074
4 0.482065886259079 0.6557185053825378 0.015625 0.025925925925925925
4 0.3968943953514099 0.6001618504524231 0.015625 0.025
1 0.34135252237319946 0.6747933626174927 0.016145833333333335 0.025925925925925925
4 0.316456139087677 0.6068577766418457 0.015625 0.024074074074074074
3 0.3346153795719147 0.31551823019981384 0.015625 0.025925925925925925
4 0.1835028976202011 0.4837687313556671 0.016145833333333335 0.024074074074074074
3 0.19572807848453522 0.427793949842453 0.016145833333333335 0.025
2 0.14256735146045685 0.6451103687286377 0.007291666666666667 0.012037037037037037
2 0.1430734097957611 0.5141578912734985 0.007291666666666667 0.012037037037037037
2 0.14254535734653473 0.3827897608280182 0.007291666666666667 0.012037037037037037
2 0.8631623387336731 0.636718213558197 0.0067708333333333336 0.010185185185185186
2 0.8623855113983154 0.5063148140907288 0.0067708333333333336 0.010185185185185186
2 0.8623735308647156 0.37547850608825684 0.0067708333333333336 0.010185185185185186
2 0.2521721422672272 0.8117509484291077 0.008333333333333333 0.013888888888888888
2 0.3362753689289093 0.8111945390701294 0.008333333333333333 0.013888888888888888
2 0.42004111409187317 0.8110923171043396 0.008333333333333333 0.013888888888888888
2 0.5886226892471313 0.8081716895103455 0.005729166666666666 0.009259259259259259
2 0.6726618409156799 0.8067150712013245 0.005729166666666666 0.009259259259259259
2 0.7566257119178772 0.8061591982841492 0.005729166666666666 0.009259259259259259
2 0.25060489773750305 0.21231165528297424 0.007291666666666667 0.012037037037037037
2 0.33402565121650696 0.2129264622926712 0.007291666666666667 0.012037037037037037
2 0.41839399933815 0.21087206900119781 0.007291666666666667 0.012037037037037037
2 0.5868927240371704 0.20986926555633545 0.005208333333333333 0.008333333333333333
2 0.6707645654678345 0.20914946496486664 0.005208333333333333 0.008333333333333333
2 0.7545593976974487 0.20887278020381927 0.005208333333333333 0.008333333333333333
