3 0.27138233184814453 0.7304821610450745 0.015104166666666667 0.023148148148148147
3 0.25128066539764404 0.5491154789924622 0.014583333333333334 0.024074074074074074
3 0.24074102938175201 0.3274730443954468 0.015625 0.025
0 0.340476930141449 0.3098536431789398 0.015104166666666667 0.024074074074074074
3 0.4729759991168976 0.5325652956962585 0.015104166666666667 0.024074074074074074
4 0.5266580581665039 0.6521709561347961 0.015625 0.025925925925925925
4 0.609725832939148 0.5938844084739685 0.015625 0.025
1 0.6648536920547485 0.6657025218009949 0.016145833333333335 0.025925925925925925
4 0.6886354088783264 0.5975345373153687 0.015625 0.024074074074074074
3 0.6682875752449036 0.30811119079589844 0.015625 0.025925925925925925
4 0.8177857995033264 0.47064194083213806 0.016145833333333335 0.024074074074074074
3 0.8054717183113098 0.4154338836669922 0.016145833333333335 0.025
2 0.8586737513542175 0.628871500492096 0.007291666666666667 0.012037037037037037
2 0.8574485778808594 0.4993559718132019 0.007291666666666667 0.012037037037037037
2 0.8572267889976501 0.36881721019744873 0.007291666666666667 0.012037037037037037
2 0.1496986448764801 0.6477856636047363 0.0067708333333333336 0.010185185185185186
2 0.14816348254680634 0.5174524188041687 0.0067708333333333336 0.010185185185185186
2 0.14585012197494507 0.3861333131790161 0.0067708333333333336 0.010185185185185186
2 0.7530241012573242 0.7972418665885925 0.008333333333333333 0.013888888888888888
2 0.6710149049758911 0.8000470399856567 0.008333333333333333 0.013888888888888888
2 0.5891425013542175 0.8032929301261902 0.008333333333333333 0.013888888888888888
2 0.4237416088581085 0.8071678876876831 0.005729166666666666 0.009259259259259259
2 0.3409840762615204 0.8091060519218445 0.005729166666666666 0.009259259259259259
2 0.2581121325492859 0.8119376301765442 0.005729166666666666 0.009259259259259259
2 0.7501219511032104 0.20199212431907654 0.007291666666666667 0.012037037037037037
2 0.6679602265357971 0.20525501668453217 0.007291666666666667 0.012037037037037037
2 0.5846387147903442 0.20587240159511566 0.007291666666666667 0.012037037037037037
2 0.41764718294143677 0.21023450791835785 0.005208333333333333 0.008333333333333333
2 0.3342171907424927 0.2121911197900772 0.005208333333333333 0.008333333333333333
2 0.2506667375564575 0.2145976722240448 0.005208333333333333 0.008333333333333333
