3 0.7360596060752869 0.7114657163619995 0.015104166666666667 0.023148148148148147
3 0.7543653845787048 0.5270702242851257 0.014583333333333334 0.024074074074074074
3 0.7626554369926453 0.3048815429210663 0.015625 0.025
0 0.6643626689910889 0.28994259238243103 0.015104166666666667 0.024074074074074074
3 0.5345463156700134 0.51624995470047 0.015104166666666667 0.024074074074074074
4 0.4814562201499939 0.6386508345603943 0.015625 0.025925925925925925
4 0.39886683225631714 0.5817915201187134 0.015625 0.025
1 0.34385570883750916 0.6560984253883362 0.016145833333333335 0.025925925925925925
4 0.3204323351383209 0.5875856280326843 0.015625 0.024074074074074074
3 0.3415958285331726 0.2966732680797577 0.015625 0.025925925925925925
4 0.19300910830497742 0.46302929520606995 0.016145833333333335 0.024074074074074074
3 0.2056167870759964 0.4073304533958435 0.016145833333333335 0.025
2 0.15106241405010223 0.6238811016082764 0.007291666666666667 0.012037037037037037
2 0.15345437824726105 0.49295124411582947 0.007291666666666667 0.012037037037037037
2 0.15484526753425598 0.3620646297931671 0.007291666666666667 0.012037037037037037
2 0.856247067451477 0.6241250038146973 0.0067708333333333336 0.010185185185185186
2 0.856126606464386 0.49246570467948914 0.0067708333333333336 0.010185185185185186
2 0.8567617535591125 0.3608532249927521 0.0067708333333333336 0.010185185185185186
2 0.2552393972873688 0.7927477955818176 0.008333333333333333 0.013888888888888888
2 0.33726468682289124 0.7933933734893799 0.008333333333333333 0.013888888888888888
2 0.4191409945487976 0.7944943904876709 0.008333333333333333 0.013888888888888888
2 0.5845091342926025 0.7939693331718445 0.005729166666666666 0.009259259259259259
2 0.6672254204750061 0.7937060594558716 0.005729166666666666 0.009259259259259259
2 0.7500478029251099 0.7943549752235413 0.005729166666666666 0.009259259259259259
2 0.26156067848205566 0.1935800015926361 0.007291666666666667 0.012037037037037037
2 0.34224650263786316 0.1947047859430313 0.007291666666666667 0.012037037037037037
2 0.4240637421607971 0.19318586587905884 0.007291666666666667 0.012037037037037037
2 0.5879849791526794 0.1932292878627777 0.005208333333333333 0.008333333333333333
2 0.6698567867279053 0.19303099811077118 0.005208333333333333 0.008333333333333333
2 0.7518346309661865 0.19327403604984283 0.005208333333333333 0.008333333333333333
