3 0.740845799446106 0.7105186581611633 0.015104166666666667 0.023148148148148147
3 0.759248673915863 0.5257681012153625 0.015104166666666667 0.023148148148148147
3 0.7668336033821106 0.30310893058776855 0.015104166666666667 0.025
1 0.6702302694320679 0.4035474359989166 0.015625 0.025
0 0.6683235168457031 0.2889101207256317 0.015104166666666667 0.024074074074074074
4 0.5604320168495178 0.6993539929389954 0.015104166666666667 0.025
4 0.5451461672782898 0.2853095829486847 0.015104166666666667 0.025925925925925925
3 0.5373297929763794 0.5185437798500061 0.014583333333333334 0.023148148148148147
4 0.4842616617679596 0.6425972580909729 0.015625 0.025925925925925925
4 0.3998629152774811 0.5878257751464844 0.015625 0.025925925925925925
4 0.32002073526382446 0.595295786857605 0.015625 0.025
3 0.340641587972641 0.2990119755268097 0.015104166666666667 0.025925925925925925
4 0.18878641724586487 0.4708046019077301 0.016145833333333335 0.023148148148148147
3 0.2015942484140396 0.4139150381088257 0.016145833333333335 0.024074074074074074
2 0.1463187038898468 0.6361870169639587 0.005729166666666666 0.009259259259259259
2 0.1478392779827118 0.5010668635368347 0.005729166666666666 0.009259259259259259
2 0.14855286478996277 0.3686111271381378 0.005729166666666666 0.009259259259259259
2 0.8610944151878357 0.6213632822036743 0.005729166666666666 0.008333333333333333
2 0.8611467480659485 0.4887997806072235 0.005729166666666666 0.008333333333333333
2 0.8609455227851868 0.3566087782382965 0.005729166666666666 0.008333333333333333
2 0.25303906202316284 0.8042498826980591 0.008333333333333333 0.012962962962962963
2 0.33727601170539856 0.8032338619232178 0.008333333333333333 0.012962962962962963
2 0.4215382933616638 0.8017552495002747 0.008333333333333333 0.012962962962962963
2 0.5880712866783142 0.7970080971717834 0.005729166666666666 0.009259259259259259
2 0.672134518623352 0.7950754761695862 0.005729166666666666 0.009259259259259259
2 0.7544266581535339 0.7931835651397705 0.005729166666666666 0.009259259259259259
2 0.2582465708255768 0.19517068564891815 0.0067708333333333336 0.011111111111111112
2 0.341545432806015 0.1954549252986908 0.0067708333333333336 0.011111111111111112
2 0.4256513714790344 0.19304603338241577 0.0067708333333333336 0.011111111111111112
2 0.5910995602607727 0.19094622135162354 0.005208333333333333 0.008333333333333333
2 0.6734753251075745 0.19078999757766724 0.005208333333333333 0.008333333333333333
2 0.7563782930374146 0.18973655998706818 0.005208333333333333 0.008333333333333333
