3 0.7396478652954102 0.7191504240036011 0.015104166666666667 0.023148148148148147
3 0.7564421892166138 0.5432752370834351 0.015104166666666667 0.023148148148148147
3 0.7619470953941345 0.32920390367507935 0.015104166666666667 0.025
1 0.6645940542221069 0.42494314908981323 0.015625 0.025
0 0.661279022693634 0.31456369161605835 0.015104166666666667 0.024074074074074074
4 0.5574638247489929 0.7054250836372375 0.015104166666666667 0.025
4 0.5361070036888123 0.3099587559700012 0.015104166666666667 0.025925925925925925
3 0.5316141843795776 0.5332984328269958 0.014583333333333334 0.023148148148148147
4 0.48011529445648193 0.6504034996032715 0.015625 0.025925925925925925
4 0.39462560415267944 0.5971859097480774 0.015625 0.025925925925925925
4 0.3149733245372772 0.6030603647232056 0.015625 0.025
3 0.3300279378890991 0.32122641801834106 0.015104166666666667 0.025925925925925925
4 0.18171504139900208 0.4833163917064667 0.016145833333333335 0.023148148148148147
3 0.19323912262916565 0.4294459819793701 0.016145833333333335 0.024074074074074074
2 0.14321811497211456 0.6389721035957336 0.005729166666666666 0.009259259259259259
2 0.14169836044311523 0.5114602446556091 0.005729166666666666 0.009259259259259259
2 0.13942714035511017 0.3857637941837311 0.005729166666666666 0.009259259259259259
2 0.8610253930091858 0.636231005191803 0.005729166666666666 0.008333333333333333
2 0.8600295186042786 0.5092115998268127 0.005729166666666666 0.008333333333333333
2 0.8587713241577148 0.3818510174751282 0.005729166666666666 0.008333333333333333
2 0.2524638772010803 0.7986449599266052 0.008333333333333333 0.012962962962962963
2 0.33604559302330017 0.7992934584617615 0.008333333333333333 0.012962962962962963
2 0.4199369251728058 0.7995099425315857 0.008333333333333333 0.012962962962962963
2 0.5865827202796936 0.798218309879303 0.005729166666666666 0.009259259259259259
2 0.6711549758911133 0.7980010509490967 0.005729166666666666 0.009259259259259259
2 0.7542362809181213 0.7977876663208008 0.005729166666666666 0.009259259259259259
2 0.24528473615646362 0.22092609107494354 0.0067708333333333336 0.011111111111111112
2 0.32899045944213867 0.22180652618408203 0.0067708333333333336 0.011111111111111112
2 0.41375377774238586 0.2201000452041626 0.0067708333333333336 0.011111111111111112
2 0.5814228057861328 0.21927793323993683 0.005208333333333333 0.008333333333333333
2 0.6653522253036499 0.21972815692424774 0.005208333333333333 0.008333333333333333
2 0.7501019835472107 0.2193129062652588 0.005208333333333333 0.008333333333333333
