3 0.8187479376792908 0.2687687575817108 0.016145833333333335 0.025
3 0.2680564224720001 0.7210364937782288 0.015104166666666667 0.023148148148148147
4 0.2342347502708435 0.251661092042923 0.015625 0.024074074074074074
3 0.23656222224235535 0.3154129981994629 0.015625 0.025
3 0.2803836166858673 0.3677365481853485 0.015104166666666667 0.025
0 0.3362405002117157 0.2992789149284363 0.015104166666666667 0.024074074074074074
4 0.3931863009929657 0.2851525545120239 0.015104166666666667 0.024074074074074074
4 0.39095956087112427 0.4729677438735962 0.015625 0.025
4 0.4787921905517578 0.7390408515930176 0.015104166666666667 0.024074074074074074
3 0.4704301059246063 0.5261915922164917 0.014583333333333334 0.024074074074074074
4 0.4605392515659332 0.29338839650154114 0.015625 0.025
4 0.6079719662666321 0.5904529690742493 0.015625 0.025925925925925925
1 0.6458595395088196 0.28280866146087646 0.016145833333333335 0.025925925925925925
3 0.6646793484687805 0.3037073612213135 0.015625 0.025
3 0.8027816414833069 0.4140443503856659 0.016145833333333335 0.024074074074074074
4 0.8154311776161194 0.4696691930294037 0.016145833333333335 0.024074074074074074
2 0.25492605566978455 0.8035218119621277 0.005729166666666666 0.009259259259259259
2 0.33871155977249146 0.8030055165290833 0.005729166666666666 0.009259259259259259
2 0.4220251739025116 0.8015955686569214 0.005729166666666666 0.009259259259259259
2 0.587298572063446 0.8001382350921631 0.00625 0.010185185185185186
2 0.6707652807235718 0.7982807755470276 0.00625 0.010185185185185186
2 0.7530437111854553 0.7986732721328735 0.00625 0.010185185185185186
2 0.8570780158042908 0.6302410960197449 0.00625 0.009259259259259259
2 0.8562708497047424 0.4983476400375366 0.00625 0.009259259259259259
2 0.8542198538780212 0.36788302659988403 0.00625 0.009259259259259259
2 0.14439232647418976 0.6362624168395996 0.00625 0.010185185185185186
2 0.14279308915138245 0.5038923025131226 0.00625 0.010185185185185186
2 0.14120565354824066 0.3725053668022156 0.00625 0.010185185185185186
2 0.7467288970947266 0.20086783170700073 0.00625 0.009259259259259259
2 0.6632933020591736 0.19975998997688293 0.00625 0.009259259259259259
2 0.5799432396888733 0.2013281285762787 0.00625 0.009259259259259259
2 0.41309985518455505 0.20134089887142181 0.007291666666666667 0.012037037037037037
2 0.32961997389793396 0.20067431032657623 0.007291666666666667 0.012037037037037037
2 0.24570725858211517 0.20225054025650024 0.007291666666666667 0.012037037037037037
