3 0.8181486129760742 0.29254573583602905 0.016145833333333335 0.025
3 0.2693168520927429 0.7412316203117371 0.015104166666666667 0.023148148148148147
4 0.24271024763584137 0.28006717562675476 0.015625 0.024074074074074074
3 0.244131401181221 0.34288614988327026 0.015625 0.025
3 0.28604602813720703 0.3941803276538849 0.015104166666666667 0.025
0 0.34143269062042236 0.32631662487983704 0.015104166666666667 0.024074074074074074
4 0.3972984850406647 0.31196004152297974 0.015104166666666667 0.024074074074074074
4 0.3924022614955902 0.4974461793899536 0.015625 0.025
4 0.47436508536338806 0.7594742178916931 0.015104166666666667 0.024074074074074074
3 0.469389945268631 0.5497609376907349 0.014583333333333334 0.024074074074074074
4 0.46319928765296936 0.3196389377117157 0.015625 0.025
4 0.6035764217376709 0.613097608089447 0.015625 0.025925925925925925
1 0.6460636258125305 0.3078242838382721 0.016145833333333335 0.025925925925925925
3 0.6643518209457397 0.3284829556941986 0.015625 0.025
3 0.7996081113815308 0.43755775690078735 0.016145833333333335 0.024074074074074074
4 0.811204195022583 0.49290376901626587 0.016145833333333335 0.024074074074074074
2 0.25549495220184326 0.821897566318512 0.005729166666666666 0.009259259259259259
2 0.3367985486984253 0.821752667427063 0.005729166666666666 0.009259259259259259
2 0.4179598391056061 0.8207283020019531 0.005729166666666666 0.009259259259259259
2 0.5798447728157043 0.8200043439865112 0.00625 0.010185185185185186
2 0.6620773077011108 0.8185299038887024 0.00625 0.010185185185185186
2 0.7434051632881165 0.8192694783210754 0.00625 0.010185185185185186
2 0.8497687578201294 0.6525640487670898 0.00625 0.009259259259259259
2 0.8513898253440857 0.5213475823402405 0.00625 0.009259259259259259
2 0.8517458438873291 0.3912806212902069 0.00625 0.009259259259259259
2 0.15077343583106995 0.6580747365951538 0.00625 0.010185185185185186
2 0.15086740255355835 0.5284860134124756 0.00625 0.010185185185185186
2 0.1509607881307602 0.3995910584926605 0.00625 0.010185185185185186
2 0.7475891709327698 0.22533781826496124 0.00625 0.009259259259259259
2 0.6647262573242188 0.22499331831932068 0.00625 0.009259259259259259
2 0.5822145938873291 0.22731103003025055 0.00625 0.009259259259259259
2 0.4180292785167694 0.22882653772830963 0.007291666666666667 0.012037037037037037
2 0.3363494277000427 0.22891494631767273 0.007291666666666667 0.012037037037037037
2 0.2545225918292999 0.23122097551822662 0.007291666666666667 0.012037037037037037
