3 0.18221515417099 0.2740781009197235 0.016145833333333335 0.025
3 0.7460744380950928 0.7288100123405457 0.015104166666666667 0.023148148148148147
4 0.7747202515602112 0.25684309005737305 0.015625 0.024074074074074074
3 0.773082971572876 0.3209554851055145 0.015625 0.025
3 0.729997992515564 0.3737034499645233 0.015104166666666667 0.025
0 0.6734393835067749 0.304837167263031 0.015104166666666667 0.024074074074074074
4 0.6161620616912842 0.2906187176704407 0.015104166666666667 0.024074074074074074
4 0.6204884052276611 0.4803527891635895 0.015625 0.025
4 0.5350597500801086 0.7501762509346008 0.015104166666666667 0.024074074074074074
3 0.5410780310630798 0.5347676873207092 0.014583333333333334 0.024074074074074074
4 0.5484170913696289 0.29900211095809937 0.015625 0.025
4 0.4023832082748413 0.6012763977050781 0.015625 0.025925925925925925
1 0.36007800698280334 0.28838080167770386 0.016145833333333335 0.025925925925925925
3 0.34108585119247437 0.3097047805786133 0.015625 0.025
3 0.20052416622638702 0.4228803217411041 0.016145833333333335 0.024074074074074074
4 0.18815895915031433 0.4799101650714874 0.016145833333333335 0.024074074074074074
2 0.7600184082984924 0.8113939166069031 0.005729166666666666 0.009259259259259259
2 0.6764776706695557 0.8123517632484436 0.005729166666666666 0.009259259259259259
2 0.5929416418075562 0.8124050498008728 0.005729166666666666 0.009259259259259259
2 0.4258818030357361 0.8138704895973206 0.00625 0.010185185185185186
2 0.3408045768737793 0.8134759068489075 0.00625 0.010185185185185186
2 0.25650399923324585 0.8153526782989502 0.00625 0.010185185185185186
2 0.14711706340312958 0.6447687745094299 0.00625 0.009259259259259259
2 0.14628474414348602 0.5095953345298767 0.00625 0.009259259259259259
2 0.1467583179473877 0.37578827142715454 0.00625 0.009259259259259259
2 0.8677991628646851 0.6421642899513245 0.00625 0.010185185185185186
2 0.8680118322372437 0.5096437931060791 0.00625 0.010185185185185186
2 0.8682230710983276 0.37802380323410034 0.00625 0.010185185185185186
2 0.25564929842948914 0.20461177825927734 0.00625 0.009259259259259259
2 0.3412543833255768 0.20366914570331573 0.00625 0.009259259259259259
2 0.4263324737548828 0.205454483628273 0.00625 0.009259259259259259
2 0.5951974391937256 0.20583520829677582 0.007291666666666667 0.012037037037037037
2 0.6789883971214294 0.20534496009349823 0.007291666666666667 0.012037037037037037
2 0.7627773880958557 0.20711559057235718 0.007291666666666667 0.012037037037037037
