3 0.23483231663703918 0.5812044143676758 0.021354166666666667 0.03425925925925926
0 0.3214784562587738 0.5182878971099854 0.019270833333333334 0.03148148148148148
3 0.3879432678222656 0.6448178887367249 0.022395833333333334 0.037037037037037035
3 0.5461928248405457 0.6966437697410583 0.023958333333333335 0.03981481481481482
3 0.5647515058517456 0.5031351447105408 0.01875 0.030555555555555555
3 0.5580114126205444 0.3771889805793762 0.015104166666666667 0.025925925925925925
4 0.680603563785553 0.5027956962585449 0.01875 0.030555555555555555
4 0.6915116906166077 0.4499724209308624 0.017708333333333333 0.028703703703703703
3 0.6883006691932678 0.347209632396698 0.014583333333333334 0.024074074074074074
4 0.7245504856109619 0.3513173758983612 0.014583333333333334 0.024074074074074074
4 0.7367457151412964 0.4175529181957245 0.016666666666666666 0.026851851851851852
1 0.7726736664772034 0.444203644990921 0.017708333333333333 0.028703703703703703
2 0.3494302034378052 0.7616702914237976 0.0078125 0.012962962962962963
2 0.2500935196876526 0.7061310410499573 0.0078125 0.012962962962962963
2 0.16135959327220917 0.6579024195671082 0.0078125 0.012962962962962963
2 0.1824379563331604 0.5353766679763794 0.00625 0.010185185185185186
2 0.26272106170654297 0.4906231462955475 0.00625 0.010185185185185186
2 0.3341667950153351 0.4513596296310425 0.00625 0.010185185185185186
2 0.6033158898353577 0.7321012616157532 0.008854166666666666 0.014814814814814815
2 0.6731348633766174 0.6594531536102295 0.008854166666666666 0.014814814814814815
2 0.732380747795105 0.5982893705368042 0.008854166666666666 0.014814814814814815
2 0.8256930112838745 0.4993237555027008 0.005208333333333333 0.008333333333333333
2 0.8654215335845947 0.4582952857017517 0.005208333333333333 0.008333333333333333
2 0.9000392556190491 0.42182064056396484 0.005208333333333333 0.008333333333333333
2 0.45299166440963745 0.3837995231151581 0.005208333333333333 0.008333333333333333
2 0.5045212507247925 0.3563806116580963 0.005208333333333333 0.008333333333333333
2 0.5506413578987122 0.33078330755233765 0.005208333333333333 0.008333333333333333
2 0.8339555859565735 0.3550873398780823 0.005208333333333333 0.008333333333333333
2 0.7578580975532532 0.33742043375968933 0.005208333333333333 0.008333333333333333
2 0.6868528723716736 0.320209264755249 0.005208333333333333 0.008333333333333333
