3 0.7661176919937134 0.5737751722335815 0.021354166666666667 0.03425925925925926
0 0.6809148192405701 0.5127244591712952 0.019270833333333334 0.03148148148148148
3 0.6160264611244202 0.636005699634552 0.022395833333333334 0.037037037037037035
3 0.45934247970581055 0.6872939467430115 0.023958333333333335 0.03981481481481482
3 0.44054460525512695 0.4978235363960266 0.01875 0.030555555555555555
3 0.4470309615135193 0.37495356798171997 0.015104166666666667 0.025925925925925925
4 0.32500985264778137 0.4974015951156616 0.01875 0.030555555555555555
4 0.31408965587615967 0.44562938809394836 0.017708333333333333 0.028703703703703703
3 0.3172873854637146 0.3451317250728607 0.014583333333333334 0.024074074074074074
4 0.28104183077812195 0.34897276759147644 0.014583333333333334 0.024074074074074074
4 0.2688025236129761 0.41375651955604553 0.016666666666666666 0.026851851851851852
1 0.23273324966430664 0.4397921860218048 0.017708333333333333 0.028703703703703703
2 0.6544697880744934 0.7499841451644897 0.0078125 0.012962962962962963
2 0.7518525719642639 0.6952735185623169 0.0078125 0.012962962962962963
2 0.8383093476295471 0.6480478644371033 0.0078125 0.012962962962962963
2 0.81700199842453 0.5293169021606445 0.00625 0.010185185185185186
2 0.7383595705032349 0.4859248995780945 0.00625 0.010185185185185186
2 0.6681662797927856 0.4477403461933136 0.00625 0.010185185185185186
2 0.40243056416511536 0.7224029302597046 0.008854166666666666 0.014814814814814815
2 0.3325296640396118 0.6512353420257568 0.008854166666666666 0.014814814814814815
2 0.2731054425239563 0.5912094116210938 0.008854166666666666 0.014814814814814815
2 0.1793118119239807 0.49387139081954956 0.005208333333333333 0.008333333333333333
2 0.1393018364906311 0.45344117283821106 0.005208333333333333 0.008333333333333333
2 0.10440348088741302 0.41746172308921814 0.005208333333333333 0.008333333333333333
2 0.5509749054908752 0.3817978799343109 0.005208333333333333 0.008333333333333333
2 0.49998733401298523 0.3549322485923767 0.005208333333333333 0.008333333333333333
2 0.45426061749458313 0.3298114538192749 0.005208333333333333 0.008333333333333333
2 0.17121563851833344 0.3521500825881958 0.005208333333333333 0.008333333333333333
2 0.24768562614917755 0.3352157473564148 0.005208333333333333 0.008333333333333333
2 0.3187292516231537 0.31877392530441284 0.005208333333333333 0.008333333333333333
