3 0.12763112783432007 0.4097636640071869 0.025520833333333333 0.04259259259259259
4 0.143106147646904 0.29526692628860474 0.026041666666666668 0.04259259259259259
3 0.1615731567144394 0.3279467523097992 0.025 0.04259259259259259
4 0.24061495065689087 0.3625747561454773 0.024479166666666666 0.04259259259259259
1 0.24203045666217804 0.7524974346160889 0.023958333333333335 0.041666666666666664
4 0.5396202802658081 0.47325974702835083 0.0234375 0.04259259259259259
3 0.6020953059196472 0.7219809293746948 0.023958333333333335 0.041666666666666664
0 0.6488582491874695 0.5741028785705566 0.0234375 0.041666666666666664
3 0.7521322965621948 0.3280309736728668 0.023958333333333335 0.041666666666666664
4 0.7724893093109131 0.31081974506378174 0.024479166666666666 0.04259259259259259
2 0.9186556339263916 0.6859197020530701 0.007291666666666667 0.012962962962962963
2 0.9179574251174927 0.5109851956367493 0.007291666666666667 0.012962962962962963
2 0.919220507144928 0.33630186319351196 0.007291666666666667 0.012962962962962963
2 0.8005543351173401 0.12240876257419586 0.007291666666666667 0.012962962962962963
2 0.7021296620368958 0.1213642954826355 0.007291666666666667 0.012962962962962963
2 0.6041432619094849 0.11732259392738342 0.007291666666666667 0.012962962962962963
2 0.40567129850387573 0.11044655740261078 0.007291666666666667 0.012962962962962963
2 0.30546149611473083 0.10501369833946228 0.007291666666666667 0.012962962962962963
2 0.2035948485136032 0.10213684290647507 0.007291666666666667 0.012962962962962963
2 0.07127920538187027 0.31367483735084534 0.007291666666666667 0.012962962962962963
2 0.0664885863661766 0.49319180846214294 0.007291666666666667 0.012962962962962963
2 0.06170698627829552 0.6720820665359497 0.007291666666666667 0.012962962962962963
2 0.18558940291404724 0.8956781029701233 0.007291666666666667 0.012962962962962963
2 0.2886906862258911 0.8970646858215332 0.007291666666666667 0.012962962962962963
2 0.39068958163261414 0.8966513276100159 0.007291666666666667 0.012962962962962963
2 0.5932945609092712 0.8993889093399048 0.007291666666666667 0.012962962962962963
2 0.6944376230239868 0.9007522463798523 0.007291666666666667 0.012962962962962963
2 0.7947168946266174 0.9029879570007324 0.007291666666666667 0.012962962962962963
