3 0.40547269582748413 0.6114206910133362 0.021494047619047617 0.03644761904761905
3 0.2748209536075592 0.5250054597854614 0.02130952380952381 0.03291904761904762
4 0.3073027729988098 0.5029803514480591 0.019288690476190477 0.03233333333333334
1 0.40475913882255554 0.44322946667671204 0.01781845238095238 0.030861904761904764
4 0.46995919942855835 0.48339080810546875 0.019473214285714288 0.03174285714285714
3 0.48596063256263733 0.4729951024055481 0.01763392857142857 0.03262380952380953
3 0.5429508686065674 0.4644053280353546 0.020389880952380954 0.03203809523809524
3 0.4985599219799042 0.4160802960395813 0.018738095238095238 0.03233333333333334
4 0.46455299854278564 0.4233306646347046 0.01855357142857143 0.030566666666666666
3 0.6622585654258728 0.46664607524871826 0.01763392857142857 0.029980952380952382
3 0.6709311604499817 0.4132798910140991 0.01800297619047619 0.029685714285714287
0 0.742457926273346 0.4022868275642395 0.01763392857142857 0.029685714285714287
4 0.8189643025398254 0.4206347167491913 0.01800297619047619 0.02939047619047619
2 0.8428351879119873 0.43575459718704224 0.004633928571428572 0.006
2 0.8054803609848022 0.47253960371017456 0.004523809523809524 0.006176190476190477
2 0.7643846869468689 0.5124506950378418 0.004633928571428572 0.006352380952380952
2 0.6676287055015564 0.6079362034797668 0.005958333333333333 0.006709523809523809
2 0.6100659966468811 0.6634707450866699 0.0062886904761904755 0.006352380952380952
2 0.5450425744056702 0.7277663350105286 0.007059523809523809 0.006352380952380952
2 0.30443987250328064 0.7520942091941833 0.0077232142857142855 0.007414285714285714
2 0.20263461768627167 0.7017942070960999 0.006398809523809524 0.006885714285714286
2 0.10873645544052124 0.6557663679122925 0.007059523809523809 0.006352380952380952
2 0.11358729749917984 0.5363984704017639 0.006839285714285714 0.005119047619047619
2 0.19210880994796753 0.4923962950706482 0.006398809523809524 0.0054714285714285715
2 0.2630600035190582 0.45244958996772766 0.0055148809523809525 0.0047666666666666664
2 0.3842163681983948 0.38452571630477905 0.0055148809523809525 0.0038857142857142857
2 0.43674418330192566 0.35444676876068115 0.00518452380952381 0.0054714285714285715
2 0.48530668020248413 0.3271522521972656 0.004083333333333334 0.0038857142857142857
2 0.6305370330810547 0.32057636976242065 0.0049642857142857145 0.005119047619047619
2 0.7039284110069275 0.3416414260864258 0.004744047619047619 0.0035285714285714287
2 0.7808108925819397 0.3637234568595886 0.0055148809523809525 0.003
