3 0.6045544743537903 0.6115264892578125 0.021494047619047617 0.03644761904761905
3 0.7321555614471436 0.5255562663078308 0.02130952380952381 0.03291904761904762
4 0.7007098197937012 0.5037118792533875 0.019288690476190477 0.03233333333333334
1 0.6057215929031372 0.44404321908950806 0.01781845238095238 0.030861904761904764
4 0.5414202213287354 0.48385071754455566 0.019473214285714288 0.03174285714285714
3 0.5256303548812866 0.4734114408493042 0.01763392857142857 0.03262380952380953
3 0.4691025912761688 0.46460676193237305 0.020389880952380954 0.03203809523809524
3 0.5133174061775208 0.4164262115955353 0.018738095238095238 0.03233333333333334
4 0.5469276905059814 0.42388007044792175 0.01855357142857143 0.030566666666666666
3 0.34962496161460876 0.4664114713668823 0.01763392857142857 0.029980952380952382
3 0.34103935956954956 0.41250985860824585 0.01800297619047619 0.029685714285714287
0 0.26867401599884033 0.4009038507938385 0.01763392857142857 0.029685714285714287
4 0.1905825436115265 0.4190179407596588 0.01800297619047619 0.02939047619047619
2 0.1660604029893875 0.4342682957649231 0.004633928571428572 0.006
2 0.20422492921352386 0.47186416387557983 0.004523809523809524 0.006176190476190477
2 0.2460431009531021 0.5124918222427368 0.004633928571428572 0.006352380952380952
2 0.3437986373901367 0.6090013384819031 0.005958333333333333 0.006709523809523809
2 0.4015001654624939 0.6646833419799805 0.0062886904761904755 0.006352380952380952
2 0.46626800298690796 0.7287566661834717 0.007059523809523809 0.006352380952380952
2 0.7028135061264038 0.7505348920822144 0.0077232142857142855 0.007414285714285714
2 0.8013313412666321 0.6998587250709534 0.006398809523809524 0.006885714285714286
2 0.8912975788116455 0.6539394855499268 0.007059523809523809 0.006352380952380952
2 0.8869888782501221 0.5368396639823914 0.006839285714285714 0.005119047619047619
2 0.812001645565033 0.49348849058151245 0.006398809523809524 0.0054714285714285715
2 0.7437330484390259 0.45383647084236145 0.0055148809523809525 0.0047666666666666664
2 0.6260193586349487 0.38575366139411926 0.0055148809523809525 0.0038857142857142857
2 0.5745344161987305 0.3553464114665985 0.00518452380952381 0.0054714285714285715
2 0.5266889929771423 0.32760316133499146 0.004083333333333334 0.0038857142857142857
2 0.3819585144519806 0.31939697265625 0.0049642857142857145 0.005119047619047619
2 0.30791839957237244 0.339860737323761 0.004744047619047619 0.0035285714285714287
2 0.22974762320518494 0.36148130893707275 0.0055148809523809525 0.003
