3 0.40419551730155945 0.613024115562439 0.021494047619047617 0.03644761904761905
3 0.27377617359161377 0.5268595218658447 0.02130952380952381 0.03291904761904762
4 0.3059687316417694 0.5046889781951904 0.019288690476190477 0.03233333333333334
1 0.4029723107814789 0.44426795840263367 0.01781845238095238 0.030861904761904764
4 0.4683537483215332 0.4843733012676239 0.019473214285714288 0.03174285714285714
3 0.48437848687171936 0.47384169697761536 0.01763392857142857 0.03262380952380953
3 0.5416057109832764 0.4649304449558258 0.020389880952380954 0.03203809523809524
3 0.4969310462474823 0.41641780734062195 0.018738095238095238 0.03233333333333334
4 0.46280956268310547 0.4239172041416168 0.01855357142857143 0.030566666666666666
3 0.6618808507919312 0.4666449725627899 0.01763392857142857 0.029980952380952382
3 0.6707106828689575 0.41261133551597595 0.01800297619047619 0.029685714285714287
0 0.7432182431221008 0.4010516405105591 0.01763392857142857 0.029685714285714287
4 0.8209345936775208 0.419233113527298 0.01800297619047619 0.02939047619047619
2 0.8451874256134033 0.43445855379104614 0.004633928571428572 0.006
2 0.8070367574691772 0.47196164727211 0.004523809523809524 0.006176190476190477
2 0.7651875019073486 0.5125377774238586 0.004633928571428572 0.006352380952380952
2 0.6671482920646667 0.6091212034225464 0.005958333333333333 0.006709523809523809
2 0.609150230884552 0.6649816036224365 0.0062886904761904755 0.006352380952380952
2 0.5439257025718689 0.7293667197227478 0.007059523809523809 0.006352380952380952
2 0.3042646050453186 0.7533451914787292 0.0077232142857142855 0.007414285714285714
2 0.20325593650341034 0.7032593488693237 0.006398809523809524 0.006885714285714286
2 0.1103297621011734 0.657542884349823 0.007059523809523809 0.006352380952380952
2 0.11420636624097824 0.538749098777771 0.006839285714285714 0.005119047619047619
2 0.19153304398059845 0.4945374131202698 0.006398809523809524 0.0054714285714285715
2 0.26171258091926575 0.454224169254303 0.0055148809523809525 0.0047666666666666664
2 0.3822363615036011 0.38528352975845337 0.0055148809523809525 0.0038857142857142857
2 0.4347582459449768 0.3546033799648285 0.00518452380952381 0.0054714285714285715
2 0.48346322774887085 0.3266730308532715 0.004083333333333334 0.0038857142857142857
2 0.629923403263092 0.3189094662666321 0.0049642857142857145 0.005119047619047619
2 0.7042452692985535 0.3397468328475952 0.004744047619047619 0.0035285714285714287
2 0.7822944521903992 0.36164435744285583 0.0055148809523809525 0.003
