4 0.7711856365203857 0.7350522875785828 0.016824404761904763 0.027404761904761904
0 0.7642850875854492 0.6196205019950867 0.016824404761904763 0.027404761904761904
3 0.7022926807403564 0.5533390045166016 0.016517857142857143 0.030833333333333334
3 0.6071308851242065 0.6163389682769775 0.015598214285714285 0.028385714285714285
3 0.5484129190444946 0.4832499623298645 0.015598214285714285 0.027404761904761904
3 0.6014279127120972 0.35694462060928345 0.01743452380952381 0.027895238095238094
3 0.5061963200569153 0.43498730659484863 0.016517857142857143 0.02593809523809524
4 0.572262167930603 0.3319645822048187 0.016211309523809524 0.02936190476190476
4 0.4834481477737427 0.43499213457107544 0.016211309523809524 0.030833333333333334
4 0.3782453238964081 0.30010390281677246 0.01804761904761905 0.030342857142857144
1 0.5072376728057861 0.3019934296607971 0.01743452380952381 0.027404761904761904
3 0.33755114674568176 0.30058690905570984 0.016211309523809524 0.028385714285714285
3 0.30083152651786804 0.5413223505020142 0.015904761904761904 0.02642857142857143
2 0.8557175993919373 0.35379892587661743 0.004428571428571428 0.007519047619047619
2 0.8553792238235474 0.4866473078727722 0.0045625 0.008161904761904763
2 0.8551046252250671 0.6206607818603516 0.005101190476190476 0.007519047619047619
2 0.7465057373046875 0.79067063331604 0.004428571428571428 0.006871428571428571
2 0.6616553664207458 0.7899736762046814 0.004294642857142857 0.006657142857142857
2 0.577061116695404 0.789276659488678 0.0057708333333333335 0.0077333333333333325
2 0.4073890745639801 0.7886125445365906 0.0045625 0.008376190476190476
2 0.3232365846633911 0.7872912883758545 0.004833333333333333 0.00859047619047619
2 0.23808550834655762 0.786386251449585 0.004967261904761905 0.007519047619047619
2 0.13120037317276 0.614831805229187 0.004833333333333333 0.007519047619047619
2 0.13215899467468262 0.48159876465797424 0.004833333333333333 0.0073
2 0.13305097818374634 0.34807372093200684 0.004699404761904761 0.010095238095238095
2 0.24223800003528595 0.1783880740404129 0.004294642857142857 0.007519047619047619
2 0.3262624740600586 0.17901133000850677 0.004833333333333333 0.007085714285714286
2 0.41094014048576355 0.1794212907552719 0.004833333333333333 0.008376190476190476
2 0.5788859128952026 0.18034778535366058 0.0052351190476190475 0.008161904761904763
2 0.6634078025817871 0.18148979544639587 0.004967261904761905 0.007947619047619049
2 0.7478564977645874 0.18200615048408508 0.005369047619047619 0.0073
