4 0.22780826687812805 0.7287195920944214 0.016824404761904763 0.027404761904761904
0 0.23466035723686218 0.6124023795127869 0.016824404761904763 0.027404761904761904
3 0.2973209321498871 0.5460602641105652 0.016517857142857143 0.030833333333333334
3 0.39362284541130066 0.6095259189605713 0.015598214285714285 0.028385714285714285
3 0.4520930349826813 0.47670140862464905 0.015598214285714285 0.027404761904761904
3 0.3982841372489929 0.35064876079559326 0.01743452380952381 0.027895238095238094
3 0.49416300654411316 0.42888396978378296 0.016517857142857143 0.02593809523809524
4 0.42742958664894104 0.3260725438594818 0.016211309523809524 0.02936190476190476
4 0.5169365406036377 0.4290277361869812 0.016211309523809524 0.030833333333333334
4 0.6209308505058289 0.2961488664150238 0.01804761904761905 0.030342857142857144
1 0.49235230684280396 0.2969077229499817 0.01743452380952381 0.027404761904761904
3 0.6613717079162598 0.29697513580322266 0.016211309523809524 0.028385714285714285
3 0.7000285387039185 0.5356659889221191 0.015904761904761904 0.02642857142857143
2 0.14176997542381287 0.34556472301483154 0.004428571428571428 0.007519047619047619
2 0.142091765999794 0.47849953174591064 0.0045625 0.008161904761904763
2 0.14234988391399384 0.6132102608680725 0.005101190476190476 0.007519047619047619
2 0.2529902756214142 0.7849208116531372 0.004428571428571428 0.006871428571428571
2 0.3391329050064087 0.7841602563858032 0.004294642857142857 0.006657142857142857
2 0.424734503030777 0.7834022641181946 0.0057708333333333335 0.0077333333333333325
2 0.5955919623374939 0.7826268076896667 0.0045625 0.008376190476190476
2 0.6799116730690002 0.7812491655349731 0.004833333333333333 0.00859047619047619
2 0.7649573087692261 0.7802922129631042 0.004967261904761905 0.007519047619047619
2 0.8692477345466614 0.6092958450317383 0.004833333333333333 0.007519047619047619
2 0.8666911721229553 0.47721999883651733 0.004833333333333333 0.0073
2 0.8642081022262573 0.3454432487487793 0.004699404761904761 0.010095238095238095
2 0.7546002268791199 0.17765933275222778 0.004294642857142857 0.007519047619047619
2 0.6715133786201477 0.17736344039440155 0.004833333333333333 0.007085714285714286
2 0.5875101089477539 0.1768495887517929 0.004833333333333333 0.008376190476190476
2 0.42010006308555603 0.1759375035762787 0.0052351190476190475 0.008161904761904763
2 0.33544355630874634 0.1761445254087448 0.004967261904761905 0.007947619047619049
2 0.2505839765071869 0.175733283162117 0.005369047619047619 0.0073
