4 0.23434729874134064 0.7442313432693481 0.016824404761904763 0.027404761904761904
0 0.24096457660198212 0.6267561912536621 0.016824404761904763 0.027404761904761904
3 0.3029634654521942 0.5586284399032593 0.016517857142857143 0.030833333333333334
3 0.39817050099372864 0.6215565204620361 0.015598214285714285 0.028385714285714285
3 0.456473708152771 0.48594748973846436 0.015598214285714285 0.027404761904761904
3 0.4034571051597595 0.35799604654312134 0.01743452380952381 0.027895238095238094
3 0.49840545654296875 0.43663695454597473 0.016517857142857143 0.02593809523809524
4 0.4325241148471832 0.3324151635169983 0.016211309523809524 0.02936190476190476
4 0.5209980607032776 0.4364672303199768 0.016211309523809524 0.030833333333333334
4 0.6251820921897888 0.29909688234329224 0.01804761904761905 0.030342857142857144
1 0.49725160002708435 0.30161452293395996 0.01743452380952381 0.027404761904761904
3 0.6653900742530823 0.2993980944156647 0.016211309523809524 0.028385714285714285
3 0.7014907598495483 0.5423648357391357 0.015904761904761904 0.02642857142857143
2 0.14811654388904572 0.35629841685295105 0.004428571428571428 0.007519047619047619
2 0.14889536798000336 0.49213165044784546 0.0045625 0.008161904761904763
2 0.14961227774620056 0.6289047598838806 0.005101190476190476 0.007519047619047619
2 0.25923722982406616 0.8003383278846741 0.004428571428571428 0.006871428571428571
2 0.34408649802207947 0.7982943654060364 0.004294642857142857 0.006657142857142857
2 0.4283626675605774 0.7962620854377747 0.0057708333333333335 0.0077333333333333325
2 0.5964497327804565 0.7929480075836182 0.0045625 0.008376190476190476
2 0.6793504357337952 0.7903162240982056 0.004833333333333333 0.00859047619047619
2 0.7629233002662659 0.7880964875221252 0.004967261904761905 0.007519047619047619
2 0.8676599860191345 0.6144887208938599 0.004833333333333333 0.007519047619047619
2 0.8669376373291016 0.4806663691997528 0.004833333333333333 0.0073
2 0.8662796020507812 0.3463033437728882 0.004699404761904761 0.010095238095238095
2 0.7593894600868225 0.175397589802742 0.004294642857142857 0.007519047619047619
2 0.6765701770782471 0.17618724703788757 0.004833333333333333 0.007085714285714286
2 0.5927955508232117 0.17676442861557007 0.004833333333333333 0.008376190476190476
2 0.4257073998451233 0.17803123593330383 0.0052351190476190475 0.008161904761904763
2 0.3411455750465393 0.17936260998249054 0.004967261904761905 0.007947619047619049
2 0.2563377022743225 0.180058553814888 0.005369047619047619 0.0073
