3 0.5175527930259705 0.24596238136291504 0.018229166666666668 0.02962962962962963
3 0.45606905221939087 0.24842771887779236 0.018229166666666668 0.028703703703703703
3 0.5413902997970581 0.31609442830085754 0.019270833333333334 0.03333333333333333
3 0.34931764006614685 0.35236766934394836 0.0203125 0.03333333333333333
3 0.29096001386642456 0.400019109249115 0.020833333333333332 0.03333333333333333
3 0.4680411219596863 0.4514197111129761 0.021354166666666667 0.03518518518518519
1 0.6921412944793701 0.515064001083374 0.022916666666666665 0.037037037037037035
0 0.547961413860321 0.5780720114707947 0.0234375 0.03888888888888889
2 0.3545183837413788 0.7455514073371887 0.008854166666666666 0.013888888888888888
2 0.5009344816207886 0.745025098323822 0.008854166666666666 0.013888888888888888
2 0.6460145711898804 0.7431350946426392 0.008854166666666666 0.013888888888888888
2 0.8100425601005554 0.6325029134750366 0.008333333333333333 0.012962962962962963
2 0.7951968312263489 0.5561668276786804 0.008333333333333333 0.012962962962962963
2 0.7824374437332153 0.48629245162010193 0.008333333333333333 0.012962962962962963
2 0.18953381478786469 0.6340498328208923 0.007291666666666667 0.011111111111111112
2 0.2056466042995453 0.5573191046714783 0.007291666666666667 0.011111111111111112
2 0.2185927778482437 0.48719295859336853 0.007291666666666667 0.011111111111111112
2 0.2430591732263565 0.3633420169353485 0.00625 0.010185185185185186
2 0.25407448410987854 0.308650404214859 0.00625 0.010185185185185186
2 0.2637675106525421 0.2590535581111908 0.00625 0.010185185185185186
2 0.7595780491828918 0.36358264088630676 0.00625 0.010185185185185186
2 0.7494691014289856 0.310250848531723 0.00625 0.010185185185185186
2 0.7398902177810669 0.2601372301578522 0.00625 0.010185185185185186
2 0.40301671624183655 0.20056992769241333 0.005729166666666666 0.009259259259259259
2 0.5027005672454834 0.20121075212955475 0.005729166666666666 0.009259259259259259
2 0.6023778319358826 0.2009458839893341 0.005729166666666666 0.009259259259259259
