3 0.5061339139938354 0.2659580707550049 0.018229166666666668 0.02962962962962963
3 0.4454174041748047 0.26980650424957275 0.018229166666666668 0.028703703703703703
3 0.5290019512176514 0.33316874504089355 0.019270833333333334 0.03333333333333333
3 0.34086450934410095 0.3713154196739197 0.0203125 0.03333333333333333
3 0.2847191393375397 0.4172115623950958 0.020833333333333332 0.03333333333333333
3 0.4555116891860962 0.4636289179325104 0.021354166666666667 0.03518518518518519
1 0.6764910817146301 0.5223343372344971 0.022916666666666665 0.037037037037037035
0 0.5324996113777161 0.5828909277915955 0.0234375 0.03888888888888889
2 0.3444577157497406 0.7383083701133728 0.008854166666666666 0.013888888888888888
2 0.4849163889884949 0.7389489412307739 0.008854166666666666 0.013888888888888888
2 0.6268301010131836 0.7383142709732056 0.008854166666666666 0.013888888888888888
2 0.7930862307548523 0.6343453526496887 0.008333333333333333 0.012962962962962963
2 0.779715895652771 0.5612058639526367 0.008333333333333333 0.012962962962962963
2 0.7682695388793945 0.49396786093711853 0.008333333333333333 0.012962962962962963
2 0.18908590078353882 0.6352556943893433 0.007291666666666667 0.011111111111111112
2 0.20398972928524017 0.5646044015884399 0.007291666666666667 0.011111111111111112
2 0.2160407155752182 0.49953341484069824 0.007291666666666667 0.011111111111111112
2 0.23906627297401428 0.3834034204483032 0.00625 0.010185185185185186
2 0.2495337873697281 0.33162257075309753 0.00625 0.010185185185185186
2 0.25879642367362976 0.284405380487442 0.00625 0.010185185185185186
2 0.747592031955719 0.3752182424068451 0.00625 0.010185185185185186
2 0.7383809685707092 0.32334256172180176 0.00625 0.010185185185185186
2 0.7296178936958313 0.2744508385658264 0.00625 0.010185185185185186
2 0.39372432231903076 0.2250223159790039 0.005729166666666666 0.009259259259259259
2 0.4918655753135681 0.2229681760072708 0.005729166666666666 0.009259259259259259
2 0.5913404822349548 0.2200014740228653 0.005729166666666666 0.009259259259259259
