1 0.4156920611858368 0.6304983496665955 0.016145833333333335 0.027777777777777776
3 0.5615217685699463 0.5875892639160156 0.014583333333333334 0.024074074074074074
3 0.6334413886070251 0.528083324432373 0.013020833333333334 0.020370370370370372
3 0.7000712156295776 0.5075934529304504 0.011979166666666667 0.019444444444444445
3 0.7337836027145386 0.5156961679458618 0.0125 0.020370370370370372
3 0.7115809321403503 0.5681352019309998 0.014583333333333334 0.023148148148148147
3 0.7067392468452454 0.5967402458190918 0.015104166666666667 0.024074074074074074
2 0.3376389741897583 0.7284256219863892 0.0067708333333333336 0.011111111111111112
2 0.27438101172447205 0.6940996050834656 0.0067708333333333336 0.011111111111111112
2 0.21953310072422028 0.6637146472930908 0.0067708333333333336 0.011111111111111112
2 0.2578291594982147 0.5952958464622498 0.0067708333333333336 0.011111111111111112
2 0.3250661790370941 0.5707558989524841 0.0067708333333333336 0.011111111111111112
2 0.3854607939720154 0.5521939396858215 0.0067708333333333336 0.011111111111111112
2 0.5384558439254761 0.7200496792793274 0.008854166666666666 0.013888888888888888
2 0.6072700023651123 0.6792352199554443 0.008854166666666666 0.013888888888888888
2 0.6664350628852844 0.6448748707771301 0.008854166666666666 0.013888888888888888
2 0.7618814706802368 0.5882180333137512 0.007291666666666667 0.011111111111111112
2 0.8032507300376892 0.5654029846191406 0.007291666666666667 0.011111111111111112
2 0.8387596607208252 0.5435741543769836 0.007291666666666667 0.011111111111111112
2 0.7963628172874451 0.5034204721450806 0.005729166666666666 0.009259259259259259
2 0.7373549342155457 0.4907122552394867 0.005729166666666666 0.009259259259259259
2 0.6837164759635925 0.48064398765563965 0.005729166666666666 0.009259259259259259
2 0.48820483684539795 0.5153210759162903 0.004166666666666667 0.006481481481481481
2 0.5333538055419922 0.49878162145614624 0.004166666666666667 0.006481481481481481
2 0.5744355320930481 0.4850180745124817 0.004166666666666667 0.006481481481481481
