1 0.5760772228240967 0.6390573382377625 0.016145833333333335 0.027777777777777776
3 0.4304371476173401 0.600519597530365 0.014583333333333334 0.024074074074074074
3 0.3584478199481964 0.5441226959228516 0.013020833333333334 0.020370370370370372
3 0.2923280894756317 0.5258123874664307 0.011979166666666667 0.019444444444444445
3 0.2591600716114044 0.5345821380615234 0.0125 0.020370370370370372
3 0.2816962003707886 0.5851797461509705 0.014583333333333334 0.023148148148148147
3 0.28681910037994385 0.6129668354988098 0.015104166666666667 0.024074074074074074
2 0.6551848649978638 0.7333836555480957 0.0067708333333333336 0.011111111111111112
2 0.7182044982910156 0.6982558369636536 0.0067708333333333336 0.011111111111111112
2 0.7729760408401489 0.667108952999115 0.0067708333333333336 0.011111111111111112
2 0.7337474822998047 0.6006768941879272 0.0067708333333333336 0.011111111111111112
2 0.6660330891609192 0.578199028968811 0.0067708333333333336 0.011111111111111112
2 0.6053924560546875 0.5614739656448364 0.0067708333333333336 0.011111111111111112
2 0.4548781216144562 0.7295538187026978 0.008854166666666666 0.013888888888888888
2 0.38615018129348755 0.6911843419075012 0.008854166666666666 0.013888888888888888
2 0.3272022306919098 0.6589834690093994 0.008854166666666666 0.013888888888888888
2 0.23235231637954712 0.6059842705726624 0.007291666666666667 0.011111111111111112
2 0.19136255979537964 0.5847646594047546 0.007291666666666667 0.011111111111111112
2 0.1561998426914215 0.564390242099762 0.007291666666666667 0.011111111111111112
2 0.19737502932548523 0.5242173075675964 0.005729166666666666 0.009259259259259259
2 0.2553355097770691 0.5103034973144531 0.005729166666666666 0.009259259259259259
2 0.3081589639186859 0.49907588958740234 0.005729166666666666 0.009259259259259259
2 0.5024829506874084 0.5279180407524109 0.004166666666666667 0.006481481481481481
2 0.4573809504508972 0.5128833651542664 0.004166666666666667 0.006481481481481481
2 0.41642242670059204 0.5004833936691284 0.004166666666666667 0.006481481481481481
