3 0.5101400017738342 0.2644414007663727 0.018229166666666668 0.030555555555555555
3 0.44955503940582275 0.2686323821544647 0.01875 0.028703703703703703
3 0.3447575867176056 0.3741931915283203 0.0203125 0.03333333333333333
3 0.534583330154419 0.3323802947998047 0.019791666666666666 0.032407407407407406
1 0.6142547130584717 0.38749584555625916 0.020833333333333332 0.03425925925925926
4 0.7261924743652344 0.4312722384929657 0.021354166666666667 0.03425925925925926
3 0.46288394927978516 0.46652349829673767 0.021875 0.03611111111111111
3 0.2881881296634674 0.42176976799964905 0.020833333333333332 0.03333333333333333
4 0.4148305654525757 0.5593652725219727 0.0234375 0.03796296296296296
4 0.7026522159576416 0.5715117454528809 0.0234375 0.03888888888888889
0 0.5429207682609558 0.5866362452507019 0.023958333333333335 0.03888888888888889
4 0.46473273634910583 0.599388599395752 0.0234375 0.040740740740740744
4 0.547808051109314 0.6348162889480591 0.024479166666666666 0.03981481481481482
2 0.35470831394195557 0.7516655921936035 0.008333333333333333 0.012962962962962963
2 0.4972416162490845 0.7472464442253113 0.008333333333333333 0.012962962962962963
2 0.6402750611305237 0.7441258430480957 0.008333333333333333 0.012962962962962963
2 0.8032481670379639 0.632554292678833 0.008854166666666666 0.014814814814814815
2 0.7895294427871704 0.5557284951210022 0.008854166666666666 0.014814814814814815
2 0.776569664478302 0.4884431064128876 0.008854166666666666 0.014814814814814815
2 0.7536994218826294 0.3711424469947815 0.00625 0.010185185185185186
2 0.7435360550880432 0.31852594017982483 0.00625 0.010185185185185186
2 0.7336259484291077 0.26983335614204407 0.00625 0.010185185185185186
2 0.19376181066036224 0.6495645642280579 0.008333333333333333 0.012962962962962963
2 0.20780205726623535 0.5739464163780212 0.008333333333333333 0.012962962962962963
2 0.2194899469614029 0.5069358944892883 0.008333333333333333 0.012962962962962963
2 0.24114398658275604 0.38782575726509094 0.0078125 0.012962962962962963
2 0.2513507902622223 0.3357942998409271 0.0078125 0.012962962962962963
2 0.2598346769809723 0.285482257604599 0.0078125 0.012962962962962963
2 0.3960127830505371 0.22410114109516144 0.005729166666666666 0.009259259259259259
2 0.49527424573898315 0.22006581723690033 0.00625 0.010185185185185186
2 0.5954120755195618 0.21644127368927002 0.00625 0.010185185185185186
