3 0.5235796570777893 0.2772248685359955 0.018229166666666668 0.030555555555555555
3 0.4635765254497528 0.2777142822742462 0.01875 0.028703703703703703
3 0.3579212427139282 0.3777339458465576 0.0203125 0.03333333333333333
3 0.546963632106781 0.3465099334716797 0.019791666666666666 0.032407407407407406
1 0.6243270635604858 0.4057168960571289 0.020833333333333332 0.03425925925925926
4 0.7320988178253174 0.4547622501850128 0.021354166666666667 0.03425925925925926
3 0.474901020526886 0.4766201972961426 0.021875 0.03611111111111111
3 0.30049654841423035 0.4226665198802948 0.020833333333333332 0.03333333333333333
4 0.42632243037223816 0.5672212839126587 0.0234375 0.03796296296296296
4 0.7078741788864136 0.5917255878448486 0.0234375 0.03888888888888889
0 0.5525693893432617 0.5999431610107422 0.023958333333333335 0.03888888888888889
4 0.47545498609542847 0.6093555688858032 0.0234375 0.040740740740740744
4 0.556868314743042 0.6479579210281372 0.024479166666666666 0.03981481481481482
2 0.3645865023136139 0.7574063539505005 0.008333333333333333 0.012962962962962963
2 0.5060973763465881 0.7577216029167175 0.008333333333333333 0.012962962962962963
2 0.6457609534263611 0.7593270540237427 0.008333333333333333 0.012962962962962963
2 0.8034036755561829 0.6556361317634583 0.008854166666666666 0.014814814814814815
2 0.7912550568580627 0.5799180865287781 0.008854166666666666 0.014814814814814815
2 0.779685914516449 0.513388454914093 0.008854166666666666 0.014814814814814815
2 0.7591819763183594 0.3969905972480774 0.00625 0.010185185185185186
2 0.7500467300415039 0.3446173071861267 0.00625 0.010185185185185186
2 0.7410916686058044 0.2960277497768402 0.00625 0.010185185185185186
2 0.20274953544139862 0.6486925482749939 0.008333333333333333 0.012962962962962963
2 0.21765293180942535 0.5727007389068604 0.008333333333333333 0.012962962962962963
2 0.23008567094802856 0.5053527355194092 0.008333333333333333 0.012962962962962963
2 0.2530685067176819 0.38574686646461487 0.0078125 0.012962962962962963
2 0.26386284828186035 0.33356884121894836 0.0078125 0.012962962962962963
2 0.27288949489593506 0.2830491065979004 0.0078125 0.012962962962962963
2 0.4106380343437195 0.22958534955978394 0.005729166666666666 0.009259259259259259
2 0.509343683719635 0.23189406096935272 0.00625 0.010185185185185186
2 0.6077693104743958 0.23464077711105347 0.00625 0.010185185185185186
