3 0.47338783740997314 0.2683209478855133 0.018229166666666668 0.030555555555555555
3 0.5339671969413757 0.2699843645095825 0.01875 0.028703703703703703
3 0.6408177018165588 0.37043026089668274 0.0203125 0.03333333333333333
3 0.44961076974868774 0.33587372303009033 0.019791666666666666 0.032407407407407406
1 0.37126535177230835 0.3925352096557617 0.020833333333333332 0.03425925925925926
4 0.2621796429157257 0.4386092722415924 0.021354166666666667 0.03425925925925926
3 0.5222610235214233 0.4655502438545227 0.021875 0.03611111111111111
3 0.6990900039672852 0.41591671109199524 0.020833333333333332 0.03333333333333333
4 0.5714558959007263 0.5562288165092468 0.0234375 0.03796296296296296
4 0.28589871525764465 0.5744050145149231 0.0234375 0.03888888888888889
0 0.44325968623161316 0.5859248638153076 0.023958333333333335 0.03888888888888889
4 0.5215176343917847 0.5969447493553162 0.0234375 0.040740740740740744
4 0.43876373767852783 0.6334728598594666 0.024479166666666666 0.03981481481481482
2 0.6342850923538208 0.7467641234397888 0.008333333333333333 0.012962962962962963
2 0.49011701345443726 0.7438420653343201 0.008333333333333333 0.012962962962962963
2 0.34807345271110535 0.742252767086029 0.008333333333333333 0.012962962962962963
2 0.1887863725423813 0.6356430649757385 0.008854166666666666 0.014814814814814815
2 0.2016087919473648 0.5609140992164612 0.008854166666666666 0.014814814814814815
2 0.21375305950641632 0.49542444944381714 0.008854166666666666 0.014814814814814815
2 0.23520253598690033 0.3811901807785034 0.00625 0.010185185185185186
2 0.24473628401756287 0.32992851734161377 0.00625 0.010185185185185186
2 0.2540498673915863 0.28245726227760315 0.00625 0.010185185185185186
2 0.7990981936454773 0.6420521140098572 0.008333333333333333 0.012962962962962963
2 0.7836596369743347 0.5661846995353699 0.008333333333333333 0.012962962962962963
2 0.7708021402359009 0.49914228916168213 0.008333333333333333 0.012962962962962963
2 0.7471303939819336 0.38047105073928833 0.0078125 0.012962962962962963
2 0.7360579371452332 0.3288494646549225 0.0078125 0.012962962962962963
2 0.7268002033233643 0.2789918780326843 0.0078125 0.012962962962962963
2 0.5874636173248291 0.22383609414100647 0.005729166666666666 0.009259259259259259
2 0.4878448247909546 0.2241794914007187 0.00625 0.010185185185185186
2 0.38862037658691406 0.22495657205581665 0.00625 0.010185185185185186
