4 0.6887078881263733 0.5394257307052612 0.016145833333333335 0.025
4 0.6404966115951538 0.5925095677375793 0.015104166666666667 0.024074074074074074
0 0.6762048602104187 0.45987778902053833 0.015625 0.023148148148148147
3 0.5228149890899658 0.5436089038848877 0.014583333333333334 0.024074074074074074
4 0.7312300801277161 0.4570532739162445 0.015625 0.025
4 0.48656603693962097 0.24706415832042694 0.015104166666666667 0.025
3 0.45174580812454224 0.7442185282707214 0.014583333333333334 0.024074074074074074
4 0.6643874049186707 0.29622703790664673 0.014583333333333334 0.023148148148148147
1 0.4269281327724457 0.4298436641693115 0.015625 0.025
4 0.4217943549156189 0.5142594575881958 0.015625 0.025
3 0.3828463852405548 0.6839191913604736 0.015104166666666667 0.024074074074074074
3 0.32628515362739563 0.4578470289707184 0.015104166666666667 0.024074074074074074
3 0.21365928649902344 0.5587359666824341 0.015625 0.024074074074074074
3 0.20970255136489868 0.48521384596824646 0.0140625 0.023148148148148147
4 0.17381258308887482 0.24640551209449768 0.016666666666666666 0.025
2 0.8542496562004089 0.6420441269874573 0.009375 0.014814814814814815
2 0.8554874658584595 0.5077420473098755 0.009375 0.014814814814814815
2 0.8546530604362488 0.37633809447288513 0.009375 0.014814814814814815
2 0.5780293345451355 0.8076324462890625 0.0067708333333333336 0.011111111111111112
2 0.6621838212013245 0.8077310919761658 0.0067708333333333336 0.011111111111111112
2 0.7465855479240417 0.8082810640335083 0.0067708333333333336 0.011111111111111112
2 0.5788739919662476 0.2052696943283081 0.005729166666666666 0.009259259259259259
2 0.66298508644104 0.20493800938129425 0.005729166666666666 0.009259259259259259
2 0.7476043701171875 0.20639728009700775 0.005729166666666666 0.009259259259259259
2 0.24564394354820251 0.8023430109024048 0.005208333333333333 0.008333333333333333
2 0.32882583141326904 0.8028811812400818 0.005208333333333333 0.008333333333333333
2 0.41199395060539246 0.8038663864135742 0.005208333333333333 0.008333333333333333
2 0.13839378952980042 0.6329667568206787 0.007291666666666667 0.012037037037037037
2 0.1386437714099884 0.5021098256111145 0.007291666666666667 0.012037037037037037
2 0.13863681256771088 0.37323352694511414 0.007291666666666667 0.012037037037037037
2 0.2446221262216568 0.205254465341568 0.005208333333333333 0.008333333333333333
2 0.32750144600868225 0.2049243450164795 0.005208333333333333 0.008333333333333333
2 0.41138771176338196 0.20459432899951935 0.005208333333333333 0.008333333333333333
