4 0.3114525377750397 0.5167744159698486 0.016145833333333335 0.025
4 0.3585900068283081 0.5705791115760803 0.015104166666666667 0.024074074074074074
0 0.323002427816391 0.4385039210319519 0.015625 0.023148148148148147
3 0.47290584444999695 0.5250465869903564 0.014583333333333334 0.024074074074074074
4 0.26984894275665283 0.4345048666000366 0.015625 0.025
4 0.5054122805595398 0.23225687444210052 0.015104166666666667 0.025
3 0.5447436571121216 0.7274041771888733 0.014583333333333334 0.024074074074074074
4 0.33326682448387146 0.2777000069618225 0.014583333333333334 0.023148148148148147
1 0.5657244920730591 0.41422122716903687 0.015625 0.025
4 0.5717142820358276 0.49832746386528015 0.015625 0.025
3 0.6121100187301636 0.6690258979797363 0.015104166666666667 0.024074074074074074
3 0.6652623414993286 0.44432148337364197 0.015104166666666667 0.024074074074074074
3 0.7785549163818359 0.5480660200119019 0.015625 0.024074074074074074
3 0.7814121246337891 0.4743840992450714 0.0140625 0.023148148148148147
4 0.8135583400726318 0.23655402660369873 0.016666666666666666 0.025
2 0.15248660743236542 0.6138103008270264 0.009375 0.014814814814814815
2 0.15074729919433594 0.4815385043621063 0.009375 0.014814814814814815
2 0.15100689232349396 0.35273876786231995 0.009375 0.014814814814814815
2 0.42127570509910583 0.786842405796051 0.0067708333333333336 0.011111111111111112
2 0.33909568190574646 0.7841302156448364 0.0067708333333333336 0.011111111111111112
2 0.2571178376674652 0.781873881816864 0.0067708333333333336 0.011111111111111112
2 0.41527053713798523 0.18977488577365875 0.005729166666666666 0.009259259259259259
2 0.3339678943157196 0.18825241923332214 0.005729166666666666 0.009259259259259259
2 0.2526192367076874 0.18847881257534027 0.005729166666666666 0.009259259259259259
2 0.7501526474952698 0.7927395105361938 0.005208333333333333 0.008333333333333333
2 0.667184054851532 0.7904592156410217 0.005208333333333333 0.008333333333333333
2 0.5846757888793945 0.7886413931846619 0.005208333333333333 0.008333333333333333
2 0.8550516366958618 0.6248890161514282 0.007291666666666667 0.012037037037037037
2 0.8526913523674011 0.4930487275123596 0.007291666666666667 0.012037037037037037
2 0.8506300449371338 0.3637811839580536 0.007291666666666667 0.012037037037037037
2 0.7426701784133911 0.19458375871181488 0.005208333333333333 0.008333333333333333
2 0.6608355045318604 0.1930515617132187 0.005208333333333333 0.008333333333333333
2 0.5784465074539185 0.19151301681995392 0.005208333333333333 0.008333333333333333
