4 0.32635173201560974 0.2409476339817047 0.019270833333333334 0.030555555555555555
0 0.2793768048286438 0.5288033485412598 0.0234375 0.03611111111111111
3 0.4096555709838867 0.4260636270046234 0.020833333333333332 0.03518518518518519
4 0.6087183356285095 0.6795591115951538 0.025520833333333333 0.04259259259259259
4 0.5989598631858826 0.6089487671852112 0.023958333333333335 0.03888888888888889
1 0.7090155482292175 0.5626292824745178 0.023958333333333335 0.03796296296296296
3 0.7114155888557434 0.45324602723121643 0.021875 0.03425925925925926
2 0.6541135311126709 0.7315560579299927 0.0078125 0.012962962962962963
2 0.5104180574417114 0.7334035634994507 0.0078125 0.012962962962962963
2 0.3657607436180115 0.7326704859733582 0.0078125 0.012962962962962963
2 0.2001829743385315 0.629272997379303 0.009375 0.014814814814814815
2 0.21537774801254272 0.5564187169075012 0.009375 0.014814814814814815
2 0.2269679456949234 0.4895867109298706 0.009375 0.014814814814814815
2 0.24991849064826965 0.3723192512989044 0.0067708333333333336 0.010185185185185186
2 0.2599831223487854 0.32015857100486755 0.0067708333333333336 0.010185185185185186
2 0.2697950303554535 0.2731974124908447 0.0067708333333333336 0.010185185185185186
2 0.6088775396347046 0.21620213985443115 0.007291666666666667 0.011111111111111112
2 0.5087665319442749 0.21627244353294373 0.007291666666666667 0.011111111111111112
2 0.4090844392776489 0.21634911000728607 0.007291666666666667 0.011111111111111112
2 0.815994143486023 0.6272398233413696 0.009895833333333333 0.01574074074074074
2 0.8016177415847778 0.5542245507240295 0.009895833333333333 0.01574074074074074
2 0.7887160181999207 0.4866856336593628 0.009895833333333333 0.01574074074074074
2 0.7660760283470154 0.37201642990112305 0.005729166666666666 0.009259259259259259
2 0.755856454372406 0.3201875388622284 0.005729166666666666 0.009259259259259259
2 0.7468788623809814 0.27305868268013 0.005729166666666666 0.009259259259259259
