4 0.6857916116714478 0.23740670084953308 0.019270833333333334 0.030555555555555555
0 0.7312781810760498 0.53589928150177 0.0234375 0.03611111111111111
3 0.6030362844467163 0.42844095826148987 0.020833333333333332 0.03518518518518519
4 0.4018634557723999 0.6950898766517639 0.025520833333333333 0.04259259259259259
4 0.4123157858848572 0.6201852560043335 0.023958333333333335 0.03888888888888889
1 0.30084407329559326 0.5712283253669739 0.023958333333333335 0.03796296296296296
3 0.2994997799396515 0.4553050994873047 0.021875 0.03425925925925926
2 0.3552517294883728 0.7507449984550476 0.0078125 0.012962962962962963
2 0.5008019208908081 0.7514973878860474 0.0078125 0.012962962962962963
2 0.6454500555992126 0.7495158314704895 0.0078125 0.012962962962962963
2 0.8087460994720459 0.6403494477272034 0.009375 0.014814814814814815
2 0.793927788734436 0.5646430253982544 0.009375 0.014814814814814815
2 0.7826467156410217 0.4952966868877411 0.009375 0.014814814814814815
2 0.7603418827056885 0.3738485872745514 0.0067708333333333336 0.010185185185185186
2 0.7505783438682556 0.31992435455322266 0.0067708333333333336 0.010185185185185186
2 0.7410644292831421 0.27141591906547546 0.0067708333333333336 0.010185185185185186
2 0.4054270386695862 0.20742420852184296 0.007291666666666667 0.011111111111111112
2 0.5056043863296509 0.2090976983308792 0.007291666666666667 0.011111111111111112
2 0.6044657230377197 0.2107561230659485 0.007291666666666667 0.011111111111111112
2 0.19026242196559906 0.6402929425239563 0.009895833333333333 0.01574074074074074
2 0.20597431063652039 0.5622928142547607 0.009895833333333333 0.01574074074074074
2 0.22004248201847076 0.4904302954673767 0.009895833333333333 0.01574074074074074
2 0.2445572316646576 0.36905184388160706 0.005729166666666666 0.009259259259259259
2 0.2555716037750244 0.31444934010505676 0.005729166666666666 0.009259259259259259
2 0.26523786783218384 0.26493316888809204 0.005729166666666666 0.009259259259259259
