4 0.3165903091430664 0.23568223416805267 0.019270833333333334 0.030555555555555555
0 0.27063363790512085 0.5361603498458862 0.0234375 0.03611111111111111
3 0.40108826756477356 0.4296983480453491 0.020833333333333332 0.03518518518518519
4 0.6042183041572571 0.6993318200111389 0.025520833333333333 0.04259259259259259
4 0.5936243534088135 0.6243966221809387 0.023958333333333335 0.03888888888888889
1 0.7047401070594788 0.5767158269882202 0.023958333333333335 0.03796296296296296
3 0.7058708071708679 0.4613194167613983 0.021875 0.03425925925925926
2 0.6508845686912537 0.7551782727241516 0.0078125 0.012962962962962963
2 0.5049851536750793 0.7551759481430054 0.0078125 0.012962962962962963
2 0.35855910181999207 0.7524242997169495 0.0078125 0.012962962962962963
2 0.1913405805826187 0.6409721374511719 0.009375 0.014814814814814815
2 0.20644626021385193 0.5644632577896118 0.009375 0.014814814814814815
2 0.21791566908359528 0.4944193661212921 0.009375 0.014814814814814815
2 0.24059270322322845 0.3719307482242584 0.0067708333333333336 0.010185185185185186
2 0.2505066692829132 0.31760331988334656 0.0067708333333333336 0.010185185185185186
2 0.26016750931739807 0.2687799632549286 0.0067708333333333336 0.010185185185185186
2 0.59979647397995 0.21207799017429352 0.007291666666666667 0.011111111111111112
2 0.49920353293418884 0.21139967441558838 0.007291666666666667 0.011111111111111112
2 0.3992632031440735 0.21073271334171295 0.007291666666666667 0.011111111111111112
2 0.8143595457077026 0.6464549899101257 0.009895833333333333 0.01574074074074074
2 0.7987118363380432 0.568901002407074 0.009895833333333333 0.01574074074074074
2 0.7846840620040894 0.49738532304763794 0.009895833333333333 0.01574074074074074
2 0.7602159380912781 0.37643131613731384 0.005729166666666666 0.009259259259259259
2 0.7492097616195679 0.3219573497772217 0.005729166666666666 0.009259259259259259
2 0.7395413517951965 0.2725309729576111 0.005729166666666666 0.009259259259259259
