4 0.31506791710853577 0.24160432815551758 0.019270833333333334 0.030555555555555555
0 0.267463743686676 0.5443640947341919 0.0234375 0.03611111111111111
3 0.3973276913166046 0.43444788455963135 0.020833333333333332 0.03518518518518519
4 0.5974356532096863 0.7014981508255005 0.025520833333333333 0.04259259259259259
4 0.587474524974823 0.6261653900146484 0.023958333333333335 0.03888888888888889
1 0.6991671323776245 0.5756809115409851 0.023958333333333335 0.03796296296296296
3 0.7013091444969177 0.45896172523498535 0.021875 0.03425925925925926
2 0.6436407566070557 0.7569409608840942 0.0078125 0.012962962962962963
2 0.4980147182941437 0.7595541477203369 0.0078125 0.012962962962962963
2 0.35274016857147217 0.7594048976898193 0.0078125 0.012962962962962963
2 0.18862603604793549 0.6509633660316467 0.009375 0.014814814814814815
2 0.204017773270607 0.574110209941864 0.009375 0.014814814814814815
2 0.2157999724149704 0.5037305951118469 0.009375 0.014814814814814815
2 0.2390131652355194 0.38043296337127686 0.0067708333333333336 0.010185185185185186
2 0.24917958676815033 0.3256829082965851 0.0067708333333333336 0.010185185185185186
2 0.25906410813331604 0.2764238119125366 0.0067708333333333336 0.010185185185185186
2 0.5970898866653442 0.2096983939409256 0.007291666666666667 0.011111111111111112
2 0.49661678075790405 0.211929053068161 0.007291666666666667 0.011111111111111112
2 0.3971973955631256 0.2141433209180832 0.007291666666666667 0.011111111111111112
2 0.8088198900222778 0.6439357995986938 0.009895833333333333 0.01574074074074074
2 0.7937523722648621 0.5657256245613098 0.009895833333333333 0.01574074074074074
2 0.7802640199661255 0.49360373616218567 0.009895833333333333 0.01574074074074074
2 0.756706178188324 0.37165892124176025 0.005729166666666666 0.009259259259259259
2 0.7461115121841431 0.3167458474636078 0.005729166666666666 0.009259259259259259
2 0.7368192076683044 0.2669161558151245 0.005729166666666666 0.009259259259259259
