3 0.4761168658733368 0.7313075661659241 0.014583333333333334 0.024074074074074074
1 0.35477790236473083 0.6679868698120117 0.015625 0.025
4 0.3468317687511444 0.741055428981781 0.015104166666666667 0.025
3 0.3181016147136688 0.707263708114624 0.015104166666666667 0.025
4 0.2827332317829132 0.5959995985031128 0.015625 0.025
3 0.19845695793628693 0.6126929521560669 0.015104166666666667 0.024074074074074074
4 0.2291877120733261 0.5483071208000183 0.015625 0.025
4 0.248463436961174 0.5029308199882507 0.015104166666666667 0.025925925925925925
4 0.21786841750144958 0.27495238184928894 0.016145833333333335 0.025
0 0.3831780254840851 0.268508642911911 0.015104166666666667 0.024074074074074074
3 0.5194159746170044 0.3973294794559479 0.014583333333333334 0.025
3 0.58476722240448 0.3810042142868042 0.015104166666666667 0.025
3 0.662666916847229 0.5109495520591736 0.015625 0.023148148148148147
3 0.6569334268569946 0.32783254981040955 0.015625 0.025925925925925925
4 0.8249724507331848 0.2752441465854645 0.016145833333333335 0.025
2 0.7562626004219055 0.20987863838672638 0.007291666666666667 0.011111111111111112
2 0.6737714409828186 0.2094622552394867 0.007291666666666667 0.011111111111111112
2 0.5903297662734985 0.2090410739183426 0.007291666666666667 0.011111111111111112
2 0.42390313744544983 0.20775669813156128 0.005208333333333333 0.008333333333333333
2 0.3391154110431671 0.20777304470539093 0.005208333333333333 0.008333333333333333
2 0.25619328022003174 0.20735448598861694 0.005208333333333333 0.008333333333333333
2 0.14660701155662537 0.37668439745903015 0.008333333333333333 0.012962962962962963
2 0.14392928779125214 0.5091195702552795 0.008333333333333333 0.012962962962962963
2 0.14181919395923615 0.6384402513504028 0.008333333333333333 0.012962962962962963
2 0.2485833466053009 0.8091422319412231 0.0046875 0.007407407407407408
2 0.33272838592529297 0.8093311190605164 0.0046875 0.007407407407407408
2 0.416940301656723 0.8095188140869141 0.0046875 0.007407407407407408
2 0.7506268620491028 0.8066707253456116 0.0046875 0.007407407407407408
2 0.6674193739891052 0.8082811832427979 0.0046875 0.007407407407407408
2 0.5835189819335938 0.8085443377494812 0.0046875 0.007407407407407408
2 0.8584011197090149 0.6383067965507507 0.007291666666666667 0.012037037037037037
2 0.8604761958122253 0.5093511343002319 0.007291666666666667 0.012037037037037037
2 0.8612987399101257 0.37731292843818665 0.007291666666666667 0.012037037037037037
