3 0.5167631506919861 0.7226124405860901 0.014583333333333334 0.024074074074074074
1 0.6369958519935608 0.6602864861488342 0.015625 0.025
4 0.6448814868927002 0.7322410345077515 0.015104166666666667 0.025
3 0.6735185384750366 0.6989527940750122 0.015104166666666667 0.025
4 0.7089265584945679 0.5890202522277832 0.015625 0.025
3 0.7934584021568298 0.6052164435386658 0.015104166666666667 0.024074074074074074
4 0.7626559138298035 0.5415396094322205 0.015625 0.025
4 0.7433568239212036 0.4966849982738495 0.015104166666666667 0.025925925925925925
4 0.774401068687439 0.2698292136192322 0.016145833333333335 0.025
0 0.6087790131568909 0.2658845782279968 0.015104166666666667 0.024074074074074074
3 0.4737628698348999 0.3947988748550415 0.014583333333333334 0.025
3 0.4094054400920868 0.3794541656970978 0.015104166666666667 0.025
3 0.33334192633628845 0.5074885487556458 0.015625 0.023148148148148147
3 0.33856624364852905 0.3281254768371582 0.015625 0.025925925925925925
4 0.17492061853408813 0.27893728017807007 0.016145833333333335 0.025
2 0.2413896918296814 0.2139783799648285 0.007291666666666667 0.011111111111111112
2 0.321846604347229 0.21221286058425903 0.007291666666666667 0.011111111111111112
2 0.40367552638053894 0.2104172557592392 0.007291666666666667 0.011111111111111112
2 0.5682366490364075 0.20636627078056335 0.005208333333333333 0.008333333333333333
2 0.6527738571166992 0.20495116710662842 0.005208333333333333 0.008333333333333333
2 0.7359128594398499 0.20312680304050446 0.005208333333333333 0.008333333333333333
2 0.8461646437644958 0.37024426460266113 0.008333333333333333 0.012962962962962963
2 0.8486148715019226 0.5020802617073059 0.008333333333333333 0.012962962962962963
2 0.8504934906959534 0.6305739283561707 0.008333333333333333 0.012962962962962963
2 0.742897093296051 0.799502968788147 0.0046875 0.007407407407407408
2 0.6588926911354065 0.7994541525840759 0.0046875 0.007407407407407408
2 0.5752880573272705 0.7994041442871094 0.0046875 0.007407407407407408
2 0.24851161241531372 0.7957233190536499 0.0046875 0.007407407407407408
2 0.3293323516845703 0.7975096702575684 0.0046875 0.007407407407407408
2 0.4112682640552521 0.7979930639266968 0.0046875 0.007407407407407408
2 0.14388807117938995 0.6324132680892944 0.007291666666666667 0.012037037037037037
2 0.14143148064613342 0.5072721838951111 0.007291666666666667 0.012037037037037037
2 0.14016768336296082 0.37888455390930176 0.007291666666666667 0.012037037037037037
