3 0.464503675699234 0.7145575881004333 0.014583333333333334 0.024074074074074074
1 0.3467435836791992 0.6512700319290161 0.015625 0.025
4 0.3380213975906372 0.7232834696769714 0.015104166666666667 0.025
3 0.3104143738746643 0.6897939443588257 0.015104166666666667 0.025
4 0.2772316038608551 0.5796777606010437 0.015625 0.025
3 0.1947532594203949 0.5957192778587341 0.015104166666666667 0.024074074074074074
4 0.2254447340965271 0.5321652293205261 0.015625 0.025
4 0.2448001205921173 0.4872477352619171 0.015104166666666667 0.025925925925925925
4 0.21733608841896057 0.2598336637020111 0.016145833333333335 0.025
0 0.3800576627254486 0.2537640929222107 0.015104166666666667 0.024074074074074074
3 0.5123704075813293 0.38315626978874207 0.014583333333333334 0.025
3 0.5771181583404541 0.36705800890922546 0.015104166666666667 0.025
3 0.6515900492668152 0.4971463680267334 0.015625 0.023148148148148147
3 0.6494352221488953 0.3140014410018921 0.015625 0.025925925925925925
4 0.8171967267990112 0.26157867908477783 0.016145833333333335 0.025
2 0.7503293752670288 0.195538729429245 0.007291666666666667 0.011111111111111112
2 0.6684162020683289 0.19497399032115936 0.007291666666666667 0.011111111111111112
2 0.5856931209564209 0.19440367817878723 0.007291666666666667 0.011111111111111112
2 0.42110711336135864 0.19282202422618866 0.005208333333333333 0.008333333333333333
2 0.33745187520980835 0.19269226491451263 0.005208333333333333 0.008333333333333333
2 0.2557770311832428 0.19212917983531952 0.005208333333333333 0.008333333333333333
2 0.1464255005121231 0.3612559139728546 0.008333333333333333 0.012962962962962963
2 0.14255905151367188 0.49290674924850464 0.008333333333333333 0.012962962962962963
2 0.13929398357868195 0.620819628238678 0.008333333333333333 0.012962962962962963
2 0.2414657026529312 0.789516806602478 0.0046875 0.007407407407407408
2 0.3233865797519684 0.7903328537940979 0.0046875 0.007407407407407408
2 0.40550607442855835 0.7911496162414551 0.0046875 0.007407407407407408
2 0.7322942018508911 0.7908568978309631 0.0046875 0.007407407407407408
2 0.6505877375602722 0.7918171286582947 0.0046875 0.007407407407407408
2 0.568363606929779 0.7914441823959351 0.0046875 0.007407407407407408
2 0.8421052098274231 0.6249191761016846 0.007291666666666667 0.012037037037037037
2 0.8471052646636963 0.49648165702819824 0.007291666666666667 0.012037037037037037
2 0.8509580492973328 0.3643049895763397 0.007291666666666667 0.012037037037037037
