3 0.4745250344276428 0.72951740026474 0.014583333333333334 0.024074074074074074
1 0.35343387722969055 0.6689194440841675 0.015625 0.025
4 0.34666284918785095 0.7419175505638123 0.015104166666666667 0.025
3 0.3178166151046753 0.7088272571563721 0.015104166666666667 0.025
4 0.28142356872558594 0.598967969417572 0.015625 0.025
3 0.19888795912265778 0.6174622178077698 0.015104166666666667 0.024074074074074074
4 0.22819583117961884 0.5529422760009766 0.015625 0.025
4 0.2465050369501114 0.5075506567955017 0.015104166666666667 0.025925925925925925
4 0.21358108520507812 0.2835128605365753 0.016145833333333335 0.025
0 0.3754695951938629 0.2723487317562103 0.015104166666666667 0.024074074074074074
3 0.5118905305862427 0.3958997428417206 0.014583333333333334 0.025
3 0.5763628482818604 0.3779199421405792 0.015104166666666667 0.025
3 0.6561952233314514 0.5051789879798889 0.015625 0.023148148148148147
3 0.6470584869384766 0.3231218457221985 0.015625 0.025925925925925925
4 0.8135349154472351 0.2659873068332672 0.016145833333333335 0.025
2 0.7436290383338928 0.20316742360591888 0.007291666666666667 0.011111111111111112
2 0.6615708470344543 0.20529387891292572 0.007291666666666667 0.011111111111111112
2 0.5788314938545227 0.20743797719478607 0.007291666666666667 0.011111111111111112
2 0.41458746790885925 0.2112562656402588 0.005208333333333333 0.008333333333333333
2 0.3313235640525818 0.21385186910629272 0.005208333333333333 0.008333333333333333
2 0.25014540553092957 0.21595552563667297 0.005208333333333333 0.008333333333333333
2 0.1452774703502655 0.38559097051620483 0.008333333333333333 0.012962962962962963
2 0.14424234628677368 0.5162544250488281 0.008333333333333333 0.012962962962962963
2 0.14372208714485168 0.6442589163780212 0.008333333333333333 0.012962962962962963
2 0.2507093548774719 0.8117844462394714 0.0046875 0.007407407407407408
2 0.33372586965560913 0.8103625178337097 0.0046875 0.007407407407407408
2 0.4170774519443512 0.808933436870575 0.0046875 0.007407407407407408
2 0.7499555945396423 0.7996076941490173 0.0046875 0.007407407407407408
2 0.666567862033844 0.8028494119644165 0.0046875 0.007407407407407408
2 0.5827285051345825 0.8047419190406799 0.0046875 0.007407407407407408
2 0.8547654747962952 0.6279789209365845 0.007291666666666667 0.012037037037037037
2 0.8540743589401245 0.4985980689525604 0.007291666666666667 0.012037037037037037
2 0.8520637154579163 0.3666078746318817 0.007291666666666667 0.012037037037037037
