4 0.7300800681114197 0.6915169954299927 0.025 0.03981481481481482
0 0.7165223360061646 0.5465835332870483 0.022395833333333334 0.03425925925925926
4 0.6739432215690613 0.261065274477005 0.019270833333333334 0.030555555555555555
3 0.6428613066673279 0.3570202589035034 0.019791666666666666 0.032407407407407406
3 0.6027067303657532 0.4034702181816101 0.020833333333333332 0.03333333333333333
3 0.5916646122932434 0.44752803444862366 0.021354166666666667 0.03425925925925926
3 0.4947538673877716 0.35690978169441223 0.019791666666666666 0.032407407407407406
4 0.4982408285140991 0.6644433736801147 0.024479166666666666 0.040740740740740744
4 0.45349687337875366 0.6839898228645325 0.025 0.04259259259259259
3 0.3868829309940338 0.7125529050827026 0.025520833333333333 0.040740740740740744
4 0.4085366427898407 0.6347513794898987 0.023958333333333335 0.03888888888888889
3 0.3013639450073242 0.48251697421073914 0.021875 0.03333333333333333
1 0.3458477258682251 0.574505627155304 0.0234375 0.03796296296296296
3 0.3055375814437866 0.6055492758750916 0.023958333333333335 0.03796296296296296
4 0.2781505584716797 0.5819975137710571 0.0234375 0.03796296296296296
2 0.35427752137184143 0.7576006650924683 0.0078125 0.012962962962962963
2 0.4922075867652893 0.7547499537467957 0.0078125 0.012962962962962963
2 0.6309187412261963 0.751883864402771 0.0078125 0.012962962962962963
2 0.7918441295623779 0.6451101303100586 0.0067708333333333336 0.010185185185185186
2 0.7787705063819885 0.5715948343276978 0.0067708333333333336 0.010185185185185186
2 0.7670786380767822 0.5057011842727661 0.0067708333333333336 0.010185185185185186
2 0.1992132067680359 0.6582557559013367 0.00625 0.010185185185185186
2 0.2143537402153015 0.5850973129272461 0.00625 0.010185185185185186
2 0.22661711275577545 0.51904296875 0.00625 0.010185185185185186
2 0.24974602460861206 0.403565376996994 0.0067708333333333336 0.011111111111111112
2 0.26011377573013306 0.3538123667240143 0.0067708333333333336 0.011111111111111112
2 0.26928630471229553 0.30355843901634216 0.0067708333333333336 0.011111111111111112
2 0.401590496301651 0.24468383193016052 0.0046875 0.007407407407407408
2 0.49778857827186584 0.24150630831718445 0.005729166666666666 0.009259259259259259
2 0.5939992666244507 0.237024188041687 0.005729166666666666 0.009259259259259259
2 0.7464523315429688 0.38958311080932617 0.0067708333333333336 0.011111111111111112
2 0.7370455265045166 0.3376797139644623 0.0067708333333333336 0.011111111111111112
2 0.7283381819725037 0.2891726791858673 0.0067708333333333336 0.011111111111111112
