4 0.7229359745979309 0.6950083374977112 0.025 0.03981481481481482
0 0.7070741653442383 0.5476257801055908 0.022395833333333334 0.03425925925925926
4 0.6598575115203857 0.2582196295261383 0.019270833333333334 0.030555555555555555
3 0.6294317245483398 0.35248905420303345 0.019791666666666666 0.032407407407407406
3 0.5891830325126648 0.3966149389743805 0.020833333333333332 0.03333333333333333
3 0.5784938931465149 0.4400838315486908 0.021354166666666667 0.03425925925925926
3 0.4794289171695709 0.3436521589756012 0.019791666666666666 0.032407407407407406
4 0.486228346824646 0.6516583561897278 0.024479166666666666 0.040740740740740744
4 0.4412001371383667 0.6682180166244507 0.025 0.04259259259259259
3 0.3743475079536438 0.692263662815094 0.025520833333333333 0.040740740740740744
4 0.3953944742679596 0.6158175468444824 0.023958333333333335 0.03888888888888889
3 0.28663381934165955 0.4570576846599579 0.021875 0.03333333333333333
1 0.33189836144447327 0.5514819622039795 0.0234375 0.03796296296296296
3 0.29182785749435425 0.5798124670982361 0.023958333333333335 0.03796296296296296
4 0.2642839252948761 0.5545591115951538 0.0234375 0.03796296296296296
2 0.3419870138168335 0.7351263165473938 0.0078125 0.012962962962962963
2 0.48108479380607605 0.7420381903648376 0.0078125 0.012962962962962963
2 0.6221508383750916 0.7490485906600952 0.0078125 0.012962962962962963
2 0.7858237028121948 0.6522952914237976 0.0067708333333333336 0.010185185185185186
2 0.771315336227417 0.5769919157028198 0.0067708333333333336 0.010185185185185186
2 0.7583696842193604 0.5096602439880371 0.0067708333333333336 0.010185185185185186
2 0.18625862896442413 0.6252644062042236 0.00625 0.010185185185185186
2 0.2007792890071869 0.5535119771957397 0.00625 0.010185185185185186
2 0.2124817669391632 0.4886874258518219 0.00625 0.010185185185185186
2 0.23459728062152863 0.3755837678909302 0.0067708333333333336 0.011111111111111112
2 0.24451717734336853 0.3269217014312744 0.0067708333333333336 0.011111111111111112
2 0.2532399296760559 0.27772292494773865 0.0067708333333333336 0.011111111111111112
2 0.38470473885536194 0.2267671823501587 0.0046875 0.007407407407407408
2 0.48126348853111267 0.22889980673789978 0.005729166666666666 0.009259259259259259
2 0.5783796310424805 0.22974425554275513 0.005729166666666666 0.009259259259259259
2 0.735605001449585 0.39137959480285645 0.0067708333333333336 0.011111111111111112
2 0.7252675294876099 0.33865195512771606 0.0067708333333333336 0.011111111111111112
2 0.7157091498374939 0.2894652485847473 0.0067708333333333336 0.011111111111111112
