4 0.7403706312179565 0.6796435713768005 0.025 0.03981481481481482
0 0.7253818511962891 0.5310419797897339 0.022395833333333334 0.03425925925925926
4 0.6800326704978943 0.24007591605186462 0.019270833333333334 0.030555555555555555
3 0.6490511298179626 0.3354767858982086 0.019791666666666666 0.032407407407407406
3 0.6082772612571716 0.38083571195602417 0.020833333333333332 0.03333333333333333
3 0.5971711277961731 0.42523494362831116 0.021354166666666667 0.03425925925925926
3 0.4970158636569977 0.32859721779823303 0.019791666666666666 0.032407407407407406
4 0.5013611912727356 0.6447344422340393 0.024479166666666666 0.040740740740740744
4 0.4546900689601898 0.663625955581665 0.025 0.04259259259259259
3 0.3847484886646271 0.691376268863678 0.025520833333333333 0.040740740740740744
4 0.4075399935245514 0.6110697984695435 0.023958333333333335 0.03888888888888889
3 0.2948966920375824 0.44926929473876953 0.021875 0.03333333333333333
1 0.3416402041912079 0.546356737613678 0.0234375 0.03796296296296296
3 0.29897361993789673 0.5772132873535156 0.023958333333333335 0.03796296296296296
4 0.2700059711933136 0.5517077445983887 0.0234375 0.03796296296296296
2 0.35026979446411133 0.7375546097755432 0.0078125 0.012962962962962963
2 0.4952820837497711 0.738292396068573 0.0078125 0.012962962962962963
2 0.6391708254814148 0.7390252351760864 0.0078125 0.012962962962962963
2 0.8026846647262573 0.6340405344963074 0.0067708333333333336 0.010185185185185186
2 0.7887409329414368 0.5587139129638672 0.0067708333333333336 0.010185185185185186
2 0.7762982249259949 0.4913524389266968 0.0067708333333333336 0.010185185185185186
2 0.18547026813030243 0.6287632584571838 0.00625 0.010185185185185186
2 0.20206424593925476 0.5526445508003235 0.00625 0.010185185185185186
2 0.21547456085681915 0.48420149087905884 0.00625 0.010185185185185186
2 0.24056321382522583 0.36536905169487 0.0067708333333333336 0.011111111111111112
2 0.2517358958721161 0.3144852817058563 0.0067708333333333336 0.011111111111111112
2 0.2616105079650879 0.2632061839103699 0.0067708333333333336 0.011111111111111112
2 0.4002944529056549 0.20968057215213776 0.0046875 0.007407407407407408
2 0.4998786151409149 0.2114148885011673 0.005729166666666666 0.009259259259259259
2 0.5985500812530518 0.21181748807430267 0.005729166666666666 0.009259259259259259
2 0.7544138431549072 0.3730018436908722 0.0067708333333333336 0.011111111111111112
2 0.7444698810577393 0.32023781538009644 0.0067708333333333336 0.011111111111111112
2 0.735276460647583 0.2710108458995819 0.0067708333333333336 0.011111111111111112
