4 0.8469769358634949 0.5480784773826599 0.026041666666666668 0.044444444444444446
4 0.6367561221122742 0.34844714403152466 0.023958333333333335 0.04259259259259259
3 0.5800362229347229 0.5406869053840637 0.024479166666666666 0.041666666666666664
3 0.4417113661766052 0.7663456797599792 0.025 0.04259259259259259
3 0.422581285238266 0.7270364761352539 0.024479166666666666 0.041666666666666664
4 0.3836230933666229 0.4046989679336548 0.025 0.04351851851851852
0 0.32728061079978943 0.5886289477348328 0.022916666666666665 0.041666666666666664
4 0.3414440453052521 0.6580085754394531 0.024479166666666666 0.04259259259259259
4 0.3160736858844757 0.6302429437637329 0.024479166666666666 0.041666666666666664
3 0.21720148622989655 0.8257153034210205 0.023958333333333335 0.041666666666666664
1 0.26761147379875183 0.569574773311615 0.023958333333333335 0.041666666666666664
3 0.2330426275730133 0.3352677822113037 0.025520833333333333 0.04259259259259259
4 0.13389268517494202 0.284013032913208 0.025 0.04259259259259259
2 0.08857981860637665 0.6908023953437805 0.007291666666666667 0.012962962962962963
2 0.08755626529455185 0.5153121948242188 0.007291666666666667 0.012962962962962963
2 0.08628272265195847 0.3397824466228485 0.007291666666666667 0.012962962962962963
2 0.20536920428276062 0.12627370655536652 0.007291666666666667 0.012962962962962963
2 0.30480509996414185 0.12619765102863312 0.007291666666666667 0.012962962962962963
2 0.4041292369365692 0.12656037509441376 0.007291666666666667 0.012962962962962963
2 0.6038782596588135 0.12422256171703339 0.007291666666666667 0.012962962962962963
2 0.7050755620002747 0.12238447368144989 0.007291666666666667 0.012962962962962963
2 0.8069390654563904 0.12185760587453842 0.007291666666666667 0.012962962962962963
2 0.9389106035232544 0.33801600337028503 0.007291666666666667 0.012962962962962963
2 0.9422120451927185 0.5164395570755005 0.007291666666666667 0.012962962962962963
2 0.9455364346504211 0.6961708068847656 0.007291666666666667 0.012962962962962963
2 0.8218333721160889 0.9138160943984985 0.007291666666666667 0.012962962962962963
2 0.7188934087753296 0.9123520255088806 0.007291666666666667 0.012962962962962963
2 0.6168635487556458 0.910898745059967 0.007291666666666667 0.012962962962962963
2 0.4155189096927643 0.9093470573425293 0.007291666666666667 0.012962962962962963
2 0.31442776322364807 0.908785879611969 0.007291666666666667 0.012962962962962963
2 0.2132449895143509 0.9095398783683777 0.007291666666666667 0.012962962962962963
