4 0.16584904491901398 0.5429497361183167 0.026041666666666668 0.044444444444444446
4 0.38024207949638367 0.3416789174079895 0.023958333333333335 0.04259259259259259
3 0.4402393400669098 0.5380855798721313 0.024479166666666666 0.041666666666666664
3 0.5808457732200623 0.7640320062637329 0.025 0.04259259259259259
3 0.5996694564819336 0.725164532661438 0.024479166666666666 0.041666666666666664
4 0.6372672319412231 0.40346208214759827 0.025 0.04351851851851852
0 0.6937245726585388 0.58829665184021 0.022916666666666665 0.041666666666666664
4 0.6798361539840698 0.6570391654968262 0.024479166666666666 0.04259259259259259
4 0.7048422694206238 0.6296610236167908 0.024479166666666666 0.041666666666666664
3 0.8014943599700928 0.8217068910598755 0.023958333333333335 0.041666666666666664
1 0.7525688409805298 0.5698422193527222 0.023958333333333335 0.041666666666666664
3 0.7869102954864502 0.33624327182769775 0.025520833333333333 0.04259259259259259
4 0.8846532106399536 0.2867891788482666 0.025 0.04259259259259259
2 0.9264470338821411 0.6901026368141174 0.007291666666666667 0.012962962962962963
2 0.9285202026367188 0.5178484320640564 0.007291666666666667 0.012962962962962963
2 0.9308605790138245 0.34361180663108826 0.007291666666666667 0.012962962962962963
2 0.8147556185722351 0.12540945410728455 0.007291666666666667 0.012962962962962963
2 0.7156227231025696 0.12233426421880722 0.007291666666666667 0.012962962962962963
2 0.6156352758407593 0.11968374252319336 0.007291666666666667 0.012962962962962963
2 0.41154226660728455 0.11108765751123428 0.007291666666666667 0.012962962962962963
2 0.30657023191452026 0.10598398745059967 0.007291666666666667 0.012962962962962963
2 0.19984231889247894 0.10218336433172226 0.007291666666666667 0.012962962962962963
2 0.06489626318216324 0.3247605264186859 0.007291666666666667 0.012962962962962963
2 0.06545225530862808 0.5094725489616394 0.007291666666666667 0.012962962962962963
2 0.0660071074962616 0.6933676600456238 0.007291666666666667 0.012962962962962963
2 0.1985815018415451 0.9121237993240356 0.007291666666666667 0.012962962962962963
2 0.30367907881736755 0.9098199605941772 0.007291666666666667 0.012962962962962963
2 0.4068244993686676 0.9075567126274109 0.007291666666666667 0.012962962962962963
2 0.6074455380439758 0.9044415354728699 0.007291666666666667 0.012962962962962963
2 0.7067283391952515 0.9031118750572205 0.007291666666666667 0.012962962962962963
2 0.8051479458808899 0.9030676484107971 0.007291666666666667 0.012962962962962963
