4 0.8374327421188354 0.5222222208976746 0.026041666666666668 0.044444444444444446
4 0.6256245970726013 0.32989272475242615 0.023958333333333335 0.04259259259259259
3 0.5686475038528442 0.5202229619026184 0.024479166666666666 0.041666666666666664
3 0.43011799454689026 0.7447787523269653 0.025 0.04259259259259259
3 0.4111377000808716 0.7063913345336914 0.024479166666666666 0.041666666666666664
4 0.37313443422317505 0.3909139931201935 0.025 0.04351851851851852
0 0.316805899143219 0.5721603631973267 0.022916666666666665 0.041666666666666664
4 0.33066099882125854 0.6399256587028503 0.024479166666666666 0.04259259259259259
4 0.30558666586875916 0.6131433844566345 0.024479166666666666 0.041666666666666664
3 0.20715762674808502 0.806337833404541 0.023958333333333335 0.041666666666666664
1 0.2578147053718567 0.5546266436576843 0.023958333333333335 0.041666666666666664
3 0.22446390986442566 0.3265904188156128 0.025520833333333333 0.04259259259259259
4 0.12718237936496735 0.27910947799682617 0.025 0.04259259259259259
2 0.08102229982614517 0.6762603521347046 0.007291666666666667 0.012962962962962963
2 0.08077792823314667 0.5051611065864563 0.007291666666666667 0.012962962962962963
2 0.08028951287269592 0.33444446325302124 0.007291666666666667 0.012962962962962963
2 0.19795265793800354 0.12399320304393768 0.007291666666666667 0.012962962962962963
2 0.2958773672580719 0.12113918364048004 0.007291666666666667 0.012962962962962963
2 0.3941000699996948 0.11870429664850235 0.007291666666666667 0.012962962962962963
2 0.5928860306739807 0.11077293753623962 0.007291666666666667 0.012962962962962963
2 0.6942347884178162 0.10608775168657303 0.007291666666666667 0.012962962962962963
2 0.7966883182525635 0.10265284031629562 0.007291666666666667 0.012962962962962963
2 0.930402934551239 0.31232622265815735 0.007291666666666667 0.012962962962962963
2 0.9340222477912903 0.4889460802078247 0.007291666666666667 0.012962962962962963
2 0.9376764297485352 0.6673275232315063 0.007291666666666667 0.012962962962962963
2 0.8122245669364929 0.8855267763137817 0.007291666666666667 0.012962962962962963
2 0.7080574035644531 0.885323703289032 0.007291666666666667 0.012962962962962963
2 0.6052627563476562 0.88512122631073 0.007291666666666667 0.012962962962962963
2 0.40371406078338623 0.8860217928886414 0.007291666666666667 0.012962962962962963
2 0.30316752195358276 0.8866854310035706 0.007291666666666667 0.012962962962962963
2 0.20295485854148865 0.8886384963989258 0.007291666666666667 0.012962962962962963
