2 0.582098662853241 0.1810847669839859 0.004068452380952381 0.00650952380952381
2 0.6666935682296753 0.18171881139278412 0.003967261904761905 0.006347619047619047
2 0.7514078617095947 0.18243220448493958 0.0035714285714285713 0.006033333333333333
2 0.8595142364501953 0.3557835519313812 0.003669642857142857 0.006190476190476191
2 0.8589089512825012 0.4911178648471832 0.0035714285714285713 0.006033333333333333
2 0.8582494258880615 0.6273249983787537 0.0037708333333333335 0.006033333333333333
2 0.7485972046852112 0.8011385202407837 0.0037708333333333335 0.006347619047619047
2 0.6631522178649902 0.80029296875 0.0037708333333333335 0.006190476190476191
2 0.5779252648353577 0.7998332381248474 0.004264880952380952 0.00650952380952381
2 0.40714001655578613 0.7989232540130615 0.0037708333333333335 0.00650952380952381
2 0.3218308091163635 0.7979159355163574 0.003669642857142857 0.006347619047619047
2 0.2364935725927353 0.7973800301551819 0.003967261904761905 0.00650952380952381
2 0.12938733398914337 0.6229737997055054 0.003669642857142857 0.006190476190476191
2 0.13128560781478882 0.4868944585323334 0.003669642857142857 0.005871428571428572
2 0.1330760419368744 0.35161370038986206 0.003669642857142857 0.005871428571428572
2 0.24403047561645508 0.1792498230934143 0.0034732142857142856 0.006033333333333333
2 0.3285388648509979 0.1796501874923706 0.0037708333333333335 0.006666666666666667
2 0.413217157125473 0.18005026876926422 0.003869047619047619 0.006347619047619047
4 0.6563475728034973 0.4417218267917633 0.01594345238095238 0.025852380952380953
4 0.7906739711761475 0.5199202299118042 0.015306547619047619 0.02550952380952381
4 0.5419889688491821 0.7233894467353821 0.015517857142857142 0.02619047619047619
4 0.4775134027004242 0.6869935393333435 0.015517857142857142 0.025852380952380953
4 0.28618767857551575 0.6967635750770569 0.015517857142857142 0.02449047619047619
4 0.26757878065109253 0.5907980799674988 0.015517857142857142 0.025852380952380953
4 0.31204521656036377 0.5505428314208984 0.015306547619047619 0.02482857142857143
3 0.6505035161972046 0.39692917466163635 0.015092261904761905 0.02550952380952381
3 0.7817118167877197 0.6254256963729858 0.01488095238095238 0.02550952380952381
3 0.6694747805595398 0.648646354675293 0.015517857142857142 0.02517142857142857
3 0.6101934313774109 0.7182161808013916 0.015306547619047619 0.02550952380952381
3 0.22544656693935394 0.4214649498462677 0.01594345238095238 0.025852380952380953
3 0.22653721272945404 0.2803259491920471 0.015517857142857142 0.02550952380952381
1 0.4383651614189148 0.319516122341156 0.015732142857142858 0.025852380952380953
0 0.4115453064441681 0.5465268492698669 0.01488095238095238 0.023809523809523808
