3 0.7927362322807312 0.48411035537719727 0.016145833333333335 0.024074074074074074
0 0.7557013034820557 0.5501731634140015 0.015104166666666667 0.023148148148148147
3 0.712384819984436 0.46133294701576233 0.015104166666666667 0.023148148148148147
4 0.7009807229042053 0.4434676468372345 0.015104166666666667 0.024074074074074074
3 0.6486352682113647 0.3427894115447998 0.015625 0.024074074074074074
4 0.6123959422111511 0.2892562448978424 0.015625 0.025
3 0.5218111276626587 0.6995232105255127 0.014583333333333334 0.024074074074074074
1 0.42486026883125305 0.37394896149635315 0.016145833333333335 0.025925925925925925
3 0.2967453896999359 0.36666780710220337 0.015104166666666667 0.024074074074074074
3 0.2818381190299988 0.4774947464466095 0.016145833333333335 0.025
3 0.2063702642917633 0.6086978912353516 0.015625 0.023148148148148147
2 0.5817236304283142 0.811983048915863 0.005729166666666666 0.009259259259259259
2 0.6661180853843689 0.8113771080970764 0.005729166666666666 0.009259259259259259
2 0.7499135732650757 0.8116751313209534 0.005729166666666666 0.009259259259259259
2 0.8587344884872437 0.6413038372993469 0.0067708333333333336 0.011111111111111112
2 0.8586861491203308 0.5077692270278931 0.0067708333333333336 0.011111111111111112
2 0.8601964712142944 0.3723127543926239 0.0067708333333333336 0.011111111111111112
2 0.7518460154533386 0.19947996735572815 0.0046875 0.007407407407407408
2 0.6668727993965149 0.1998152732849121 0.0046875 0.007407407407407408
2 0.5815603733062744 0.19923578202724457 0.0046875 0.007407407407407408
2 0.4152546226978302 0.8091194033622742 0.005208333333333333 0.008333333333333333
2 0.3313809633255005 0.8083645105361938 0.005208333333333333 0.008333333333333333
2 0.2481912225484848 0.8067092895507812 0.005208333333333333 0.008333333333333333
2 0.14106491208076477 0.6377249360084534 0.007291666666666667 0.012037037037037037
2 0.13999325037002563 0.5044609308242798 0.007291666666666667 0.012037037037037037
2 0.1389208287000656 0.3711037337779999 0.007291666666666667 0.012037037037037037
2 0.24517925083637238 0.1996629685163498 0.0067708333333333336 0.011111111111111112
2 0.3292669653892517 0.19887401163578033 0.0067708333333333336 0.011111111111111112
2 0.41379034519195557 0.19945093989372253 0.0067708333333333336 0.011111111111111112
