4 0.27858206629753113 0.5102402567863464 0.023958333333333335 0.03888888888888889
4 0.21502412855625153 0.5656516551971436 0.0265625 0.04259259259259259
3 0.2901657819747925 0.6521866321563721 0.0296875 0.049074074074074076
3 0.29297739267349243 0.5355995297431946 0.025 0.03888888888888889
4 0.33882853388786316 0.5560735464096069 0.026041666666666668 0.030555555555555555
4 0.3380611538887024 0.5803691148757935 0.025 0.03888888888888889
3 0.3448944091796875 0.5917227864265442 0.027604166666666666 0.04259259259259259
0 0.3961397707462311 0.6377317905426025 0.0296875 0.04722222222222222
4 0.5897313952445984 0.6547006368637085 0.030208333333333334 0.04814814814814815
4 0.6682341694831848 0.5540205240249634 0.025520833333333333 0.04259259259259259
3 0.6915843486785889 0.5230569243431091 0.024479166666666666 0.03796296296296296
3 0.5318669080734253 0.4034922122955322 0.01875 0.02962962962962963
4 0.5630750060081482 0.39117488265037537 0.017708333333333333 0.02962962962962963
3 0.6139281988143921 0.4087049663066864 0.01875 0.030555555555555555
1 0.7072365880012512 0.3979048728942871 0.01875 0.030555555555555555
3 0.7329166531562805 0.3979164958000183 0.01875 0.02962962962962963
2 0.40228843688964844 0.7324948906898499 0.011979166666666667 0.018518518518518517
2 0.24255205690860748 0.6994935870170593 0.011979166666666667 0.018518518518518517
2 0.09692414849996567 0.6684143543243408 0.011979166666666667 0.018518518518518517
2 0.06899770349264145 0.5597702860832214 0.00625 0.010185185185185186
2 0.1590210646390915 0.5139918923377991 0.00625 0.010185185185185186
2 0.2341485321521759 0.4762140214443207 0.00625 0.010185185185185186
2 0.6963503360748291 0.6764742136001587 0.007291666666666667 0.011111111111111112
2 0.7383157014846802 0.6124899387359619 0.007291666666666667 0.011111111111111112
2 0.7740353941917419 0.560716986656189 0.007291666666666667 0.011111111111111112
2 0.8274746537208557 0.4809403717517853 0.0067708333333333336 0.011111111111111112
2 0.8492531180381775 0.4477461576461792 0.0067708333333333336 0.011111111111111112
2 0.8677491545677185 0.4209364056587219 0.0067708333333333336 0.011111111111111112
2 0.7705481648445129 0.37649399042129517 0.005729166666666666 0.009259259259259259
2 0.682732880115509 0.36641252040863037 0.005729166666666666 0.009259259259259259
2 0.598275363445282 0.356764018535614 0.005729166666666666 0.009259259259259259
2 0.4468364119529724 0.37027478218078613 0.004166666666666667 0.007407407407407408
2 0.4038703143596649 0.39188525080680847 0.004166666666666667 0.007407407407407408
2 0.3548726439476013 0.416941374540329 0.004166666666666667 0.007407407407407408
