4 0.2753550112247467 0.523208498954773 0.023958333333333335 0.03888888888888889
4 0.21183159947395325 0.581906795501709 0.0265625 0.04259259259259259
3 0.2906055450439453 0.6719679832458496 0.0296875 0.049074074074074076
3 0.2906745374202728 0.5496687293052673 0.025 0.03888888888888889
4 0.33805981278419495 0.5707189440727234 0.026041666666666668 0.030555555555555555
4 0.3378567397594452 0.5962287783622742 0.025 0.03888888888888889
3 0.3451225161552429 0.6080858111381531 0.027604166666666666 0.04259259259259259
0 0.39871761202812195 0.6559674143791199 0.0296875 0.04722222222222222
4 0.598198652267456 0.6722953915596008 0.030208333333333334 0.04814814814814815
4 0.6769276857376099 0.5654616951942444 0.025520833333333333 0.04259259259259259
3 0.7003665566444397 0.5325498580932617 0.024479166666666666 0.03796296296296296
3 0.5326353907585144 0.40818995237350464 0.01875 0.02962962962962963
4 0.564508318901062 0.3948306739330292 0.017708333333333333 0.02962962962962963
3 0.6173990964889526 0.4127066135406494 0.01875 0.030555555555555555
1 0.713659405708313 0.40018153190612793 0.01875 0.030555555555555555
3 0.7402727007865906 0.3998822271823883 0.01875 0.02962962962962963
2 0.40728041529655457 0.7554402947425842 0.011979166666666667 0.018518518518518517
2 0.2431371659040451 0.7218930125236511 0.011979166666666667 0.018518518518518517
2 0.09417247772216797 0.6904152631759644 0.011979166666666667 0.018518518518518517
2 0.06317075341939926 0.5770905017852783 0.00625 0.010185185185185186
2 0.1535363495349884 0.5283395051956177 0.00625 0.010185185185185186
2 0.2291720062494278 0.4879869222640991 0.00625 0.010185185185185186
2 0.7088728547096252 0.6944454908370972 0.007291666666666667 0.011111111111111112
2 0.7508519887924194 0.6265624165534973 0.007291666666666667 0.011111111111111112
2 0.786699652671814 0.5715370774269104 0.007291666666666667 0.011111111111111112
2 0.8403690457344055 0.4866178631782532 0.0067708333333333336 0.011111111111111112
2 0.8622575402259827 0.45123720169067383 0.0067708333333333336 0.011111111111111112
2 0.8808932900428772 0.4226289391517639 0.0067708333333333336 0.011111111111111112
2 0.7788146734237671 0.37676385045051575 0.005729166666666666 0.009259259259259259
2 0.6875511407852173 0.36721134185791016 0.005729166666666666 0.009259259259259259
2 0.6000166535377502 0.35809916257858276 0.005729166666666666 0.009259259259259259
2 0.4443756639957428 0.37424972653388977 0.004166666666666667 0.007407407407407408
2 0.40078040957450867 0.39751285314559937 0.004166666666666667 0.007407407407407408
2 0.35115310549736023 0.4244328439235687 0.004166666666666667 0.007407407407407408
