4 0.26582464575767517 0.5113233923912048 0.023958333333333335 0.03888888888888889
4 0.2047937959432602 0.5654118061065674 0.0265625 0.04259259259259259
3 0.2786160707473755 0.6519237160682678 0.0296875 0.049074074074074076
3 0.28015410900115967 0.5365176200866699 0.025 0.03888888888888889
4 0.32545262575149536 0.5572661757469177 0.026041666666666668 0.030555555555555555
4 0.32494837045669556 0.5814329385757446 0.025 0.03888888888888889
3 0.33182239532470703 0.5928261280059814 0.027604166666666666 0.04259259259259259
0 0.38327667117118835 0.6396104693412781 0.0296875 0.04722222222222222
4 0.5810836553573608 0.6607181429862976 0.030208333333333334 0.04814814814814815
4 0.6624964475631714 0.5586780309677124 0.025520833333333333 0.04259259259259259
3 0.6869691014289856 0.5269402861595154 0.024479166666666666 0.03796296296296296
3 0.5184800624847412 0.40434008836746216 0.01875 0.02962962962962963
4 0.5505679249763489 0.3916080892086029 0.017708333333333333 0.02962962962962963
3 0.6037206649780273 0.4092038571834564 0.01875 0.030555555555555555
1 0.7023106217384338 0.39752718806266785 0.01875 0.030555555555555555
3 0.7298288941383362 0.3973689079284668 0.01875 0.02962962962962963
2 0.39042630791664124 0.7346557378768921 0.011979166666666667 0.018518518518518517
2 0.2327623963356018 0.6975756287574768 0.011979166666666667 0.018518518518518517
2 0.09348907321691513 0.663859486579895 0.011979166666666667 0.018518518518518517
2 0.06620743870735168 0.5581302046775818 0.00625 0.010185185185185186
2 0.15064595639705658 0.5143380761146545 0.00625 0.010185185185185186
2 0.2223208099603653 0.47758665680885315 0.00625 0.010185185185185186
2 0.6937105655670166 0.6855695247650146 0.007291666666666667 0.011111111111111112
2 0.7379695773124695 0.620164155960083 0.007291666666666667 0.011111111111111112
2 0.775991678237915 0.5668218731880188 0.007291666666666667 0.011111111111111112
2 0.8334091305732727 0.4838000237941742 0.0067708333333333336 0.011111111111111112
2 0.8569959402084351 0.4489670693874359 0.0067708333333333336 0.011111111111111112
2 0.87713223695755 0.4207073748111725 0.0067708333333333336 0.011111111111111112
2 0.7701993584632874 0.3747919201850891 0.005729166666666666 0.009259259259259259
2 0.6758552193641663 0.36518123745918274 0.005729166666666666 0.009259259259259259
2 0.5867987275123596 0.35615774989128113 0.005729166666666666 0.009259259259259259
2 0.4314219653606415 0.3713928163051605 0.004166666666666667 0.007407407407407408
2 0.3884277939796448 0.3934384882450104 0.004166666666666667 0.007407407407407408
2 0.3398747146129608 0.4187473952770233 0.004166666666666667 0.007407407407407408
