4 0.7038698792457581 0.5339604020118713 0.022916666666666665 0.03796296296296296
4 0.6864283680915833 0.6195935606956482 0.024479166666666666 0.040740740740740744
3 0.6563077569007874 0.5639832019805908 0.0234375 0.03888888888888889
4 0.5860273241996765 0.5827690958976746 0.0234375 0.03796296296296296
4 0.5627616047859192 0.6089629530906677 0.022916666666666665 0.040740740740740744
3 0.5453853607177734 0.6187939643859863 0.024479166666666666 0.03888888888888889
3 0.5238717198371887 0.696125328540802 0.025520833333333333 0.040740740740740744
0 0.4567475914955139 0.6587872505187988 0.025 0.040740740740740744
4 0.29448187351226807 0.6353598237037659 0.024479166666666666 0.03981481481481482
4 0.3195972442626953 0.5020238757133484 0.022395833333333334 0.03796296296296296
3 0.3285655379295349 0.4560653269290924 0.021875 0.03611111111111111
3 0.6120325326919556 0.30876344442367554 0.019270833333333334 0.03333333333333333
4 0.5985165238380432 0.2775799632072449 0.019270833333333334 0.03148148148148148
3 0.524183988571167 0.2968248128890991 0.019270833333333334 0.03148148148148148
1 0.4476344883441925 0.25536948442459106 0.01875 0.030555555555555555
3 0.4221186637878418 0.25052517652511597 0.018229166666666668 0.030555555555555555
2 0.3548368811607361 0.7515210509300232 0.008854166666666666 0.013888888888888888
2 0.5000765919685364 0.7533411383628845 0.008854166666666666 0.013888888888888888
2 0.6439033150672913 0.7560568451881409 0.008854166666666666 0.013888888888888888
2 0.8081263303756714 0.6484783887863159 0.00625 0.010185185185185186
2 0.7946189045906067 0.5706647634506226 0.00625 0.010185185185185186
2 0.7813636064529419 0.5020003318786621 0.00625 0.010185185185185186
2 0.7591972351074219 0.37753650546073914 0.005208333333333333 0.008333333333333333
2 0.7487505078315735 0.32262879610061646 0.005208333333333333 0.008333333333333333
2 0.7395796179771423 0.273220032453537 0.005208333333333333 0.008333333333333333
2 0.6018861532211304 0.21145056188106537 0.00625 0.010185185185185186
2 0.5025516152381897 0.2089919000864029 0.00625 0.010185185185185186
2 0.4032725393772125 0.20790277421474457 0.00625 0.010185185185185186
2 0.2649862468242645 0.26428255438804626 0.005729166666666666 0.009259259259259259
2 0.25525152683258057 0.31477847695350647 0.005729166666666666 0.009259259259259259
2 0.2442387044429779 0.3689071238040924 0.005729166666666666 0.009259259259259259
2 0.19223588705062866 0.6377602219581604 0.00625 0.010185185185185186
2 0.20785902440547943 0.5604332685470581 0.00625 0.010185185185185186
2 0.22143514454364777 0.4912888705730438 0.00625 0.010185185185185186
