3 0.8042972683906555 0.43446338176727295 0.015104166666666667 0.023148148148148147
3 0.7444483041763306 0.5599215626716614 0.015625 0.025
3 0.7536752223968506 0.48778823018074036 0.015104166666666667 0.024074074074074074
4 0.705261766910553 0.4176338315010071 0.015625 0.025
0 0.6689376831054688 0.39401525259017944 0.015625 0.024074074074074074
3 0.6226173639297485 0.6999167203903198 0.014583333333333334 0.023148148148148147
1 0.6357374787330627 0.5983783602714539 0.015625 0.025
3 0.6127988696098328 0.41703829169273376 0.015104166666666667 0.024074074074074074
3 0.5716274976730347 0.6468926072120667 0.015104166666666667 0.024074074074074074
3 0.39376571774482727 0.42223820090293884 0.015104166666666667 0.025925925925925925
4 0.2800733745098114 0.3215218782424927 0.015625 0.024074074074074074
2 0.5771387219429016 0.7955626845359802 0.0067708333333333336 0.011111111111111112
2 0.6587411761283875 0.7968125939369202 0.0067708333333333336 0.011111111111111112
2 0.7405171990394592 0.7985101938247681 0.0067708333333333336 0.011111111111111112
2 0.843302309513092 0.6352298259735107 0.0067708333333333336 0.011111111111111112
2 0.8433219194412231 0.5054938197135925 0.0046875 0.007407407407407408
2 0.8423545956611633 0.3775613605976105 0.0046875 0.007407407407407408
2 0.7389188408851624 0.2125384509563446 0.005729166666666666 0.009259259259259259
2 0.6575116515159607 0.21189479529857635 0.005729166666666666 0.009259259259259259
2 0.5770097374916077 0.21040324866771698 0.005729166666666666 0.009259259259259259
2 0.41675740480422974 0.20786131918430328 0.007291666666666667 0.011111111111111112
2 0.33724310994148254 0.2076694220304489 0.007291666666666667 0.011111111111111112
2 0.2566724419593811 0.2070341259241104 0.007291666666666667 0.011111111111111112
2 0.15160109102725983 0.6214725971221924 0.0078125 0.012962962962962963
2 0.15216070413589478 0.49421289563179016 0.0078125 0.012962962962962963
2 0.15321823954582214 0.366586834192276 0.0078125 0.012962962962962963
2 0.2539309561252594 0.7879672050476074 0.0046875 0.007407407407407408
2 0.3345962464809418 0.7909691333770752 0.0046875 0.007407407407407408
2 0.41494497656822205 0.7917518019676208 0.0046875 0.007407407407407408
