1 0.31735870242118835 0.6322484016418457 0.0203125 0.030555555555555555
0 0.3197905123233795 0.660747766494751 0.021354166666666667 0.032407407407407406
3 0.2521132230758667 0.727841317653656 0.023958333333333335 0.03333333333333333
3 0.3490818738937378 0.7118385434150696 0.022916666666666665 0.037037037037037035
3 0.4135604798793793 0.7248522639274597 0.0234375 0.03888888888888889
3 0.6333786249160767 0.6857006549835205 0.021875 0.03611111111111111
3 0.6031206846237183 0.6510111689567566 0.0203125 0.03425925925925926
3 0.5907571315765381 0.5387676954269409 0.016145833333333335 0.026851851851851852
2 0.3625386655330658 0.8104743361473083 0.0078125 0.012037037037037037
2 0.2575954496860504 0.7677005529403687 0.0078125 0.012037037037037037
2 0.16491387784481049 0.7288973331451416 0.0078125 0.012037037037037037
2 0.18714605271816254 0.6305161714553833 0.0078125 0.012037037037037037
2 0.2682328522205353 0.5960740447044373 0.005208333333333333 0.008333333333333333
2 0.33902016282081604 0.5644146203994751 0.005208333333333333 0.008333333333333333
2 0.4560932219028473 0.5138846039772034 0.004166666666666667 0.006481481481481481
2 0.5050555467605591 0.49137312173843384 0.004166666666666667 0.006481481481481481
2 0.549297571182251 0.4715886116027832 0.004166666666666667 0.006481481481481481
2 0.6252045035362244 0.781794548034668 0.008333333333333333 0.012962962962962963
2 0.6903935670852661 0.7221339344978333 0.008333333333333333 0.012962962962962963
2 0.7448747754096985 0.6734052896499634 0.008333333333333333 0.012962962962962963
2 0.8299133777618408 0.5955130457878113 0.0046875 0.007407407407407408
2 0.8648965358734131 0.5636028051376343 0.0046875 0.007407407407407408
2 0.8954766392707825 0.535764753818512 0.0046875 0.007407407407407408
2 0.8254586458206177 0.48720285296440125 0.005208333333333333 0.008333333333333333
2 0.7513501048088074 0.4749850332736969 0.005208333333333333 0.008333333333333333
2 0.6812388896942139 0.46230292320251465 0.005208333333333333 0.008333333333333333
