1 0.6853497624397278 0.6324030160903931 0.0203125 0.030555555555555555
0 0.6832221746444702 0.6594243049621582 0.021354166666666667 0.032407407407407406
3 0.7505950331687927 0.7238867282867432 0.023958333333333335 0.03333333333333333
3 0.6548251509666443 0.7075278759002686 0.022916666666666665 0.037037037037037035
3 0.591379702091217 0.7190755009651184 0.0234375 0.03888888888888889
3 0.3742152750492096 0.6792638301849365 0.021875 0.03611111111111111
3 0.4036375880241394 0.6467240452766418 0.0203125 0.03425925925925926
3 0.41451072692871094 0.5402601361274719 0.016145833333333335 0.026851851851851852
2 0.6425298452377319 0.8008064031600952 0.0078125 0.012037037037037037
2 0.7455489039421082 0.7615908980369568 0.0078125 0.012037037037037037
2 0.8365944623947144 0.7259562611579895 0.0078125 0.012037037037037037
2 0.8138372898101807 0.6323476433753967 0.0078125 0.012037037037037037
2 0.7334975004196167 0.5986474752426147 0.005208333333333333 0.008333333333333333
2 0.663316011428833 0.5677016973495483 0.005208333333333333 0.008333333333333333
2 0.5471974611282349 0.5182332396507263 0.004166666666666667 0.006481481481481481
2 0.49859532713890076 0.49622249603271484 0.004166666666666667 0.006481481481481481
2 0.45467203855514526 0.47685760259628296 0.004166666666666667 0.006481481481481481
2 0.38342970609664917 0.7704278230667114 0.008333333333333333 0.012962962962962963
2 0.3184604346752167 0.7131088972091675 0.008333333333333333 0.012962962962962963
2 0.26413264870643616 0.6662392616271973 0.008333333333333333 0.012962962962962963
2 0.17922809720039368 0.5912717580795288 0.0046875 0.007407407407407408
2 0.14427287876605988 0.56053227186203 0.0046875 0.007407407407407408
2 0.11370405554771423 0.5337027907371521 0.0046875 0.007407407407407408
2 0.1821393519639969 0.4883686304092407 0.005208333333333333 0.008333333333333333
2 0.2551528215408325 0.47764113545417786 0.005208333333333333 0.008333333333333333
2 0.32423385977745056 0.46642017364501953 0.005208333333333333 0.008333333333333333
