3 0.3023311495780945 0.5329819321632385 0.022916666666666665 0.037037037037037035
3 0.3555346429347992 0.4915054738521576 0.021875 0.037037037037037035
1 0.4140249192714691 0.5530510544776917 0.022916666666666665 0.03981481481481482
3 0.43571212887763977 0.6417881846427917 0.024479166666666666 0.040740740740740744
3 0.510880708694458 0.650242805480957 0.025 0.03888888888888889
3 0.571566641330719 0.6972302198410034 0.025 0.030555555555555555
4 0.5822598934173584 0.6034365892410278 0.023958333333333335 0.03981481481481482
0 0.6027714610099792 0.5705862641334534 0.0234375 0.03888888888888889
3 0.5755278468132019 0.5219813585281372 0.022916666666666665 0.03611111111111111
3 0.5578005909919739 0.3589254915714264 0.0203125 0.032407407407407406
4 0.6356481313705444 0.28495216369628906 0.019270833333333334 0.02962962962962963
2 0.35165804624557495 0.7326732277870178 0.00625 0.010185185185185186
2 0.4934370815753937 0.7321425080299377 0.00625 0.010185185185185186
2 0.6375175714492798 0.7307112216949463 0.00625 0.010185185185185186
2 0.8013229966163635 0.6218208074569702 0.0078125 0.012962962962962963
2 0.7858650088310242 0.5474168062210083 0.0078125 0.012962962962962963
2 0.7725967168807983 0.47978776693344116 0.0078125 0.012962962962962963
2 0.19190290570259094 0.6291691064834595 0.00625 0.010185185185185186
2 0.20538480579853058 0.5565220713615417 0.00625 0.010185185185185186
2 0.21788610517978668 0.4882975220680237 0.00625 0.010185185185185186
2 0.7484546303749084 0.3634166717529297 0.00625 0.010185185185185186
2 0.7375221848487854 0.3110930919647217 0.00625 0.010185185185185186
2 0.7274296879768372 0.2627891004085541 0.00625 0.010185185185185186
2 0.24049384891986847 0.3715299963951111 0.00625 0.010185185185185186
2 0.25034135580062866 0.3203696012496948 0.00625 0.010185185185185186
2 0.2587243914604187 0.2740248441696167 0.00625 0.010185185185185186
2 0.39382418990135193 0.21450884640216827 0.0046875 0.007407407407407408
2 0.49141281843185425 0.21163247525691986 0.0046875 0.007407407407407408
2 0.5893548727035522 0.20874568819999695 0.0046875 0.007407407407407408
