0 0.6408363580703735 0.6328511238098145 0.0203125 0.03333333333333333
3 0.35621824860572815 0.663183867931366 0.020833333333333332 0.03333333333333333
3 0.38047081232070923 0.62348473072052 0.019791666666666666 0.032407407407407406
1 0.4670906960964203 0.6052826642990112 0.019270833333333334 0.032407407407407406
3 0.381014347076416 0.489265114068985 0.016145833333333335 0.026851851851851852
2 0.6098986268043518 0.8048596978187561 0.009375 0.014814814814814815
2 0.7008780837059021 0.7545998096466064 0.009375 0.014814814814814815
2 0.7812920212745667 0.7098734974861145 0.009375 0.014814814814814815
2 0.7605705261230469 0.5994328856468201 0.0046875 0.007407407407407408
2 0.6855469942092896 0.558529257774353 0.004166666666666667 0.005555555555555556
2 0.6192184090614319 0.5216702222824097 0.0046875 0.007407407407407408
2 0.3740064203739166 0.7762088179588318 0.008333333333333333 0.012962962962962963
2 0.30792129039764404 0.7103267312049866 0.008333333333333333 0.012962962962962963
2 0.25146210193634033 0.6530701518058777 0.008333333333333333 0.012962962962962963
2 0.1606387197971344 0.5610406994819641 0.00625 0.010185185185185186
2 0.12180907279253006 0.5219419598579407 0.00625 0.010185185185185186
2 0.08772633969783783 0.48763129115104675 0.00625 0.010185185185185186
2 0.14851507544517517 0.42724597454071045 0.0046875 0.007407407407407408
2 0.2195112109184265 0.41145059466362 0.0046875 0.007407407407407408
2 0.28618091344833374 0.3963964283466339 0.0046875 0.007407407407407408
2 0.41463857889175415 0.4073374569416046 0.004166666666666667 0.006481481481481481
2 0.45830392837524414 0.4316708743572235 0.004166666666666667 0.006481481481481481
2 0.5069645047187805 0.45912957191467285 0.004166666666666667 0.006481481481481481
