3 0.24449589848518372 0.5680710673332214 0.015625 0.024074074074074074
4 0.19904518127441406 0.3419707119464874 0.016145833333333335 0.025
3 0.18430957198143005 0.439300000667572 0.015104166666666667 0.024074074074074074
3 0.23534120619297028 0.4953548312187195 0.014583333333333334 0.023148148148148147
4 0.23879070580005646 0.45108094811439514 0.015104166666666667 0.024074074074074074
4 0.28629615902900696 0.42521756887435913 0.015104166666666667 0.025
0 0.3229784071445465 0.40200647711753845 0.015625 0.024074074074074074
3 0.36777159571647644 0.7112879753112793 0.015104166666666667 0.023148148148148147
3 0.4202117323875427 0.6594619154930115 0.015104166666666667 0.024074074074074074
1 0.3676781952381134 0.4927516281604767 0.015625 0.025925925925925925
4 0.3837823271751404 0.4641200006008148 0.015625 0.024074074074074074
3 0.3807440996170044 0.42616036534309387 0.015104166666666667 0.024074074074074074
3 0.6039530634880066 0.4365600049495697 0.015625 0.025
4 0.7213413119316101 0.33612316846847534 0.015625 0.024074074074074074
2 0.329559326171875 0.8089715838432312 0.00625 0.010185185185185186
2 0.2471519410610199 0.8088176846504211 0.00625 0.010185185185185186
2 0.4126816987991333 0.8082348704338074 0.00625 0.010185185185185186
2 0.1423196792602539 0.6421302556991577 0.007291666666666667 0.012037037037037037
2 0.14302094280719757 0.5118874907493591 0.007291666666666667 0.012037037037037037
2 0.14501462876796722 0.38101693987846375 0.007291666666666667 0.012037037037037037
2 0.25342005491256714 0.2147810310125351 0.005729166666666666 0.009259259259259259
2 0.3367156982421875 0.21606677770614624 0.005729166666666666 0.009259259259259259
2 0.41995716094970703 0.2164715826511383 0.005729166666666666 0.009259259259259259
2 0.5832176208496094 0.21812888979911804 0.005208333333333333 0.008333333333333333
2 0.6659948825836182 0.2202797681093216 0.005208333333333333 0.008333333333333333
2 0.7474848628044128 0.22023242712020874 0.005208333333333333 0.008333333333333333
2 0.5761998295783997 0.8076591491699219 0.005729166666666666 0.009259259259259259
2 0.6583744287490845 0.8073698878288269 0.005729166666666666 0.009259259259259259
2 0.739486813545227 0.807084321975708 0.005729166666666666 0.009259259259259259
2 0.8457958102226257 0.6427892446517944 0.007291666666666667 0.012037037037037037
2 0.8475603461265564 0.5142157077789307 0.007291666666666667 0.012037037037037037
2 0.8495693206787109 0.38589832186698914 0.007291666666666667 0.012037037037037037
