3 0.23872718214988708 0.5586837530136108 0.015625 0.024074074074074074
4 0.19127966463565826 0.3293890655040741 0.016145833333333335 0.025
3 0.17783966660499573 0.42813432216644287 0.015104166666666667 0.024074074074074074
3 0.22882099449634552 0.4846632778644562 0.014583333333333334 0.023148148148148147
4 0.23172378540039062 0.4396125376224518 0.015104166666666667 0.024074074074074074
4 0.2784994840621948 0.4128667712211609 0.015104166666666667 0.025
0 0.31469446420669556 0.38884538412094116 0.015625 0.024074074074074074
3 0.3634859025478363 0.7053946852684021 0.015104166666666667 0.023148148148148147
3 0.41554367542266846 0.652152419090271 0.015104166666666667 0.024074074074074074
1 0.36050230264663696 0.48112720251083374 0.015625 0.025925925925925925
4 0.37625470757484436 0.4517042636871338 0.015625 0.024074074074074074
3 0.3727034330368042 0.41290149092674255 0.015104166666666667 0.024074074074074074
3 0.5987140536308289 0.42142558097839355 0.015625 0.025
4 0.7175702452659607 0.31611308455467224 0.015625 0.024074074074074074
2 0.32643240690231323 0.8057275414466858 0.00625 0.010185185185185186
2 0.24417661130428314 0.8049145340919495 0.00625 0.010185185185185186
2 0.4100157916545868 0.805631697177887 0.00625 0.010185185185185186
2 0.1386907547712326 0.6342488527297974 0.007291666666666667 0.012037037037037037
2 0.13803119957447052 0.5020200610160828 0.007291666666666667 0.012037037037037037
2 0.138633593916893 0.3695535361766815 0.007291666666666667 0.012037037037037037
2 0.24344424903392792 0.19982844591140747 0.005729166666666666 0.009259259259259259
2 0.32601866126060486 0.19951768219470978 0.005729166666666666 0.009259259259259259
2 0.40915191173553467 0.19830799102783203 0.005729166666666666 0.009259259259259259
2 0.5740492343902588 0.19679494202136993 0.005208333333333333 0.008333333333333333
2 0.6586229801177979 0.19736957550048828 0.005208333333333333 0.008333333333333333
2 0.742475152015686 0.19570058584213257 0.005208333333333333 0.008333333333333333
2 0.5763128995895386 0.8063508868217468 0.005729166666666666 0.009259259259259259
2 0.6608296036720276 0.8067163825035095 0.005729166666666666 0.009259259259259259
2 0.7448835968971252 0.8070799112319946 0.005729166666666666 0.009259259259259259
2 0.8527670502662659 0.6350785493850708 0.007291666666666667 0.012037037037037037
2 0.8520815968513489 0.5002784729003906 0.007291666666666667 0.012037037037037037
2 0.8516586422920227 0.3661572337150574 0.007291666666666667 0.012037037037037037
