3 0.255410373210907 0.5564395785331726 0.015625 0.024074074074074074
4 0.20928573608398438 0.33348846435546875 0.016145833333333335 0.025
3 0.1960594207048416 0.428408682346344 0.015104166666666667 0.024074074074074074
3 0.24583162367343903 0.48478636145591736 0.014583333333333334 0.023148148148148147
4 0.24872316420078278 0.4414449632167816 0.015104166666666667 0.024074074074074074
4 0.29446670413017273 0.4173385798931122 0.015104166666666667 0.025
0 0.32987040281295776 0.3954746723175049 0.015625 0.024074074074074074
3 0.3767188489437103 0.7017791867256165 0.015104166666666667 0.023148148148148147
3 0.42752864956855774 0.6525186896324158 0.015104166666666667 0.024074074074074074
1 0.37437406182289124 0.4861246645450592 0.015625 0.025925925925925925
4 0.38981595635414124 0.4583437740802765 0.015625 0.024074074074074074
3 0.38645312190055847 0.4208035171031952 0.015104166666666667 0.024074074074074074
3 0.6067129373550415 0.43723157048225403 0.015625 0.025
4 0.7229645252227783 0.3400798439979553 0.015625 0.024074074074074074
2 0.3404342532157898 0.7966324687004089 0.00625 0.010185185185185186
2 0.26039358973503113 0.7930389046669006 0.00625 0.010185185185185186
2 0.4216940701007843 0.7993984818458557 0.00625 0.010185185185185186
2 0.1576974242925644 0.6255913376808167 0.007291666666666667 0.012037037037037037
2 0.15709730982780457 0.49824845790863037 0.007291666666666667 0.012037037037037037
2 0.15773099660873413 0.37038466334342957 0.007291666666666667 0.012037037037037037
2 0.26050281524658203 0.2099846601486206 0.005729166666666666 0.009259259259259259
2 0.34134235978126526 0.21279333531856537 0.005729166666666666 0.009259259259259259
2 0.4226575791835785 0.21474993228912354 0.005729166666666666 0.009259259259259259
2 0.5837293863296509 0.2194833755493164 0.005208333333333333 0.008333333333333333
2 0.6662217378616333 0.22321397066116333 0.005208333333333333 0.008333333333333333
2 0.7479471564292908 0.22474534809589386 0.005208333333333333 0.008333333333333333
2 0.5831422805786133 0.805763840675354 0.005729166666666666 0.009259259259259259
2 0.6650807857513428 0.8089944124221802 0.005729166666666666 0.009259259259259259
2 0.7464946508407593 0.8122043609619141 0.005729166666666666 0.009259259259259259
2 0.8521236181259155 0.6514534950256348 0.007291666666666667 0.012037037037037037
2 0.8524349331855774 0.5221765041351318 0.007291666666666667 0.012037037037037037
2 0.8529969453811646 0.3932146728038788 0.007291666666666667 0.012037037037037037
