3 0.3502621352672577 0.6257386207580566 0.023958333333333335 0.03796296296296296
3 0.34513652324676514 0.5671533942222595 0.0234375 0.03796296296296296
3 0.34712257981300354 0.5144474506378174 0.022395833333333334 0.03611111111111111
3 0.6847078800201416 0.6456673741340637 0.024479166666666666 0.03888888888888889
3 0.5711789727210999 0.5929167866706848 0.0234375 0.03888888888888889
3 0.6540507674217224 0.5213742256164551 0.022395833333333334 0.03611111111111111
1 0.6353941559791565 0.4070841670036316 0.026041666666666668 0.03611111111111111
3 0.4486938416957855 0.2983083128929138 0.018229166666666668 0.03148148148148148
0 0.5594379305839539 0.4019699692726135 0.020833333333333332 0.032407407407407406
2 0.6349582076072693 0.752963662147522 0.009375 0.014814814814814815
2 0.4921821653842926 0.7522549033164978 0.009375 0.014814814814814815
2 0.35193106532096863 0.7507214546203613 0.009375 0.014814814814814815
2 0.193606436252594 0.6446211338043213 0.008854166666666666 0.013888888888888888
2 0.20848363637924194 0.5712699890136719 0.008854166666666666 0.013888888888888888
2 0.22239233553409576 0.5054802894592285 0.008854166666666666 0.013888888888888888
2 0.24723142385482788 0.39073389768600464 0.005729166666666666 0.009259259259259259
2 0.2584480941295624 0.3408266007900238 0.005729166666666666 0.009259259259259259
2 0.26809006929397583 0.2939942479133606 0.005729166666666666 0.009259259259259259
2 0.794376790523529 0.6505575180053711 0.00625 0.010185185185185186
2 0.780386209487915 0.5779966711997986 0.00625 0.010185185185185186
2 0.7681499719619751 0.511752724647522 0.00625 0.010185185185185186
2 0.7459104061126709 0.3974694013595581 0.005729166666666666 0.009259259259259259
2 0.7363997101783752 0.34720268845558167 0.005729166666666666 0.009259259259259259
2 0.726892352104187 0.30003923177719116 0.005729166666666666 0.009259259259259259
2 0.5942580103874207 0.24291834235191345 0.005208333333333333 0.008333333333333333
2 0.49791231751441956 0.24129681289196014 0.005208333333333333 0.008333333333333333
2 0.4022870361804962 0.24137338995933533 0.005208333333333333 0.008333333333333333
