1 0.8130329251289368 0.7237594723701477 0.016145833333333335 0.025
3 0.7365835905075073 0.705488383769989 0.014583333333333334 0.023148148148148147
3 0.5910338163375854 0.6882525682449341 0.015104166666666667 0.024074074074074074
4 0.612312912940979 0.6245402097702026 0.015104166666666667 0.025
3 0.6800439953804016 0.5913410186767578 0.015104166666666667 0.023148148148148147
4 0.7490150332450867 0.3588791787624359 0.016145833333333335 0.024074074074074074
3 0.7235773205757141 0.3599480390548706 0.015104166666666667 0.024074074074074074
3 0.6543139815330505 0.34649527072906494 0.015104166666666667 0.024074074074074074
3 0.5891695618629456 0.341804176568985 0.014583333333333334 0.024074074074074074
4 0.5017196536064148 0.24684837460517883 0.015104166666666667 0.025925925925925925
4 0.53049236536026 0.4498767852783203 0.014583333333333334 0.025
0 0.42436856031417847 0.5883411169052124 0.015625 0.024074074074074074
4 0.23991872370243073 0.6116505861282349 0.015625 0.024074074074074074
3 0.2523486018180847 0.4470040202140808 0.016145833333333335 0.025
2 0.751292884349823 0.8172085285186768 0.0078125 0.012037037037037037
2 0.6683693528175354 0.8162581920623779 0.0078125 0.012037037037037037
2 0.586879551410675 0.8171358704566956 0.0078125 0.012037037037037037
2 0.858595073223114 0.646087110042572 0.008333333333333333 0.013888888888888888
2 0.8604386448860168 0.5093149542808533 0.008333333333333333 0.013888888888888888
2 0.8620218634605408 0.3735041618347168 0.008333333333333333 0.013888888888888888
2 0.7566881775856018 0.20096929371356964 0.005729166666666666 0.009259259259259259
2 0.6739426255226135 0.2002263218164444 0.005729166666666666 0.009259259259259259
2 0.5903581976890564 0.20041851699352264 0.005729166666666666 0.009259259259259259
2 0.4241928160190582 0.8170639872550964 0.005208333333333333 0.008333333333333333
2 0.3419901430606842 0.8165727853775024 0.005208333333333333 0.008333333333333333
2 0.2609676122665405 0.8160830736160278 0.005208333333333333 0.008333333333333333
2 0.15643611550331116 0.6441969871520996 0.008333333333333333 0.012962962962962963
2 0.15667597949504852 0.5119043588638306 0.008333333333333333 0.012962962962962963
2 0.15491384267807007 0.3783075213432312 0.008333333333333333 0.012962962962962963
2 0.42526257038116455 0.20125143229961395 0.004166666666666667 0.006481481481481481
2 0.34298697113990784 0.20235835015773773 0.005208333333333333 0.008333333333333333
2 0.26038968563079834 0.20484884083271027 0.005208333333333333 0.008333333333333333
