1 0.7931751012802124 0.70237135887146 0.016145833333333335 0.025
3 0.7164099216461182 0.6835869550704956 0.014583333333333334 0.023148148148148147
3 0.5713710784912109 0.6647130846977234 0.015104166666666667 0.024074074074074074
4 0.5918431878089905 0.6044908165931702 0.015104166666666667 0.025
3 0.658988893032074 0.5737978219985962 0.015104166666666667 0.023148148148148147
4 0.7262937426567078 0.3512193262577057 0.016145833333333335 0.024074074074074074
3 0.7006996273994446 0.3520885407924652 0.015104166666666667 0.024074074074074074
3 0.631086528301239 0.3386923372745514 0.015104166666666667 0.024074074074074074
3 0.5659576654434204 0.3337973356246948 0.014583333333333334 0.024074074074074074
4 0.47789421677589417 0.24212470650672913 0.015104166666666667 0.025925925925925925
4 0.5088072419166565 0.436932235956192 0.014583333333333334 0.025
0 0.40583229064941406 0.5674687027931213 0.015625 0.024074074074074074
4 0.22624121606349945 0.5869459509849548 0.015625 0.024074074074074074
3 0.23562222719192505 0.43168434500694275 0.016145833333333335 0.025
2 0.7319396138191223 0.7901404500007629 0.0078125 0.012037037037037037
2 0.6493148803710938 0.7875097990036011 0.0078125 0.012037037037037037
2 0.5685760974884033 0.7866495251655579 0.0078125 0.012037037037037037
2 0.8386180400848389 0.6288207173347473 0.008333333333333333 0.013888888888888888
2 0.8397558331489563 0.49734926223754883 0.008333333333333333 0.013888888888888888
2 0.8406404852867126 0.3661167025566101 0.008333333333333333 0.013888888888888888
2 0.7328731417655945 0.19827577471733093 0.005729166666666666 0.009259259259259259
2 0.6494596004486084 0.197452574968338 0.005729166666666666 0.009259259259259259
2 0.5656770467758179 0.19753660261631012 0.005729166666666666 0.009259259259259259
2 0.40866807103157043 0.7832323908805847 0.005208333333333333 0.008333333333333333
2 0.32851219177246094 0.7810935378074646 0.005208333333333333 0.008333333333333333
2 0.24992769956588745 0.7789914011955261 0.005208333333333333 0.008333333333333333
2 0.14611290395259857 0.6163012981414795 0.008333333333333333 0.012962962962962963
2 0.14398275315761566 0.49202394485473633 0.008333333333333333 0.012962962962962963
2 0.1398807168006897 0.3658946454524994 0.008333333333333333 0.012962962962962963
2 0.40156790614128113 0.19813686609268188 0.004166666666666667 0.006481481481481481
2 0.3204677700996399 0.19909656047821045 0.005208333333333333 0.008333333333333333
2 0.23952075839042664 0.20137280225753784 0.005208333333333333 0.008333333333333333
