1 0.1976497620344162 0.7132759094238281 0.016145833333333335 0.025
3 0.2751642167568207 0.6944367289543152 0.014583333333333334 0.023148148148148147
3 0.4221267104148865 0.6754700541496277 0.015104166666666667 0.024074074074074074
4 0.40037524700164795 0.615129828453064 0.015104166666666667 0.025
3 0.3319700360298157 0.5846010446548462 0.015104166666666667 0.023148148148148147
4 0.2617858350276947 0.36512449383735657 0.016145833333333335 0.024074074074074074
3 0.2873907685279846 0.3658374845981598 0.015104166666666667 0.024074074074074074
3 0.35693633556365967 0.35234513878822327 0.015104166666666667 0.024074074074074074
3 0.4222061038017273 0.3471851944923401 0.014583333333333334 0.024074074074074074
4 0.5089824199676514 0.25708404183387756 0.015104166666666667 0.025925925925925925
4 0.48156222701072693 0.44837042689323425 0.014583333333333334 0.025
0 0.5887371897697449 0.577822744846344 0.015625 0.024074074074074074
4 0.7728599905967712 0.5970327854156494 0.015625 0.024074074074074074
3 0.7586463093757629 0.4420570731163025 0.016145833333333335 0.025
2 0.2605123519897461 0.8018073439598083 0.0078125 0.012037037037037037
2 0.34459272027015686 0.7992974519729614 0.0078125 0.012037037037037037
2 0.4269920885562897 0.7985734939575195 0.0078125 0.012037037037037037
2 0.15130971372127533 0.6396839618682861 0.008333333333333333 0.013888888888888888
2 0.14940910041332245 0.5092119574546814 0.008333333333333333 0.013888888888888888
2 0.14778131246566772 0.3802914321422577 0.008333333333333333 0.013888888888888888
2 0.2537268400192261 0.21644343435764313 0.005729166666666666 0.009259259259259259
2 0.33670610189437866 0.21499598026275635 0.005729166666666666 0.009259259259259259
2 0.42029157280921936 0.21442104876041412 0.005729166666666666 0.009259259259259259
2 0.5907972455024719 0.7953916192054749 0.005208333333333333 0.008333333333333333
2 0.6732125878334045 0.7933567762374878 0.005208333333333333 0.008333333333333333
2 0.7542161345481873 0.7913515567779541 0.005208333333333333 0.008333333333333333
2 0.8561516404151917 0.6264669299125671 0.008333333333333333 0.012962962962962963
2 0.8541952967643738 0.5017794966697693 0.008333333333333333 0.012962962962962963
2 0.8542076349258423 0.37644296884536743 0.008333333333333333 0.012962962962962963
2 0.5846971273422241 0.2137136608362198 0.004166666666666667 0.006481481481481481
2 0.6662933826446533 0.21400794386863708 0.005208333333333333 0.008333333333333333
2 0.7479982376098633 0.21558739244937897 0.005208333333333333 0.008333333333333333
