1 0.8075752258300781 0.717729926109314 0.016145833333333335 0.025
3 0.7302230000495911 0.6987884044647217 0.014583333333333334 0.023148148148148147
3 0.5827158093452454 0.680144190788269 0.015104166666666667 0.024074074074074074
4 0.6040517091751099 0.6169014573097229 0.015104166666666667 0.025
3 0.6724917888641357 0.5846298336982727 0.015104166666666667 0.023148148148148147
4 0.7410156726837158 0.35498952865600586 0.016145833333333335 0.024074074074074074
3 0.7153757214546204 0.35569334030151367 0.015104166666666667 0.024074074074074074
3 0.6454142332077026 0.341410756111145 0.015104166666666667 0.024074074074074074
3 0.5795567035675049 0.33584627509117126 0.014583333333333334 0.024074074074074074
4 0.49075251817703247 0.24053406715393066 0.015104166666666667 0.025925925925925925
4 0.5205074548721313 0.4422488510608673 0.014583333333333334 0.025
0 0.413089394569397 0.5787376761436462 0.015625 0.024074074074074074
4 0.225023090839386 0.5999194979667664 0.015625 0.024074074074074074
3 0.2376379519701004 0.43577340245246887 0.016145833333333335 0.025
2 0.7456740736961365 0.8102521896362305 0.0078125 0.012037037037037037
2 0.6616706848144531 0.8085776567459106 0.0078125 0.012037037037037037
2 0.5789718627929688 0.8087392449378967 0.0078125 0.012037037037037037
2 0.8530789613723755 0.6409860849380493 0.008333333333333333 0.013888888888888888
2 0.8540957570075989 0.5053520202636719 0.008333333333333333 0.013888888888888888
2 0.8548542261123657 0.3710078299045563 0.008333333333333333 0.013888888888888888
2 0.7479312419891357 0.19914282858371735 0.005729166666666666 0.009259259259259259
2 0.6645869016647339 0.19711275398731232 0.005729166666666666 0.009259259259259259
2 0.580242395401001 0.19598962366580963 0.005729166666666666 0.009259259259259259
2 0.41339996457099915 0.8072366118431091 0.005208333333333333 0.008333333333333333
2 0.3295031189918518 0.8060194253921509 0.005208333333333333 0.008333333333333333
2 0.2466558963060379 0.8048118948936462 0.005208333333333333 0.008333333333333333
2 0.13960637152194977 0.6315532326698303 0.008333333333333333 0.012962962962962963
2 0.13990084826946259 0.49929121136665344 0.008333333333333333 0.012962962962962963
2 0.1381494104862213 0.3660241365432739 0.008333333333333333 0.012962962962962963
2 0.4131716787815094 0.1942136436700821 0.004166666666666667 0.006481481481481481
2 0.3296760618686676 0.19401155412197113 0.005208333333333333 0.008333333333333333
2 0.24569480121135712 0.19517618417739868 0.005208333333333333 0.008333333333333333
