4 0.23461201786994934 0.8832836747169495 0.021875 0.041666666666666664
1 0.28584498167037964 0.8285146355628967 0.019791666666666666 0.03518518518518519
4 0.3863876461982727 0.7450268268585205 0.016666666666666666 0.03148148148148148
4 0.49788713455200195 0.6713165640830994 0.0140625 0.025925925925925925
4 0.5438554286956787 0.6430714130401611 0.0140625 0.025
4 0.5555498003959656 0.839801013469696 0.0203125 0.03796296296296296
4 0.6340720057487488 0.8388379812240601 0.020833333333333332 0.037037037037037035
4 0.7103756070137024 0.6622676253318787 0.014583333333333334 0.025925925925925925
2 0.6079244017601013 0.9846829175949097 0.011458333333333333 0.012037037037037037
2 0.6669582724571228 0.9150824546813965 0.011458333333333333 0.012962962962962963
2 0.7167438268661499 0.8580926656723022 0.011458333333333333 0.012962962962962963
2 0.7936672568321228 0.768032968044281 0.011458333333333333 0.012962962962962963
2 0.8246619701385498 0.7318058013916016 0.011458333333333333 0.012962962962962963
2 0.851791262626648 0.7009977698326111 0.011458333333333333 0.012962962962962963
2 0.7801684737205505 0.6491917371749878 0.011458333333333333 0.012962962962962963
2 0.7075092196464539 0.6365935206413269 0.011458333333333333 0.012962962962962963
2 0.6387200951576233 0.6248700022697449 0.011458333333333333 0.012962962962962963
2 0.5104913711547852 0.636978030204773 0.011458333333333333 0.012962962962962963
2 0.46839383244514465 0.6602418422698975 0.011458333333333333 0.012962962962962963
2 0.4211397171020508 0.6853368282318115 0.011458333333333333 0.012962962962962963
2 0.3088621199131012 0.7459834814071655 0.011458333333333333 0.012962962962962963
2 0.24023622274398804 0.7829035520553589 0.011458333333333333 0.012962962962962963
2 0.16106802225112915 0.8270799517631531 0.011458333333333333 0.012962962962962963
2 0.1452009230852127 0.9400718212127686 0.011458333333333333 0.012962962962962963
2 0.24085864424705505 0.9807928204536438 0.011458333333333333 0.012962962962962963
