2 0.4974421262741089 0.7042670845985413 0.004261904761904762 0.0045047619047619055
2 0.44882506132125854 0.666936457157135 0.003860119047619048 0.004119047619047619
2 0.40572527050971985 0.6336610317230225 0.0037797619047619047 0.003990476190476191
2 0.3315979838371277 0.5761825442314148 0.00394047619047619 0.003604761904761905
2 0.2996117174625397 0.5515336990356445 0.0033779761904761904 0.0032190476190476188
2 0.2704998254776001 0.5291090607643127 0.0032976190476190475 0.003476190476190476
2 0.30388975143432617 0.48081350326538086 0.002976190476190476 0.0027047619047619047
2 0.3527525067329407 0.46446701884269714 0.003056547619047619 0.0030904761904761904
2 0.3994887173175812 0.4492129683494568 0.002574404761904762 0.0025761904761904763
2 0.4952825903892517 0.4499618113040924 0.0026547619047619046 0.0028333333333333335
2 0.5291801691055298 0.46632149815559387 0.002976190476190476 0.0032190476190476188
2 0.5661053657531738 0.4841347932815552 0.0031369047619047618 0.0032190476190476188
2 0.6497285962104797 0.5243082642555237 0.003217261904761905 0.002961904761904762
2 0.6970639228820801 0.546981692314148 0.0032976190476190475 0.0033476190476190476
2 0.7493031024932861 0.5718696117401123 0.00394047619047619 0.003604761904761905
2 0.7622421979904175 0.6444329619407654 0.004261904761904762 0.004119047619047619
2 0.7091221213340759 0.6760255694389343 0.004020833333333333 0.004119047619047619
2 0.650928258895874 0.7103193998336792 0.003860119047619048 0.004119047619047619
3 0.5135277509689331 0.671052098274231 0.01375595238095238 0.023423809523809524
3 0.7590475678443909 0.6214231848716736 0.01375595238095238 0.02084761904761905
3 0.543311595916748 0.517626166343689 0.011101190476190475 0.018404761904761903
3 0.5055413246154785 0.5268898010253906 0.011020833333333334 0.018404761904761903
3 0.4301188290119171 0.5094418525695801 0.010375 0.01711904761904762
3 0.29974785447120667 0.5217715501785278 0.010860119047619049 0.017633333333333334
0 0.6214939951896667 0.6288508772850037 0.013675595238095238 0.02290952380952381
1 0.4726099669933319 0.503086507320404 0.010779761904761905 0.018147619047619048
4 0.495699405670166 0.4701020419597626 0.010458333333333333 0.0166
4 0.4112192392349243 0.488263875246048 0.010458333333333333 0.01711904761904762
4 0.3096126317977905 0.5303258895874023 0.011583333333333334 0.01879047619047619
4 0.4669400155544281 0.629014790058136 0.013270833333333334 0.022266666666666667
4 0.5712454915046692 0.5483719110488892 0.012145833333333335 0.019819047619047618
