2 0.5015814900398254 0.703048050403595 0.004261904761904762 0.0045047619047619055
2 0.5495637655258179 0.6664841175079346 0.003860119047619048 0.004119047619047619
2 0.5921437740325928 0.633856475353241 0.0037797619047619047 0.003990476190476191
2 0.6654734015464783 0.5774194002151489 0.00394047619047619 0.003604761904761905
2 0.6971554160118103 0.5531886219978333 0.0033779761904761904 0.0032190476190476188
2 0.7260105609893799 0.531129002571106 0.0032976190476190475 0.003476190476190476
2 0.6922762989997864 0.4831141531467438 0.002976190476190476 0.0027047619047619047
2 0.6433892846107483 0.46668800711631775 0.003056547619047619 0.0030904761904761904
2 0.5966557860374451 0.451361745595932 0.002574404761904762 0.0025761904761904763
2 0.5012490153312683 0.45167115330696106 0.0026547619047619046 0.0028333333333333335
2 0.4676792621612549 0.4677090644836426 0.002976190476190476 0.0032190476190476188
2 0.43113642930984497 0.48515987396240234 0.0031369047619047618 0.0032190476190476188
2 0.3484746217727661 0.5244680047035217 0.003217261904761905 0.002961904761904762
2 0.3017424941062927 0.5466240048408508 0.0032976190476190475 0.0033476190476190476
2 0.2502175569534302 0.5709189772605896 0.00394047619047619 0.003604761904761905
2 0.23821164667606354 0.6424235105514526 0.004261904761904762 0.004119047619047619
2 0.2911965548992157 0.6738870143890381 0.004020833333333333 0.004119047619047619
2 0.3492615520954132 0.708057165145874 0.003860119047619048 0.004119047619047619
3 0.4852692484855652 0.6701596975326538 0.01375595238095238 0.023423809523809524
3 0.24111734330654144 0.6197522282600403 0.01375595238095238 0.02084761904761905
3 0.4541373550891876 0.518393874168396 0.011101190476190475 0.018404761904761903
3 0.491793692111969 0.527744472026825 0.011020833333333334 0.018404761904761903
3 0.5666984915733337 0.5108569264411926 0.010375 0.01711904761904762
3 0.6967628002166748 0.5237131714820862 0.010860119047619049 0.017633333333333334
0 0.37760627269744873 0.6278642416000366 0.013675595238095238 0.02290952380952381
1 0.5243316888809204 0.5043591260910034 0.010779761904761905 0.018147619047619048
4 0.5010307431221008 0.4716058075428009 0.010458333333333333 0.0166
4 0.5853272080421448 0.4899834990501404 0.010458333333333333 0.01711904761904762
4 0.6869960427284241 0.5321358442306519 0.011583333333333334 0.01879047619047619
4 0.5311827659606934 0.628912091255188 0.013270833333333334 0.022266666666666667
4 0.42668089270591736 0.5486481189727783 0.012145833333333335 0.019819047619047618
