2 0.5034394264221191 0.7074084877967834 0.004261904761904762 0.0045047619047619055
2 0.551793098449707 0.6698644161224365 0.003860119047619048 0.004119047619047619
2 0.5946303606033325 0.6364222168922424 0.0037797619047619047 0.003990476190476191
2 0.6682424545288086 0.5787065029144287 0.00394047619047619 0.003604761904761905
2 0.6999819874763489 0.5539745688438416 0.0033779761904761904 0.0032190476190476188
2 0.7288562655448914 0.5314842462539673 0.0032976190476190475 0.003476190476190476
2 0.6956671476364136 0.48329105973243713 0.002976190476190476 0.0027047619047619047
2 0.6470941305160522 0.4670429825782776 0.003056547619047619 0.0030904761904761904
2 0.600581705570221 0.45186561346054077 0.002574404761904762 0.0025761904761904763
2 0.5051394701004028 0.4527950584888458 0.0026547619047619046 0.0028333333333333335
2 0.47135066986083984 0.4692603051662445 0.002976190476190476 0.0032190476190476188
2 0.43452152609825134 0.4871995151042938 0.0031369047619047618 0.0032190476190476188
2 0.3510288894176483 0.5276997089385986 0.003217261904761905 0.002961904761904762
2 0.30371391773223877 0.5505837202072144 0.0032976190476190475 0.0033476190476190476
2 0.2514519691467285 0.5757251977920532 0.00394047619047619 0.003604761904761905
2 0.23869462311267853 0.6486026644706726 0.004261904761904762 0.004119047619047619
2 0.2919875383377075 0.6800708174705505 0.004020833333333333 0.004119047619047619
2 0.3502839505672455 0.7141768932342529 0.003860119047619048 0.004119047619047619
3 0.4873488247394562 0.6742536425590515 0.01375595238095238 0.023423809523809524
3 0.2418290674686432 0.625499427318573 0.01375595238095238 0.02084761904761905
3 0.45734700560569763 0.5207181572914124 0.011101190476190475 0.018404761904761903
3 0.4950467646121979 0.5298998355865479 0.011020833333333334 0.018404761904761903
3 0.5701749324798584 0.512231171131134 0.010375 0.01711904761904762
3 0.6998189091682434 0.5242295265197754 0.010860119047619049 0.017633333333333334
0 0.3795069456100464 0.6324306726455688 0.013675595238095238 0.02290952380952381
1 0.5278359651565552 0.5059727430343628 0.010779761904761905 0.018147619047619048
4 0.5047595500946045 0.4729801416397095 0.010458333333333333 0.0166
4 0.5889598727226257 0.4909856915473938 0.010458333333333333 0.01711904761904762
4 0.6900315284729004 0.5328066945075989 0.011583333333333334 0.01879047619047619
4 0.5336946845054626 0.6320087909698486 0.013270833333333334 0.022266666666666667
4 0.4295228123664856 0.5516093969345093 0.012145833333333335 0.019819047619047618
