2 0.4921764135360718 0.6990578174591064 0.004261904761904762 0.0045047619047619055
2 0.44451844692230225 0.6626843214035034 0.003860119047619048 0.004119047619047619
2 0.4023176431655884 0.6302972435951233 0.0037797619047619047 0.003990476190476191
2 0.32984283566474915 0.5744323134422302 0.00394047619047619 0.003604761904761905
2 0.2986101508140564 0.5505084991455078 0.0033779761904761904 0.0032190476190476188
2 0.27020564675331116 0.5287600159645081 0.0032976190476190475 0.003476190476190476
2 0.30304691195487976 0.481071799993515 0.002976190476190476 0.0027047619047619047
2 0.35097530484199524 0.4645572602748871 0.003056547619047619 0.0030904761904761904
2 0.3968796133995056 0.44911423325538635 0.002574404761904762 0.0025761904761904763
2 0.49103763699531555 0.44890591502189636 0.0026547619047619046 0.0028333333333333335
2 0.5243526697158813 0.4646790325641632 0.002976190476190476 0.0032190476190476188
2 0.560676634311676 0.48186931014060974 0.0031369047619047618 0.0032190476190476188
2 0.6430677175521851 0.5206950902938843 0.003217261904761905 0.002961904761904762
2 0.6897851824760437 0.5426439046859741 0.0032976190476190475 0.0033476190476190476
2 0.7414097189903259 0.5667652487754822 0.00394047619047619 0.003604761904761905
2 0.7539170980453491 0.6382970809936523 0.004261904761904762 0.004119047619047619
2 0.7011683583259583 0.6698444485664368 0.004020833333333333 0.004119047619047619
2 0.6434786915779114 0.7040359377861023 0.003860119047619048 0.004119047619047619
3 0.5081355571746826 0.6662852764129639 0.01375595238095238 0.023423809523809524
3 0.7508512139320374 0.6156067848205566 0.01375595238095238 0.02084761904761905
3 0.5380734801292419 0.5150613784790039 0.011101190476190475 0.018404761904761903
3 0.5008364915847778 0.524515688419342 0.011020833333333334 0.018404761904761903
3 0.4267341196537018 0.5080283880233765 0.010375 0.01711904761904762
3 0.29884809255599976 0.5213044285774231 0.010860119047619049 0.017633333333333334
0 0.6147435307502747 0.6239672303199768 0.013675595238095238 0.02290952380952381
1 0.468525230884552 0.5013923048973083 0.010779761904761905 0.018147619047619048
4 0.4913698136806488 0.46872273087501526 0.010458333333333333 0.0166
4 0.4082513749599457 0.4873843491077423 0.010458333333333333 0.01711904761904762
4 0.3084750175476074 0.5296121835708618 0.011583333333333334 0.01879047619047619
4 0.4624674618244171 0.6252790093421936 0.013270833333333334 0.022266666666666667
4 0.5654876828193665 0.5450929403305054 0.012145833333333335 0.019819047619047618
