2 0.41429033875465393 0.7918708920478821 0.004508928571428572 0.007071428571428571
2 0.33040305972099304 0.7917770743370056 0.004419642857142857 0.006347619047619047
2 0.24709269404411316 0.791969895362854 0.004148809523809523 0.006495238095238096
2 0.13950195908546448 0.6202161312103271 0.003967261904761905 0.006780952380952381
2 0.13863728940486908 0.4851897060871124 0.0038779761904761904 0.006495238095238096
2 0.13777296245098114 0.3506257236003876 0.0037886904761904763 0.006061904761904762
2 0.24378237128257751 0.1773577630519867 0.004148809523809523 0.006495238095238096
2 0.327407568693161 0.17667584121227264 0.003967261904761905 0.006347619047619047
2 0.41098952293395996 0.17605848610401154 0.003967261904761905 0.006347619047619047
2 0.5781614184379578 0.17511247098445892 0.0038779761904761904 0.006347619047619047
2 0.662013590335846 0.17492128908634186 0.0037886904761904763 0.006638095238095238
2 0.7459551095962524 0.17444664239883423 0.0034285714285714284 0.006061904761904762
2 0.8549143671989441 0.3473702073097229 0.0037886904761904763 0.006347619047619047
2 0.8558247089385986 0.4827221930027008 0.00405952380952381 0.006495238095238096
2 0.8565986752510071 0.6182538866996765 0.0036964285714285714 0.006204761904761905
2 0.7497594356536865 0.7911078333854675 0.004148809523809523 0.006495238095238096
2 0.6658673286437988 0.791297972202301 0.004238095238095238 0.006638095238095238
2 0.5815815329551697 0.7916984558105469 0.003967261904761905 0.006347619047619047
3 0.7078760862350464 0.7045855522155762 0.01488095238095238 0.024761904761904763
4 0.6100914478302002 0.6899742484092712 0.01488095238095238 0.02666666666666667
0 0.7247889637947083 0.4809668958187103 0.014485119047619049 0.023809523809523808
3 0.8163430094718933 0.28341761231422424 0.015276785714285713 0.02317619047619048
4 0.5488938689231873 0.35456085205078125 0.014681547619047618 0.02508095238095238
3 0.459494024515152 0.3103502690792084 0.015476190476190477 0.026033333333333335
3 0.44559046626091003 0.39506128430366516 0.01488095238095238 0.024761904761904763
3 0.33423587679862976 0.4700384736061096 0.015080357142857144 0.023809523809523808
3 0.24411451816558838 0.7175524234771729 0.015276785714285713 0.025395238095238096
4 0.27598336338996887 0.7210104465484619 0.015476190476190477 0.02508095238095238
4 0.25870481133461 0.4413873553276062 0.01607142857142857 0.02444285714285714
4 0.2947631776332855 0.23849378526210785 0.015872023809523808 0.026347619047619047
1 0.3583447337150574 0.3815091848373413 0.015476190476190477 0.02508095238095238
