4 0.728223979473114 0.6874725222587585 0.021875 0.03425925925925926
3 0.7026135921478271 0.6720600128173828 0.020833333333333332 0.03333333333333333
3 0.6455928087234497 0.6302364468574524 0.019270833333333334 0.03148148148148148
3 0.5939828753471375 0.5976545810699463 0.017708333333333333 0.02962962962962963
3 0.48417821526527405 0.7813502550125122 0.0234375 0.03981481481481482
3 0.5158317685127258 0.7042405009269714 0.021354166666666667 0.03518518518518519
4 0.40675756335258484 0.7269147038459778 0.022395833333333334 0.037037037037037035
3 0.3779642879962921 0.6736799478530884 0.020833333333333332 0.03425925925925926
1 0.44212231040000916 0.6672430038452148 0.0203125 0.03333333333333333
0 0.33857008814811707 0.5671423673629761 0.0171875 0.028703703703703703
4 0.48935091495513916 0.5895023345947266 0.017708333333333333 0.02962962962962963
3 0.3291678726673126 0.4824835956096649 0.014583333333333334 0.024074074074074074
2 0.6617105007171631 0.8538144826889038 0.0078125 0.012962962962962963
2 0.7595840692520142 0.8040167093276978 0.0078125 0.012962962962962963
2 0.8464813232421875 0.7590393424034119 0.0078125 0.012962962962962963
2 0.8214524984359741 0.6448411345481873 0.0067708333333333336 0.011111111111111112
2 0.7406736016273499 0.6017879843711853 0.0067708333333333336 0.011111111111111112
2 0.6694987416267395 0.5648564100265503 0.0067708333333333336 0.011111111111111112
2 0.40489497780799866 0.8240067362785339 0.009895833333333333 0.016666666666666666
2 0.3361132740974426 0.7528192400932312 0.009895833333333333 0.016666666666666666
2 0.2778276205062866 0.6941906809806824 0.005208333333333333 0.008333333333333333
2 0.18475085496902466 0.6020305752754211 0.0067708333333333336 0.011111111111111112
2 0.1458703577518463 0.5633937120437622 0.0067708333333333336 0.011111111111111112
2 0.11207886040210724 0.5289415121078491 0.0067708333333333336 0.011111111111111112
2 0.1767842322587967 0.4711788594722748 0.005208333333333333 0.008333333333333333
2 0.25141647458076477 0.45524656772613525 0.005208333333333333 0.008333333333333333
2 0.3200061023235321 0.44104376435279846 0.005208333333333333 0.008333333333333333
2 0.5504437685012817 0.5028178095817566 0.004166666666666667 0.007407407407407408
2 0.49970147013664246 0.47582706809043884 0.004166666666666667 0.007407407407407408
2 0.45384684205055237 0.45255914330482483 0.004166666666666667 0.007407407407407408
