4 0.7204377055168152 0.6710079908370972 0.021875 0.03425925925925926
3 0.694927453994751 0.6567984223365784 0.020833333333333332 0.03333333333333333
3 0.638393223285675 0.61793053150177 0.019270833333333334 0.03148148148148148
3 0.5873842835426331 0.5880392789840698 0.017708333333333333 0.02962962962962963
3 0.47599974274635315 0.7709680795669556 0.0234375 0.03981481481481482
3 0.5084372162818909 0.6946609616279602 0.021354166666666667 0.03518518518518519
4 0.40026578307151794 0.7203881740570068 0.022395833333333334 0.037037037037037035
3 0.372737854719162 0.6696171760559082 0.020833333333333332 0.03425925925925926
1 0.4360438287258148 0.6611552238464355 0.0203125 0.03333333333333333
0 0.3357776999473572 0.5678563714027405 0.0171875 0.028703703703703703
4 0.4837910532951355 0.5839540362358093 0.017708333333333333 0.02962962962962963
3 0.3279624581336975 0.4865586459636688 0.014583333333333334 0.024074074074074074
2 0.6520189642906189 0.8365544080734253 0.0078125 0.012962962962962963
2 0.7508338093757629 0.7845053672790527 0.0078125 0.012962962962962963
2 0.8388807773590088 0.7373776435852051 0.0078125 0.012962962962962963
2 0.8145367503166199 0.6259063482284546 0.0067708333333333336 0.011111111111111112
2 0.7337512969970703 0.5866742730140686 0.0067708333333333336 0.011111111111111112
2 0.6629593968391418 0.5532779693603516 0.0067708333333333336 0.011111111111111112
2 0.39693987369537354 0.8150912523269653 0.009895833333333333 0.016666666666666666
2 0.3303227126598358 0.7478843331336975 0.009895833333333333 0.016666666666666666
2 0.2741664946079254 0.6929033994674683 0.005208333333333333 0.008333333333333333
2 0.18506783246994019 0.6071066856384277 0.0067708333333333336 0.011111111111111112
2 0.14806905388832092 0.5713427662849426 0.0067708333333333336 0.011111111111111112
2 0.11603377014398575 0.5395230650901794 0.0067708333333333336 0.011111111111111112
2 0.17980405688285828 0.48165860772132874 0.005208333333333333 0.008333333333333333
2 0.2525852918624878 0.4634329676628113 0.005208333333333333 0.008333333333333333
2 0.31969353556632996 0.4470486640930176 0.005208333333333333 0.008333333333333333
2 0.545371413230896 0.4975492060184479 0.004166666666666667 0.007407407407407408
2 0.4955724775791168 0.47341302037239075 0.004166666666666667 0.007407407407407408
2 0.4507134258747101 0.45276281237602234 0.004166666666666667 0.007407407407407408
