4 0.418325811624527 0.7260145545005798 0.021354166666666667 0.03518518518518519
4 0.34693443775177 0.6825322508811951 0.020833333333333332 0.03333333333333333
3 0.32156074047088623 0.6761054992675781 0.019791666666666666 0.032407407407407406
3 0.2515357434749603 0.5980629920959473 0.017708333333333333 0.02962962962962963
0 0.3586203157901764 0.6136658787727356 0.017708333333333333 0.02962962962962963
3 0.3271041810512543 0.5783039927482605 0.0171875 0.02962962962962963
4 0.378336638212204 0.49629950523376465 0.015104166666666667 0.024074074074074074
4 0.45950502157211304 0.4837785065174103 0.015625 0.025
3 0.48848074674606323 0.4508124887943268 0.013541666666666667 0.023148148148148147
3 0.5491560697555542 0.47748011350631714 0.014583333333333334 0.024074074074074074
3 0.5708728432655334 0.48929449915885925 0.015104166666666667 0.025
4 0.5998880863189697 0.4658331573009491 0.0140625 0.025
1 0.5599885582923889 0.381450355052948 0.013020833333333334 0.020370370370370372
4 0.7522380352020264 0.46854621171951294 0.015104166666666667 0.025
2 0.34944185614585876 0.7443295121192932 0.00625 0.010185185185185186
2 0.2657703459262848 0.7016661763191223 0.00625 0.010185185185185186
2 0.19168701767921448 0.6635372638702393 0.00625 0.010185185185185186
2 0.2099202424287796 0.5611371397972107 0.005208333333333333 0.008333333333333333
2 0.27966371178627014 0.5205091834068298 0.005208333333333333 0.008333333333333333
2 0.34175288677215576 0.48527103662490845 0.005208333333333333 0.008333333333333333
2 0.4452269971370697 0.42529088258743286 0.004166666666666667 0.006481481481481481
2 0.4902034103870392 0.39958393573760986 0.004166666666666667 0.006481481481481481
2 0.530851423740387 0.3770120143890381 0.004166666666666667 0.006481481481481481
2 0.5634816288948059 0.7124546766281128 0.005208333333333333 0.008333333333333333
2 0.6240402460098267 0.6510058641433716 0.005208333333333333 0.007407407407407408
2 0.6748940348625183 0.5995223522186279 0.005208333333333333 0.008333333333333333
2 0.7586702704429626 0.5143454074859619 0.005729166666666666 0.009259259259259259
2 0.7935736775398254 0.47807085514068604 0.005729166666666666 0.009259259259259259
2 0.824731707572937 0.445707231760025 0.005729166666666666 0.009259259259259259
2 0.7722215056419373 0.39196422696113586 0.005208333333333333 0.008333333333333333
2 0.7084256410598755 0.37814632058143616 0.0036458333333333334 0.005555555555555556
2 0.6482105255126953 0.3650425970554352 0.0036458333333333334 0.005555555555555556
