4 0.6000550389289856 0.7312175035476685 0.021354166666666667 0.03518518518518519
4 0.6707956790924072 0.68327397108078 0.020833333333333332 0.03333333333333333
3 0.6960140466690063 0.6757022738456726 0.019791666666666666 0.032407407407407406
3 0.7640108466148376 0.5924134850502014 0.017708333333333333 0.02962962962962963
0 0.657755434513092 0.6120472550392151 0.017708333333333333 0.02962962962962963
3 0.6884739995002747 0.5743783116340637 0.0171875 0.02962962962962963
4 0.6358296275138855 0.49119600653648376 0.015104166666666667 0.024074074074074074
4 0.5545667409896851 0.48063185811042786 0.015625 0.025
3 0.5250325798988342 0.44741103053092957 0.013541666666666667 0.023148148148148147
3 0.4645543396472931 0.47671470046043396 0.014583333333333334 0.024074074074074074
3 0.442865788936615 0.4895917475223541 0.015104166666666667 0.025
4 0.41332948207855225 0.4661101996898651 0.0140625 0.025
1 0.4523453116416931 0.37781792879104614 0.013020833333333334 0.020370370370370372
4 0.2591322362422943 0.47332581877708435 0.015104166666666667 0.025
2 0.6695228815078735 0.7478675246238708 0.00625 0.010185185185185186
2 0.7521886825561523 0.7003570199012756 0.00625 0.010185185185185186
2 0.8248803615570068 0.6582068204879761 0.00625 0.010185185185185186
2 0.8043747544288635 0.5529869794845581 0.005208333333333333 0.008333333333333333
2 0.7343950867652893 0.5132415890693665 0.005208333333333333 0.008333333333333333
2 0.6720221638679504 0.47876468300819397 0.005208333333333333 0.008333333333333333
2 0.5678532719612122 0.419905424118042 0.004166666666666667 0.006481481481481481
2 0.5225045680999756 0.39465340971946716 0.004166666666666667 0.006481481481481481
2 0.4814891219139099 0.3724892735481262 0.004166666666666667 0.006481481481481481
2 0.4533703029155731 0.7222526669502258 0.005208333333333333 0.008333333333333333
2 0.39118024706840515 0.6599037051200867 0.005208333333333333 0.007407407407407408
2 0.33896490931510925 0.6076771020889282 0.005208333333333333 0.008333333333333333
2 0.2529561519622803 0.5212734341621399 0.005729166666666666 0.009259259259259259
2 0.21712274849414825 0.4844593107700348 0.005729166666666666 0.009259259259259259
2 0.1851387321949005 0.4516189992427826 0.005729166666666666 0.009259259259259259
2 0.2382257878780365 0.3942964971065521 0.005208333333333333 0.008333333333333333
2 0.30277159810066223 0.37829291820526123 0.0036458333333333334 0.005555555555555556
2 0.3634343147277832 0.3631886839866638 0.0036458333333333334 0.005555555555555556
