4 0.6002361178398132 0.720816433429718 0.021354166666666667 0.03518518518518519
4 0.6690986752510071 0.6766977906227112 0.020833333333333332 0.03333333333333333
3 0.6937370300292969 0.669939398765564 0.019791666666666666 0.032407407407407406
3 0.7596655488014221 0.5923997163772583 0.017708333333333333 0.02962962962962963
0 0.6556409001350403 0.6092807054519653 0.017708333333333333 0.02962962962962963
3 0.685443103313446 0.5741484761238098 0.0171875 0.02962962962962963
4 0.632912814617157 0.494441956281662 0.015104166666666667 0.024074074074074074
4 0.5527482628822327 0.48302868008613586 0.015625 0.025
3 0.5232176184654236 0.45091161131858826 0.013541666666666667 0.023148148148148147
3 0.4638606011867523 0.4777691960334778 0.014583333333333334 0.024074074074074074
3 0.4426041543483734 0.48965543508529663 0.015104166666666667 0.025
4 0.4130774736404419 0.46679332852363586 0.0140625 0.025
1 0.45046812295913696 0.3832409083843231 0.013020833333333334 0.020370370370370372
4 0.260429710149765 0.4710227847099304 0.015104166666666667 0.025
2 0.668450653553009 0.7374785542488098 0.00625 0.010185185185185186
2 0.7489213943481445 0.6939911842346191 0.00625 0.010185185185185186
2 0.8196858763694763 0.6553975343704224 0.00625 0.010185185185185186
2 0.7989240288734436 0.555780291557312 0.005208333333333333 0.008333333333333333
2 0.7299984097480774 0.5170052647590637 0.005208333333333333 0.008333333333333333
2 0.6684030890464783 0.48324939608573914 0.005208333333333333 0.008333333333333333
2 0.5651629567146301 0.42545998096466064 0.004166666666666667 0.006481481481481481
2 0.5200819373130798 0.4005776643753052 0.004166666666666667 0.006481481481481481
2 0.47924381494522095 0.37867721915245056 0.004166666666666667 0.006481481481481481
2 0.45608484745025635 0.7102373242378235 0.005208333333333333 0.008333333333333333
2 0.39397677779197693 0.6504147052764893 0.005208333333333333 0.007407407407407408
2 0.34165796637535095 0.6001351475715637 0.005208333333333333 0.008333333333333333
2 0.25512421131134033 0.5166219472885132 0.005729166666666666 0.009259259259259259
2 0.21892862021923065 0.4809252619743347 0.005729166666666666 0.009259259259259259
2 0.18655641376972198 0.44901707768440247 0.005729166666666666 0.009259259259259259
2 0.23830045759677887 0.3951374292373657 0.005208333333333333 0.008333333333333333
2 0.3021634519100189 0.38098689913749695 0.0036458333333333334 0.005555555555555556
2 0.3621406853199005 0.3676363527774811 0.0036458333333333334 0.005555555555555556
