4 0.600993812084198 0.7247377634048462 0.021354166666666667 0.03518518518518519
4 0.67229825258255 0.6767114996910095 0.020833333333333332 0.03333333333333333
3 0.6976559162139893 0.669211208820343 0.019791666666666666 0.032407407407407406
3 0.7663699984550476 0.5854943990707397 0.017708333333333333 0.02962962962962963
0 0.659591794013977 0.6046606302261353 0.017708333333333333 0.02962962962962963
3 0.6906538605690002 0.5667765736579895 0.0171875 0.02962962962962963
4 0.6382080316543579 0.48226770758628845 0.015104166666666667 0.024074074074074074
4 0.5565124154090881 0.47098928689956665 0.015625 0.025
3 0.5269376039505005 0.4371158480644226 0.013541666666666667 0.023148148148148147
3 0.4658720791339874 0.4663707911968231 0.014583333333333334 0.024074074074074074
3 0.443954735994339 0.4792661964893341 0.015104166666666667 0.025
4 0.41427499055862427 0.4552478790283203 0.0140625 0.025
1 0.45400530099868774 0.36599060893058777 0.013020833333333334 0.020370370370370372
4 0.25857487320899963 0.46144309639930725 0.015104166666666667 0.025
2 0.6706656813621521 0.7419275641441345 0.00625 0.010185185185185186
2 0.7538721561431885 0.694428563117981 0.00625 0.010185185185185186
2 0.8269979953765869 0.6523098349571228 0.00625 0.010185185185185186
2 0.8070951700210571 0.5459223985671997 0.005208333333333333 0.008333333333333333
2 0.7371140718460083 0.5052667260169983 0.005208333333333333 0.008333333333333333
2 0.6746564507484436 0.46994444727897644 0.005208333333333333 0.008333333333333333
2 0.5701888203620911 0.40956366062164307 0.004166666666666667 0.006481481481481481
2 0.5246437788009644 0.3836171627044678 0.004166666666666667 0.006481481481481481
2 0.4834141135215759 0.3608155846595764 0.004166666666666667 0.006481481481481481
2 0.4535118639469147 0.7148668169975281 0.005208333333333333 0.008333333333333333
2 0.3911338150501251 0.651430606842041 0.005208333333333333 0.007407407407407408
2 0.3386903405189514 0.5982218384742737 0.005208333333333333 0.008333333333333333
2 0.25216808915138245 0.5100537538528442 0.005729166666666666 0.009259259259259259
2 0.21607214212417603 0.4724399447441101 0.005729166666666666 0.009259259259259259
2 0.1838279813528061 0.43885937333106995 0.005729166666666666 0.009259259259259259
2 0.23771041631698608 0.38103625178337097 0.005208333333333333 0.008333333333333333
2 0.3030143976211548 0.3652885854244232 0.0036458333333333334 0.005555555555555556
2 0.3643478751182556 0.35043400526046753 0.0036458333333333334 0.005555555555555556
