0 0.8141447305679321 0.6366839408874512 0.017708333333333333 0.02962962962962963
3 0.7095461487770081 0.6319807171821594 0.01875 0.02962962962962963
3 0.6202673316001892 0.5622137188911438 0.015625 0.025925925925925925
4 0.6102466583251953 0.5375148057937622 0.015104166666666667 0.024074074074074074
4 0.5950155854225159 0.5231252908706665 0.014583333333333334 0.024074074074074074
4 0.47144076228141785 0.7020723819732666 0.020833333333333332 0.03425925925925926
4 0.509875476360321 0.4960102140903473 0.013020833333333334 0.023148148148148147
4 0.32294905185699463 0.5790606737136841 0.016666666666666666 0.025
4 0.38624903559684753 0.5679725408554077 0.016666666666666666 0.025925925925925925
3 0.40320923924446106 0.5361348390579224 0.015104166666666667 0.025925925925925925
3 0.33200976252555847 0.5310304760932922 0.015104166666666667 0.025
1 0.447965145111084 0.43756920099258423 0.013020833333333334 0.020370370370370372
3 0.36127549409866333 0.4458601474761963 0.011458333333333333 0.019444444444444445
3 0.34053024649620056 0.4780978262424469 0.013020833333333334 0.021296296296296296
4 0.20319387316703796 0.47416383028030396 0.0140625 0.019444444444444445
2 0.6621691584587097 0.7581827640533447 0.00625 0.009259259259259259
2 0.7473269104957581 0.7174110412597656 0.00625 0.009259259259259259
2 0.8228752017021179 0.6825030446052551 0.00625 0.009259259259259259
2 0.8011504411697388 0.5922272205352783 0.00625 0.009259259259259259
2 0.7315905690193176 0.5575307011604309 0.0046875 0.007407407407407408
2 0.6708909273147583 0.5277896523475647 0.0046875 0.007407407407407408
2 0.5694777369499207 0.47822287678718567 0.0046875 0.007407407407407408
2 0.5267307162284851 0.4561503231525421 0.0046875 0.007407407407407408
2 0.4430958330631256 0.7308130264282227 0.00625 0.009259259259259259
2 0.38438987731933594 0.674924373626709 0.00625 0.009259259259259259
2 0.33536064624786377 0.6285170316696167 0.00625 0.009259259259259259
2 0.25841420888900757 0.5546596646308899 0.005729166666666666 0.009259259259259259
2 0.22618120908737183 0.524944543838501 0.005729166666666666 0.009259259259259259
2 0.19901956617832184 0.4979413151741028 0.005729166666666666 0.009259259259259259
2 0.488546758890152 0.43767574429512024 0.0046875 0.007407407407407408
2 0.37580209970474243 0.42931076884269714 0.0046875 0.007407407407407408
2 0.31734463572502136 0.4394681453704834 0.003125 0.004629629629629629
2 0.25432759523391724 0.45186150074005127 0.003125 0.004629629629629629
