0 0.1831366866827011 0.6234257221221924 0.017708333333333333 0.02962962962962963
3 0.289456307888031 0.6189879179000854 0.01875 0.02962962962962963
3 0.379750519990921 0.5483193397521973 0.015625 0.025925925925925925
4 0.38974863290786743 0.5232144594192505 0.015104166666666667 0.024074074074074074
4 0.40515220165252686 0.5086077451705933 0.014583333333333334 0.024074074074074074
4 0.5327037572860718 0.6910727620124817 0.020833333333333332 0.03425925925925926
4 0.4917908310890198 0.48120084404945374 0.013020833333333334 0.023148148148148147
4 0.6834847927093506 0.5663148164749146 0.016666666666666666 0.025
4 0.6186635494232178 0.5548347234725952 0.016666666666666666 0.025925925925925925
3 0.6010797023773193 0.522346019744873 0.015104166666666667 0.025925925925925925
3 0.6738575100898743 0.5173263549804688 0.015104166666666667 0.025
1 0.5545572638511658 0.4217681884765625 0.013020833333333334 0.020370370370370372
3 0.6432725191116333 0.43039336800575256 0.011458333333333333 0.019444444444444445
3 0.6647434234619141 0.4633232355117798 0.013020833333333334 0.021296296296296296
4 0.8053872585296631 0.4596087336540222 0.0140625 0.019444444444444445
2 0.33880844712257385 0.7473483681678772 0.00625 0.009259259259259259
2 0.25181546807289124 0.7056200504302979 0.00625 0.009259259259259259
2 0.17470760643482208 0.6699092984199524 0.00625 0.009259259259259259
2 0.19591738283634186 0.5783144235610962 0.00625 0.009259259259259259
2 0.26633918285369873 0.543251097202301 0.0046875 0.007407407407407408
2 0.32786718010902405 0.5131636261940002 0.0046875 0.007407407407407408
2 0.43081361055374146 0.46294811367988586 0.0046875 0.007407407407407408
2 0.4742526113986969 0.4405525326728821 0.0046875 0.007407407407407408
2 0.5618641972541809 0.7204126715660095 0.00625 0.009259259259259259
2 0.6213853359222412 0.6637645363807678 0.00625 0.009259259259259259
2 0.6711560487747192 0.6166720986366272 0.00625 0.009259259259259259
2 0.7493667006492615 0.5416170954704285 0.005729166666666666 0.009259259259259259
2 0.782177209854126 0.5113875269889832 0.005729166666666666 0.009259259259259259
2 0.809829831123352 0.4838934540748596 0.005729166666666666 0.009259259259259259
2 0.5130931735038757 0.421798974275589 0.0046875 0.007407407407407408
2 0.628283679485321 0.41348129510879517 0.0046875 0.007407407407407408
2 0.6881884336471558 0.4239570200443268 0.003125 0.004629629629629629
2 0.7528225183486938 0.43673181533813477 0.003125 0.004629629629629629
