4 0.24246470630168915 0.6033774614334106 0.0171875 0.027777777777777776
0 0.4411136507987976 0.5675775408744812 0.015625 0.025
1 0.4587922990322113 0.5177006721496582 0.015104166666666667 0.024074074074074074
4 0.45830509066581726 0.4874548017978668 0.015104166666666667 0.021296296296296296
4 0.5035678744316101 0.5319063067436218 0.015625 0.025925925925925925
4 0.562998354434967 0.6281776428222656 0.01875 0.02962962962962963
4 0.6433783173561096 0.527215838432312 0.015104166666666667 0.025
4 0.6702191233634949 0.45238029956817627 0.013020833333333334 0.019444444444444445
2 0.3755633533000946 0.758418083190918 0.007291666666666667 0.012037037037037037
2 0.2882356643676758 0.7189111709594727 0.007291666666666667 0.012037037037037037
2 0.2102927565574646 0.6829264163970947 0.007291666666666667 0.012037037037037037
2 0.21651478111743927 0.5870582461357117 0.0046875 0.007407407407407408
2 0.279362291097641 0.5495805144309998 0.0046875 0.007407407407407408
2 0.33442580699920654 0.5157943367958069 0.0046875 0.007407407407407408
2 0.5811846256256104 0.7252850532531738 0.0078125 0.012962962962962963
2 0.630740225315094 0.6676731109619141 0.0078125 0.012962962962962963
2 0.67271888256073 0.6165995001792908 0.0078125 0.012962962962962963
2 0.7397558689117432 0.537293553352356 0.005208333333333333 0.008333333333333333
2 0.7667615413665771 0.5031064748764038 0.005208333333333333 0.008333333333333333
2 0.7917360663414001 0.4745514392852783 0.005208333333333333 0.008333333333333333
2 0.42667898535728455 0.45957106351852417 0.0036458333333333334 0.005555555555555556
2 0.46569469571113586 0.43592163920402527 0.0036458333333333334 0.005555555555555556
2 0.5010650753974915 0.4148518443107605 0.0036458333333333334 0.005555555555555556
2 0.6110355257987976 0.4036272466182709 0.003125 0.005555555555555556
2 0.6698195338249207 0.4137478470802307 0.003125 0.005555555555555556
2 0.7328973412513733 0.42564451694488525 0.003125 0.005555555555555556
