4 0.7564510703086853 0.5813260674476624 0.0171875 0.027777777777777776
0 0.5563828945159912 0.5453566908836365 0.015625 0.025
1 0.5392755270004272 0.49493980407714844 0.015104166666666667 0.024074074074074074
4 0.5401374101638794 0.4644249975681305 0.015104166666666667 0.021296296296296296
4 0.49432510137557983 0.5094568133354187 0.015625 0.025925925925925925
4 0.4334741234779358 0.6071113348007202 0.01875 0.02962962962962963
4 0.3552180826663971 0.5052414536476135 0.015104166666666667 0.025
4 0.33010590076446533 0.4302898347377777 0.013020833333333334 0.019444444444444445
2 0.6204425692558289 0.7403920292854309 0.007291666666666667 0.012037037037037037
2 0.7093756794929504 0.6998279690742493 0.007291666666666667 0.012037037037037037
2 0.7888460755348206 0.662837028503418 0.007291666666666667 0.012037037037037037
2 0.7828381657600403 0.5646034479141235 0.0046875 0.007407407407407408
2 0.7193787693977356 0.5265958309173584 0.0046875 0.007407407407407408
2 0.6640875339508057 0.4925134778022766 0.0046875 0.007407407407407408
2 0.41364380717277527 0.7060854434967041 0.0078125 0.012962962962962963
2 0.36512184143066406 0.6473121643066406 0.0078125 0.012962962962962963
2 0.3243156373500824 0.5955305695533752 0.0078125 0.012962962962962963
2 0.25958532094955444 0.5157203674316406 0.005208333333333333 0.008333333333333333
2 0.2337258756160736 0.48152896761894226 0.005208333333333333 0.008333333333333333
2 0.20982356369495392 0.45308104157447815 0.005208333333333333 0.008333333333333333
2 0.5720808506011963 0.4361862540245056 0.0036458333333333334 0.005555555555555556
2 0.5334033370018005 0.41263753175735474 0.0036458333333333334 0.005555555555555556
2 0.49845412373542786 0.3917323648929596 0.0036458333333333334 0.005555555555555556
2 0.38954341411590576 0.3812269866466522 0.003125 0.005555555555555556
2 0.3312720060348511 0.39170482754707336 0.003125 0.005555555555555556
2 0.2688519358634949 0.4039578437805176 0.003125 0.005555555555555556
