4 0.7426287531852722 0.5799100399017334 0.0171875 0.027777777777777776
0 0.5421699285507202 0.548188328742981 0.015625 0.025
1 0.524649441242218 0.4979623854160309 0.015104166666666667 0.024074074074074074
4 0.5251923203468323 0.4673890769481659 0.015104166666666667 0.021296296296296296
4 0.4802324175834656 0.5135968327522278 0.015625 0.025925925925925925
4 0.42067521810531616 0.6131559610366821 0.01875 0.02962962962962963
4 0.342846542596817 0.5127023458480835 0.015104166666666667 0.025
4 0.317924827337265 0.43864408135414124 0.013020833333333334 0.019444444444444445
2 0.6085383892059326 0.7445874214172363 0.007291666666666667 0.012037037037037037
2 0.6973456144332886 0.7014167308807373 0.007291666666666667 0.012037037037037037
2 0.7767612338066101 0.6620467901229858 0.007291666666666667 0.012037037037037037
2 0.7688273787498474 0.5623710751533508 0.0046875 0.007407407407407408
2 0.7045114636421204 0.5254570841789246 0.0046875 0.007407407407407408
2 0.6487451791763306 0.49248674511909485 0.0046875 0.007407407407407408
2 0.4016038477420807 0.7136754989624023 0.0078125 0.012962962962962963
2 0.353181391954422 0.6551727652549744 0.0078125 0.012962962962962963
2 0.3126869201660156 0.6038900017738342 0.0078125 0.012962962962962963
2 0.24890084564685822 0.5254345536231995 0.005208333333333333 0.008333333333333333
2 0.2235693335533142 0.4919794797897339 0.005208333333333333 0.008333333333333333
2 0.2002299726009369 0.4642929434776306 0.005208333333333333 0.008333333333333333
2 0.5565447211265564 0.43835967779159546 0.0036458333333333334 0.005555555555555556
2 0.5180054306983948 0.415863573551178 0.0036458333333333334 0.005555555555555556
2 0.48329442739486694 0.3959716558456421 0.0036458333333333334 0.005555555555555556
2 0.37605223059654236 0.38841766119003296 0.003125 0.005555555555555556
2 0.3189571499824524 0.4003336727619171 0.003125 0.005555555555555556
2 0.25790873169898987 0.4140941798686981 0.003125 0.005555555555555556
