4 0.753470242023468 0.5938251614570618 0.0171875 0.027777777777777776
0 0.5497050881385803 0.5584325790405273 0.015625 0.025
1 0.5318167805671692 0.5065636038780212 0.015104166666666667 0.024074074074074074
4 0.5323669910430908 0.4750922918319702 0.015104166666666667 0.021296296296296296
4 0.48641127347946167 0.5219591856002808 0.015625 0.025925925925925925
4 0.42572221159935 0.6232861280441284 0.01875 0.02962962962962963
4 0.34559136629104614 0.5189177989959717 0.015104166666666667 0.025
4 0.3195721507072449 0.4420187473297119 0.013020833333333334 0.019444444444444445
2 0.6169602274894714 0.7597144246101379 0.007291666666666667 0.012037037037037037
2 0.7070172429084778 0.7169719934463501 0.007291666666666667 0.012037037037037037
2 0.7875314950942993 0.6779837012290955 0.007291666666666667 0.012037037037037037
2 0.7801246643066406 0.5762856602668762 0.0046875 0.007407407407407408
2 0.7150565385818481 0.5375584363937378 0.0046875 0.007407407407407408
2 0.6584454774856567 0.5028733015060425 0.0046875 0.007407407407407408
2 0.4065629243850708 0.7257533073425293 0.0078125 0.012962962962962963
2 0.3568665385246277 0.6653814315795898 0.0078125 0.012962962962962963
2 0.3151264786720276 0.6122705340385437 0.0078125 0.012962962962962963
2 0.24907484650611877 0.5306007862091064 0.005208333333333333 0.008333333333333333
2 0.22271770238876343 0.4956592619419098 0.005208333333333333 0.008333333333333333
2 0.1984037309885025 0.46663928031921387 0.005208333333333333 0.008333333333333333
2 0.5644411444664001 0.44567394256591797 0.0036458333333333334 0.005555555555555556
2 0.524997353553772 0.42180630564689636 0.0036458333333333334 0.005555555555555556
2 0.4893960654735565 0.400645911693573 0.0036458333333333334 0.005555555555555556
2 0.37917014956474304 0.3909701108932495 0.003125 0.005555555555555556
2 0.3204205632209778 0.4023415744304657 0.003125 0.005555555555555556
2 0.25754407048225403 0.41557079553604126 0.003125 0.005555555555555556
