4 0.7493981719017029 0.6083616018295288 0.0171875 0.027777777777777776
0 0.546026349067688 0.5714865326881409 0.015625 0.025
1 0.5277206301689148 0.5202773213386536 0.015104166666666667 0.024074074074074074
4 0.5279431343078613 0.48931583762168884 0.015104166666666667 0.021296296296296296
4 0.48280635476112366 0.5350135564804077 0.015625 0.025925925925925925
4 0.4236787259578705 0.634038507938385 0.01875 0.02962962962962963
4 0.3433135747909546 0.5307512283325195 0.015104166666666667 0.025
4 0.31681764125823975 0.45505407452583313 0.013020833333333334 0.019444444444444445
2 0.6149978041648865 0.7704251408576965 0.007291666666666667 0.012037037037037037
2 0.7043077349662781 0.7293528318405151 0.007291666666666667 0.012037037037037037
2 0.7843142151832581 0.6917901635169983 0.007291666666666667 0.012037037037037037
2 0.7758471965789795 0.5913156867027283 0.0046875 0.007407407407407408
2 0.7104620337486267 0.5524808764457703 0.0046875 0.007407407407407408
2 0.6536539793014526 0.5177693963050842 0.0046875 0.007407407407407408
2 0.4057500958442688 0.7345231771469116 0.0078125 0.012962962962962963
2 0.35595399141311646 0.6746637225151062 0.0078125 0.012962962962962963
2 0.3141559064388275 0.6220883131027222 0.0078125 0.012962962962962963
2 0.2481301724910736 0.5413375496864319 0.005208333333333333 0.008333333333333333
2 0.22179155051708221 0.5068484544754028 0.005208333333333333 0.008333333333333333
2 0.19754327833652496 0.4782022535800934 0.005208333333333333 0.008333333333333333
2 0.5595093965530396 0.4606318473815918 0.0036458333333333334 0.005555555555555556
2 0.5200758576393127 0.4368291199207306 0.0036458333333333334 0.005555555555555556
2 0.4845220446586609 0.4157416820526123 0.0036458333333333334 0.005555555555555556
2 0.3752187192440033 0.4054054319858551 0.003125 0.005555555555555556
2 0.317252516746521 0.41612666845321655 0.003125 0.005555555555555556
2 0.25531890988349915 0.42862197756767273 0.003125 0.005555555555555556
