4 0.3556632399559021 0.7121449112892151 0.021875 0.03518518518518519
4 0.37638771533966064 0.6694397926330566 0.020833333333333332 0.03425925925925926
3 0.39543724060058594 0.6552785634994507 0.0203125 0.032407407407407406
3 0.4217611253261566 0.7067298889160156 0.021354166666666667 0.03518518518518519
3 0.553122878074646 0.6659747958183289 0.020833333333333332 0.03333333333333333
0 0.3995584547519684 0.6145117878913879 0.01875 0.030555555555555555
4 0.3416953384876251 0.6003348231315613 0.01875 0.030555555555555555
4 0.38154900074005127 0.5720744729042053 0.018229166666666668 0.028703703703703703
3 0.4663228392601013 0.49594032764434814 0.015625 0.025925925925925925
1 0.5879400372505188 0.5703848004341125 0.017708333333333333 0.02962962962962963
3 0.7157208919525146 0.42962756752967834 0.0140625 0.022222222222222223
3 0.8085991740226746 0.4741393029689789 0.015625 0.023148148148148147
2 0.31734809279441833 0.7541196346282959 0.007291666666666667 0.011111111111111112
2 0.23629023134708405 0.7051770687103271 0.007291666666666667 0.011111111111111112
2 0.1646997481584549 0.6604230999946594 0.007291666666666667 0.011111111111111112
2 0.1947437971830368 0.5600714683532715 0.0046875 0.007407407407407408
2 0.2695234417915344 0.5241183638572693 0.0046875 0.007407407407407408
2 0.3358306884765625 0.49327951669692993 0.0046875 0.007407407407407408
2 0.4474652111530304 0.4395712912082672 0.0046875 0.007407407407407408
2 0.4958460032939911 0.4167526066303253 0.0046875 0.007407407407407408
2 0.5396174788475037 0.3960457742214203 0.0046875 0.007407407407407408
2 0.6628936529159546 0.39109569787979126 0.005208333333333333 0.008333333333333333
2 0.7246330380439758 0.40656778216362 0.005208333333333333 0.008333333333333333
2 0.7909852862358093 0.4243179261684418 0.005208333333333333 0.008333333333333333
2 0.7685658931732178 0.5467262268066406 0.0067708333333333336 0.010185185185185186
2 0.8079662919044495 0.5122900009155273 0.0067708333333333336 0.010185185185185186
2 0.8432283401489258 0.48218128085136414 0.0067708333333333336 0.010185185185185186
2 0.5448526740074158 0.7370910048484802 0.007291666666666667 0.011111111111111112
2 0.6137110590934753 0.6784802079200745 0.007291666666666667 0.011111111111111112
2 0.672490119934082 0.6276367902755737 0.007291666666666667 0.011111111111111112
