4 0.3583345413208008 0.7189794778823853 0.021875 0.03518518518518519
4 0.37832844257354736 0.6769731640815735 0.020833333333333332 0.03425925925925926
3 0.3972291946411133 0.662930965423584 0.0203125 0.032407407407407406
3 0.42486992478370667 0.71298748254776 0.021354166666666667 0.03518518518518519
3 0.5561707615852356 0.6718046069145203 0.020833333333333332 0.03333333333333333
0 0.40050551295280457 0.6230359077453613 0.01875 0.030555555555555555
4 0.34187373518943787 0.6097303032875061 0.01875 0.030555555555555555
4 0.38144901394844055 0.5817376971244812 0.018229166666666668 0.028703703703703703
3 0.465133935213089 0.5066713690757751 0.015625 0.025925925925925925
1 0.5889804363250732 0.5781892538070679 0.017708333333333333 0.02962962962962963
3 0.7137869596481323 0.4400584101676941 0.0140625 0.022222222222222223
3 0.8077068328857422 0.48257288336753845 0.015625 0.023148148148148147
2 0.32054266333580017 0.7605015635490417 0.007291666666666667 0.011111111111111112
2 0.23760986328125 0.7134064435958862 0.007291666666666667 0.011111111111111112
2 0.16427376866340637 0.670280933380127 0.007291666666666667 0.011111111111111112
2 0.19265098869800568 0.5717183947563171 0.0046875 0.007407407407407408
2 0.2674610912799835 0.5358869433403015 0.0046875 0.007407407407407408
2 0.3337012529373169 0.505186915397644 0.0046875 0.007407407407407408
2 0.44494038820266724 0.4518705904483795 0.0046875 0.007407407407407408
2 0.4930644631385803 0.42925554513931274 0.0046875 0.007407407407407408
2 0.5365529656410217 0.4087577760219574 0.0046875 0.007407407407407408
2 0.6600144505500793 0.40300866961479187 0.005208333333333333 0.008333333333333333
2 0.7221606373786926 0.417576402425766 0.005208333333333333 0.008333333333333333
2 0.7889123558998108 0.43430736660957336 0.005208333333333333 0.008333333333333333
2 0.769424557685852 0.5535078048706055 0.0067708333333333336 0.010185185185185186
2 0.8079930543899536 0.5196645259857178 0.0067708333333333336 0.010185185185185186
2 0.8424894213676453 0.49010005593299866 0.0067708333333333336 0.010185185185185186
2 0.5494562387466431 0.7413783073425293 0.007291666666666667 0.011111111111111112
2 0.6173166632652283 0.6834030747413635 0.007291666666666667 0.011111111111111112
2 0.6751158237457275 0.6332158446311951 0.007291666666666667 0.011111111111111112
