4 0.3503122329711914 0.7279642820358276 0.021875 0.03518518518518519
4 0.37074774503707886 0.6845534443855286 0.020833333333333332 0.03425925925925926
3 0.38969770073890686 0.6698691248893738 0.0203125 0.032407407407407406
3 0.4163271486759186 0.7209720015525818 0.021354166666666667 0.03518518518518519
3 0.547349750995636 0.6769297122955322 0.020833333333333332 0.03333333333333333
0 0.39355990290641785 0.6287734508514404 0.01875 0.030555555555555555
4 0.3356160521507263 0.6158648729324341 0.01875 0.030555555555555555
4 0.375283420085907 0.5864970088005066 0.018229166666666668 0.028703703703703703
3 0.45959529280662537 0.5078724026679993 0.015625 0.025925925925925925
1 0.5816285610198975 0.5799745321273804 0.017708333333333333 0.02962962962962963
3 0.7086939215660095 0.435263991355896 0.0140625 0.022222222222222223
3 0.8017722964286804 0.4779408276081085 0.015625 0.023148148148148147
2 0.3123047649860382 0.7710369825363159 0.007291666666666667 0.011111111111111112
2 0.23096218705177307 0.7237619161605835 0.007291666666666667 0.011111111111111112
2 0.15906664729118347 0.6804476380348206 0.007291666666666667 0.011111111111111112
2 0.18836764991283417 0.5787814259529114 0.0046875 0.007407407407407408
2 0.26291629672050476 0.5408388376235962 0.0046875 0.007407407407407408
2 0.3290414810180664 0.5082353949546814 0.0046875 0.007407407407407408
2 0.4403906464576721 0.4515267014503479 0.0046875 0.007407407407407408
2 0.48866361379623413 0.42740458250045776 0.0046875 0.007407407407407408
2 0.5323438048362732 0.4055146872997284 0.0046875 0.007407407407407408
2 0.6556624174118042 0.39765918254852295 0.005208333333333333 0.008333333333333333
2 0.7175004482269287 0.41181886196136475 0.005208333333333333 0.008333333333333333
2 0.78394615650177 0.42816317081451416 0.005208333333333333 0.008333333333333333
2 0.7620660066604614 0.5519494414329529 0.0067708333333333336 0.010185185185185186
2 0.8013008832931519 0.5163691639900208 0.0067708333333333336 0.010185185185185186
2 0.8364273309707642 0.48523277044296265 0.0067708333333333336 0.010185185185185186
2 0.5394812226295471 0.7485897541046143 0.007291666666666667 0.011111111111111112
2 0.6079540848731995 0.6880807876586914 0.007291666666666667 0.011111111111111112
2 0.666426956653595 0.6355889439582825 0.007291666666666667 0.011111111111111112
