4 0.6025062799453735 0.7148473262786865 0.021875 0.03518518518518519
4 0.5832156538963318 0.670836329460144 0.020833333333333332 0.03425925925925926
3 0.5647004842758179 0.6558834314346313 0.0203125 0.032407407407407406
3 0.5367689728736877 0.7067201137542725 0.021354166666666667 0.03518518518518519
3 0.41016581654548645 0.6612415313720703 0.020833333333333332 0.03333333333333333
0 0.5620236992835999 0.6146824359893799 0.01875 0.030555555555555555
4 0.6204578280448914 0.6019962430000305 0.01875 0.030555555555555555
4 0.5814529657363892 0.5723950266838074 0.018229166666666668 0.028703703703703703
3 0.5002972483634949 0.4943966269493103 0.015625 0.025925925925925925
1 0.38026636838912964 0.5658897757530212 0.017708333333333333 0.02962962962962963
3 0.26539215445518494 0.4265711307525635 0.0140625 0.022222222222222223
3 0.1788187474012375 0.46863484382629395 0.015625 0.023148148148148147
2 0.6397358179092407 0.7591708898544312 0.007291666666666667 0.011111111111111112
2 0.7244455814361572 0.7126339673995972 0.007291666666666667 0.011111111111111112
2 0.8006372451782227 0.6692224740982056 0.007291666666666667 0.011111111111111112
2 0.7725919485092163 0.564608633518219 0.0046875 0.007407407407407408
2 0.6964695453643799 0.5261329412460327 0.0046875 0.007407407407407408
2 0.6300894618034363 0.493653804063797 0.0046875 0.007407407407407408
2 0.5207701921463013 0.4383482336997986 0.0046875 0.007407407407407408
2 0.4742778539657593 0.415289968252182 0.0046875 0.007407407407407408
2 0.43267524242401123 0.39459431171417236 0.0046875 0.007407407407407408
2 0.3158920407295227 0.389393150806427 0.005208333333333333 0.008333333333333333
2 0.2579842209815979 0.4042036831378937 0.005208333333333333 0.008333333333333333
2 0.19658643007278442 0.42097410559654236 0.005208333333333333 0.008333333333333333
2 0.21263185143470764 0.5390520095825195 0.0067708333333333336 0.010185185185185186
2 0.17802183330059052 0.505243182182312 0.0067708333333333336 0.010185185185185186
2 0.14729200303554535 0.47592875361442566 0.0067708333333333336 0.010185185185185186
2 0.4155957102775574 0.7320185303688049 0.007291666666666667 0.011111111111111112
2 0.35196319222450256 0.6715030074119568 0.007291666666666667 0.011111111111111112
2 0.2985004186630249 0.6198391914367676 0.007291666666666667 0.011111111111111112
