3 0.3174852430820465 0.7939332723617554 0.023958333333333335 0.03888888888888889
4 0.24299857020378113 0.8036972284317017 0.023958333333333335 0.03888888888888889
4 0.2671300768852234 0.7548604607582092 0.022916666666666665 0.037037037037037035
3 0.2888544201850891 0.7389503121376038 0.022916666666666665 0.03611111111111111
0 0.29439106583595276 0.692432701587677 0.021875 0.03425925925925926
4 0.22954927384853363 0.680266797542572 0.020833333333333332 0.03425925925925926
4 0.2754693925380707 0.645229697227478 0.019791666666666666 0.03148148148148148
3 0.4654234051704407 0.7420675158500671 0.022395833333333334 0.037037037037037035
3 0.37176501750946045 0.5563784837722778 0.0171875 0.028703703703703703
4 0.4683648645877838 0.5091934204101562 0.015625 0.025
1 0.49219605326652527 0.4487372636795044 0.014583333333333334 0.023148148148148147
4 0.6122578382492065 0.4906551241874695 0.015625 0.025925925925925925
3 0.6509693264961243 0.4692629873752594 0.015104166666666667 0.024074074074074074
3 0.7536270618438721 0.5139591097831726 0.016666666666666666 0.025925925925925925
2 0.19855543971061707 0.8543480038642883 0.008333333333333333 0.012962962962962963
2 0.10868371278047562 0.8037315011024475 0.008333333333333333 0.012962962962962963
2 0.02885894849896431 0.7582960724830627 0.008333333333333333 0.012962962962962963
2 0.065708227455616 0.6420215964317322 0.008333333333333333 0.012962962962962963
2 0.15037848055362701 0.5995748043060303 0.007291666666666667 0.011111111111111112
2 0.2252574861049652 0.5588504672050476 0.007291666666666667 0.011111111111111112
2 0.3520376980304718 0.4939211308956146 0.007291666666666667 0.011111111111111112
2 0.4066219925880432 0.4661593437194824 0.007291666666666667 0.011111111111111112
2 0.4559568464756012 0.4402034282684326 0.007291666666666667 0.011111111111111112
2 0.45335349440574646 0.822917640209198 0.009375 0.01574074074074074
2 0.5332794785499573 0.7535255551338196 0.009375 0.01574074074074074
2 0.5994622707366943 0.6926279067993164 0.009375 0.01574074074074074
2 0.7078465819358826 0.5969864726066589 0.009375 0.01574074074074074
2 0.7525529265403748 0.5563960671424866 0.009375 0.01574074074074074
2 0.7915804386138916 0.5203585028648376 0.00625 0.010185185185185186
2 0.7356377840042114 0.4585842788219452 0.0036458333333333334 0.006481481481481481
2 0.6616615056991577 0.442763090133667 0.0036458333333333334 0.006481481481481481
2 0.5934494733810425 0.42829447984695435 0.0036458333333333334 0.006481481481481481
