3 0.3236498534679413 0.78605055809021 0.023958333333333335 0.03888888888888889
4 0.24892787635326385 0.7954388856887817 0.023958333333333335 0.03888888888888889
4 0.2730308473110199 0.7460036277770996 0.022916666666666665 0.037037037037037035
3 0.2947731614112854 0.7300339341163635 0.022916666666666665 0.03611111111111111
0 0.30017730593681335 0.6829261779785156 0.021875 0.03425925925925926
4 0.2351219803094864 0.6700051426887512 0.020833333333333332 0.03425925925925926
4 0.2810799181461334 0.6349482536315918 0.019791666666666666 0.03148148148148148
3 0.47126007080078125 0.7346276044845581 0.022395833333333334 0.037037037037037035
3 0.3770254850387573 0.5462043881416321 0.0171875 0.028703703703703703
4 0.47296273708343506 0.4998265504837036 0.015625 0.025
1 0.49629345536231995 0.4393984377384186 0.014583333333333334 0.023148148148148147
4 0.6154334545135498 0.48297446966171265 0.015625 0.025925925925925925
3 0.6535083651542664 0.4620260000228882 0.015104166666666667 0.024074074074074074
3 0.7550191879272461 0.5080317258834839 0.016666666666666666 0.025925925925925925
2 0.20433075726032257 0.8466981053352356 0.008333333333333333 0.012962962962962963
2 0.11363868415355682 0.7945226430892944 0.008333333333333333 0.012962962962962963
2 0.032943662256002426 0.7476118803024292 0.008333333333333333 0.012962962962962963
2 0.07017409056425095 0.6296206116676331 0.008333333333333333 0.012962962962962963
2 0.1554308533668518 0.5874306559562683 0.007291666666666667 0.011111111111111112
2 0.23053792119026184 0.5470389723777771 0.007291666666666667 0.011111111111111112
2 0.3571038544178009 0.48303210735321045 0.007291666666666667 0.011111111111111112
2 0.4113636612892151 0.45578640699386597 0.007291666666666667 0.011111111111111112
2 0.46028098464012146 0.43035373091697693 0.007291666666666667 0.011111111111111112
2 0.4596438705921173 0.8163967728614807 0.009375 0.01574074074074074
2 0.5388644933700562 0.7467517256736755 0.009375 0.01574074074074074
2 0.6041713953018188 0.6858535408973694 0.009375 0.01574074074074074
2 0.7106215953826904 0.590722382068634 0.009375 0.01574074074074074
2 0.7543317079544067 0.5505090355873108 0.009375 0.01574074074074074
2 0.7923935651779175 0.5148836374282837 0.00625 0.010185185185185186
2 0.7368450164794922 0.4524242579936981 0.0036458333333333334 0.006481481481481481
2 0.6638559699058533 0.4356396794319153 0.0036458333333333334 0.006481481481481481
2 0.5964159369468689 0.42025086283683777 0.0036458333333333334 0.006481481481481481
