3 0.4225913882255554 0.6954498291015625 0.019791666666666666 0.03148148148148148
4 0.38163021206855774 0.6633632779121399 0.019270833333333334 0.03148148148148148
4 0.36051565408706665 0.6996047496795654 0.0203125 0.032407407407407406
3 0.39958465099334717 0.6520124077796936 0.01875 0.02962962962962963
0 0.4054684340953827 0.6159507036209106 0.017708333333333333 0.028703703703703703
4 0.35290151834487915 0.6032193899154663 0.0171875 0.027777777777777776
4 0.391309916973114 0.5783692002296448 0.015625 0.025925925925925925
3 0.5642648339271545 0.6652661561965942 0.01875 0.027777777777777776
3 0.4724157452583313 0.5130670666694641 0.0140625 0.023148148148148147
4 0.553417444229126 0.4798077642917633 0.013541666666666667 0.021296296296296296
1 0.5750644207000732 0.4338674545288086 0.011979166666666667 0.019444444444444445
4 0.6750137209892273 0.47135210037231445 0.013541666666666667 0.022222222222222223
3 0.7085736393928528 0.4560416340827942 0.013020833333333334 0.020370370370370372
3 0.7951488494873047 0.49670490622520447 0.014583333333333334 0.023148148148148147
2 0.32369887828826904 0.7368355393409729 0.0078125 0.012037037037037037
2 0.2525106370449066 0.6914005875587463 0.0078125 0.012037037037037037
2 0.18988564610481262 0.6531907320022583 0.0078125 0.012037037037037037
2 0.2222142517566681 0.5664814114570618 0.0078125 0.012037037037037037
2 0.2910720705986023 0.5373488068580627 0.0078125 0.012037037037037037
2 0.35260531306266785 0.509306788444519 0.0078125 0.012037037037037037
2 0.5336360931396484 0.7262637615203857 0.007291666666666667 0.012037037037037037
2 0.6006899476051331 0.6749222278594971 0.007291666666666667 0.012037037037037037
2 0.658555269241333 0.6319555640220642 0.007291666666666667 0.012037037037037037
2 0.7532956600189209 0.5606141090393066 0.007291666666666667 0.012037037037037037
2 0.7932178378105164 0.5301728844642639 0.007291666666666667 0.012037037037037037
2 0.828477144241333 0.5035428404808044 0.004166666666666667 0.006481481481481481
2 0.7810679078102112 0.45097097754478455 0.004166666666666667 0.006481481481481481
2 0.7183986306190491 0.4357623755931854 0.004166666666666667 0.006481481481481481
2 0.660913348197937 0.42108845710754395 0.004166666666666667 0.006481481481481481
2 0.458100825548172 0.4635092318058014 0.005208333333333333 0.008333333333333333
2 0.5040335059165955 0.44324517250061035 0.005208333333333333 0.008333333333333333
2 0.5451787710189819 0.42633578181266785 0.005208333333333333 0.008333333333333333
