3 0.574992299079895 0.7130116820335388 0.019791666666666666 0.03148148148148148
4 0.6168685555458069 0.6795364022254944 0.019270833333333334 0.03148148148148148
4 0.6376739740371704 0.7182400226593018 0.0203125 0.032407407407407406
3 0.598882257938385 0.6672767400741577 0.01875 0.02962962962962963
0 0.5934769511222839 0.6289446353912354 0.017708333333333333 0.028703703703703703
4 0.6469095945358276 0.6159985661506653 0.0171875 0.027777777777777776
4 0.608374834060669 0.5891731977462769 0.015625 0.025925925925925925
3 0.4328879415988922 0.6792850494384766 0.01875 0.027777777777777776
3 0.5273324847221375 0.5189992785453796 0.0140625 0.023148148148148147
4 0.44615277647972107 0.48301538825035095 0.013541666666666667 0.021296296296296296
1 0.42496639490127563 0.4340629279613495 0.011979166666666667 0.019444444444444445
4 0.32429084181785583 0.4731459319591522 0.013541666666666667 0.022222222222222223
3 0.29091861844062805 0.4566980302333832 0.013020833333333334 0.020370370370370372
3 0.20426446199417114 0.4990311861038208 0.014583333333333334 0.023148148148148147
2 0.6743727326393127 0.758217453956604 0.0078125 0.012037037037037037
2 0.7474428415298462 0.7109686136245728 0.0078125 0.012037037037037037
2 0.8119850754737854 0.671089231967926 0.0078125 0.012037037037037037
2 0.7805315852165222 0.5782140493392944 0.0078125 0.012037037037037037
2 0.7108170390129089 0.5464575886726379 0.0078125 0.012037037037037037
2 0.6487016677856445 0.5160068869590759 0.0078125 0.012037037037037037
2 0.4628221094608307 0.7440630793571472 0.007291666666666667 0.012037037037037037
2 0.3962808847427368 0.6890201568603516 0.007291666666666667 0.012037037037037037
2 0.33893996477127075 0.6430127024650574 0.007291666666666667 0.012037037037037037
2 0.2452666312456131 0.5667981505393982 0.007291666666666667 0.012037037037037037
2 0.20587041974067688 0.5343422889709473 0.007291666666666667 0.012037037037037037
2 0.17110885679721832 0.5059758424758911 0.004166666666666667 0.006481481481481481
2 0.2186996191740036 0.45084139704704285 0.004166666666666667 0.006481481481481481
2 0.28132155537605286 0.43516260385513306 0.004166666666666667 0.006481481481481481
2 0.3389659821987152 0.41996467113494873 0.004166666666666667 0.006481481481481481
2 0.5424983501434326 0.4663859009742737 0.005208333333333333 0.008333333333333333
2 0.49639102816581726 0.44449669122695923 0.005208333333333333 0.008333333333333333
2 0.4551391303539276 0.42624205350875854 0.005208333333333333 0.008333333333333333
