0 0.3639994263648987 0.582141101360321 0.011979166666666667 0.016666666666666666
3 0.39506635069847107 0.5640842318534851 0.011979166666666667 0.018518518518518517
3 0.4001573920249939 0.5407640933990479 0.0109375 0.017592592592592594
1 0.44624337553977966 0.5471655130386353 0.0109375 0.018518518518518517
3 0.4671657979488373 0.5305433869361877 0.010416666666666666 0.017592592592592594
3 0.5073468089103699 0.539459228515625 0.0109375 0.017592592592592594
3 0.5135183930397034 0.4802286922931671 0.008333333333333333 0.014814814814814815
3 0.4681871235370636 0.49313485622406006 0.008854166666666666 0.014814814814814815
3 0.3857199251651764 0.4976421296596527 0.009375 0.014814814814814815
2 0.5450925230979919 0.5964358448982239 0.0036458333333333334 0.005555555555555556
2 0.47635242342948914 0.5959858298301697 0.0036458333333333334 0.005555555555555556
2 0.407879501581192 0.5955344438552856 0.0036458333333333334 0.005555555555555556
2 0.6228746175765991 0.569847047328949 0.0036458333333333334 0.005555555555555556
2 0.6154616475105286 0.5504156947135925 0.0036458333333333334 0.005555555555555556
2 0.6087929010391235 0.5332034230232239 0.0036458333333333334 0.005555555555555556
2 0.5976951122283936 0.5036662220954895 0.0026041666666666665 0.003703703703703704
2 0.5927642583847046 0.4908902645111084 0.0026041666666666665 0.003703703703703704
2 0.5880805253982544 0.47900012135505676 0.0026041666666666665 0.003703703703703704
2 0.33401304483413696 0.5668975710868835 0.003125 0.004629629629629629
2 0.3414847254753113 0.5475856065750122 0.003125 0.004629629629629629
2 0.3486993610858917 0.5308467149734497 0.003125 0.004629629629629629
2 0.3611547350883484 0.5016257762908936 0.003125 0.004629629629629629
2 0.3671313226222992 0.4887273609638214 0.003125 0.004629629629629629
2 0.3721180856227875 0.4775390625 0.003125 0.004629629629629629
2 0.4342486262321472 0.46443691849708557 0.0020833333333333333 0.003703703703703704
2 0.47981148958206177 0.4645521938800812 0.0020833333333333333 0.003703703703703704
