0 0.37219271063804626 0.594546914100647 0.011979166666666667 0.016666666666666666
3 0.4030689299106598 0.5776656866073608 0.011979166666666667 0.018518518518518517
3 0.40774935483932495 0.5554197430610657 0.0109375 0.017592592592592594
1 0.4541393518447876 0.5621534585952759 0.0109375 0.018518518518518517
3 0.4748099744319916 0.5465320944786072 0.010416666666666666 0.017592592592592594
3 0.5153737664222717 0.5555893778800964 0.0109375 0.017592592592592594
3 0.5202383399009705 0.4991108775138855 0.008333333333333333 0.014814814814814815
3 0.4750515818595886 0.5108334422111511 0.008854166666666666 0.014814814814814815
3 0.392490953207016 0.5140721201896667 0.009375 0.014814814814814815
2 0.5546901822090149 0.6107435822486877 0.0036458333333333334 0.005555555555555556
2 0.4854321777820587 0.6093665361404419 0.0036458333333333334 0.005555555555555556
2 0.41652923822402954 0.6079935431480408 0.0036458333333333334 0.005555555555555556
2 0.6324368715286255 0.5862619876861572 0.0036458333333333334 0.005555555555555556
2 0.6244478225708008 0.5675206780433655 0.0036458333333333334 0.005555555555555556
2 0.6172783374786377 0.5509423613548279 0.0036458333333333334 0.005555555555555556
2 0.6053463220596313 0.522550642490387 0.0026041666666666665 0.003703703703703704
2 0.6000625491142273 0.5102890729904175 0.0026041666666666665 0.003703703703703704
2 0.5950548052787781 0.4988875687122345 0.0026041666666666665 0.003703703703703704
2 0.3418407738208771 0.5795392990112305 0.003125 0.004629629629629629
2 0.3490203619003296 0.561164379119873 0.003125 0.004629629629629629
2 0.3559759557247162 0.5452662706375122 0.003125 0.004629629629629629
2 0.3679608702659607 0.5175527930259705 0.003125 0.004629629629629629
2 0.37372297048568726 0.5053426027297974 0.003125 0.004629629629629629
2 0.3785196840763092 0.4947570264339447 0.003125 0.004629629629629629
2 0.44046249985694885 0.4830765426158905 0.0020833333333333333 0.003703703703703704
2 0.4861004650592804 0.48375827074050903 0.0020833333333333333 0.003703703703703704
