4 0.37468820810317993 0.7961094379425049 0.021875 0.037037037037037035
3 0.28152140974998474 0.6755774617195129 0.01875 0.02962962962962963
4 0.40236103534698486 0.6854001879692078 0.018229166666666668 0.030555555555555555
0 0.5695362091064453 0.6987796425819397 0.019270833333333334 0.03148148148148148
3 0.5518566966056824 0.6729963421821594 0.018229166666666668 0.030555555555555555
3 0.5220794677734375 0.6978797912597656 0.01875 0.030555555555555555
3 0.502281129360199 0.6120618581771851 0.016666666666666666 0.026851851851851852
4 0.45167332887649536 0.6075848937034607 0.016666666666666666 0.027777777777777776
4 0.44064369797706604 0.5288236141204834 0.0140625 0.022222222222222223
4 0.5247986912727356 0.4964188039302826 0.0125 0.022222222222222223
3 0.6201464533805847 0.48628512024879456 0.013020833333333334 0.021296296296296296
3 0.6310595870018005 0.5298827290534973 0.014583333333333334 0.023148148148148147
4 0.6828216910362244 0.5841636061668396 0.016145833333333335 0.025
3 0.7342649698257446 0.5775322914123535 0.016145833333333335 0.024074074074074074
2 0.3059621751308441 0.8063462972640991 0.008333333333333333 0.012962962962962963
2 0.2273900955915451 0.7618815302848816 0.008333333333333333 0.012962962962962963
2 0.1583019196987152 0.720495879650116 0.008333333333333333 0.012962962962962963
2 0.1889355331659317 0.6234613060951233 0.004166666666666667 0.006481481481481481
2 0.26212552189826965 0.5878863334655762 0.004166666666666667 0.006481481481481481
2 0.3265981674194336 0.5572148561477661 0.004166666666666667 0.006481481481481481
2 0.43604138493537903 0.5043404698371887 0.0036458333333333334 0.005555555555555556
2 0.4830774664878845 0.48213449120521545 0.0036458333333333334 0.005555555555555556
2 0.5257508754730225 0.46126416325569153 0.0036458333333333334 0.005555555555555556
2 0.6452435851097107 0.4542846083641052 0.0046875 0.007407407407407408
2 0.7043398022651672 0.46858617663383484 0.0046875 0.007407407407407408
2 0.7685356140136719 0.48377472162246704 0.0046875 0.007407407407407408
2 0.8181841373443604 0.5384917855262756 0.005729166666666666 0.009259259259259259
2 0.7838734984397888 0.5682360529899597 0.005729166666666666 0.009259259259259259
2 0.7447236776351929 0.6015353202819824 0.005729166666666666 0.009259259259259259
2 0.651914656162262 0.680582582950592 0.007291666666666667 0.011111111111111112
2 0.593417227268219 0.7303324341773987 0.007291666666666667 0.011111111111111112
2 0.5254909992218018 0.7876453995704651 0.007291666666666667 0.011111111111111112
