4 0.642699122428894 0.7780764698982239 0.021875 0.037037037037037035
3 0.7325689196586609 0.656369686126709 0.01875 0.02962962962962963
4 0.6129761934280396 0.6672025918960571 0.018229166666666668 0.030555555555555555
0 0.4468028247356415 0.6820428371429443 0.019270833333333334 0.03148148148148148
3 0.46384015679359436 0.6558961272239685 0.018229166666666668 0.030555555555555555
3 0.4941272437572479 0.680742621421814 0.01875 0.030555555555555555
3 0.5119055509567261 0.5940126776695251 0.016666666666666666 0.026851851851851852
4 0.5622626543045044 0.5891467332839966 0.016666666666666666 0.027777777777777776
4 0.5715413689613342 0.5094544291496277 0.0140625 0.022222222222222223
4 0.4867407977581024 0.4770452380180359 0.0125 0.022222222222222223
3 0.39092084765434265 0.46721285581588745 0.013020833333333334 0.021296296296296296
3 0.3810628354549408 0.5115717649459839 0.014583333333333334 0.023148148148148147
4 0.330490380525589 0.5669698119163513 0.016145833333333335 0.025
3 0.2786005437374115 0.5605678558349609 0.016145833333333335 0.024074074074074074
2 0.7108732461929321 0.7876394391059875 0.008333333333333333 0.012962962962962963
2 0.7876046895980835 0.7424119710922241 0.008333333333333333 0.012962962962962963
2 0.8549747467041016 0.7003908753395081 0.008333333333333333 0.012962962962962963
2 0.823147177696228 0.6033324599266052 0.004166666666666667 0.006481481481481481
2 0.7501428723335266 0.5680350661277771 0.004166666666666667 0.006481481481481481
2 0.6856227517127991 0.5375059247016907 0.004166666666666667 0.006481481481481481
2 0.57560133934021 0.48463547229766846 0.0036458333333333334 0.005555555555555556
2 0.5281407237052917 0.46234866976737976 0.0036458333333333334 0.005555555555555556
2 0.4849679172039032 0.44134750962257385 0.0036458333333333334 0.005555555555555556
2 0.3648930490016937 0.43475911021232605 0.0046875 0.007407407407407408
2 0.30579474568367004 0.4495863616466522 0.0046875 0.007407407407407408
2 0.24149002134799957 0.4653635025024414 0.0046875 0.007407407407407408
2 0.19292394816875458 0.5213732123374939 0.005729166666666666 0.009259259259259259
2 0.2283838540315628 0.5514329075813293 0.005729166666666666 0.009259259259259259
2 0.26873111724853516 0.5850008726119995 0.005729166666666666 0.009259259259259259
2 0.3639775812625885 0.6643502116203308 0.007291666666666667 0.011111111111111112
2 0.4237190783023834 0.714047908782959 0.007291666666666667 0.011111111111111112
2 0.49279966950416565 0.7710657119750977 0.007291666666666667 0.011111111111111112
