4 0.1760566681623459 0.7584660649299622 0.016145833333333335 0.026851851851851852
4 0.1979181319475174 0.6495917439460754 0.016145833333333335 0.026851851851851852
3 0.22326526045799255 0.48760154843330383 0.015625 0.026851851851851852
4 0.24288146197795868 0.40506112575531006 0.015625 0.025925925925925925
3 0.3077012300491333 0.2937960624694824 0.014583333333333334 0.025925925925925925
3 0.536109209060669 0.37921303510665894 0.015104166666666667 0.026851851851851852
3 0.7863998413085938 0.6717088222503662 0.016145833333333335 0.027777777777777776
0 0.7582485675811768 0.5985106229782104 0.015625 0.025925925925925925
1 0.7487155199050903 0.41373109817504883 0.016145833333333335 0.027777777777777776
3 0.7718870639801025 0.3983314037322998 0.015625 0.025
4 0.8147228360176086 0.4032761752605438 0.015625 0.027777777777777776
2 0.8474531173706055 0.6539133191108704 0.007291666666666667 0.012962962962962963
2 0.8490437269210815 0.5062543153762817 0.007291666666666667 0.012962962962962963
2 0.8501158952713013 0.3579060137271881 0.007291666666666667 0.012962962962962963
2 0.7424172759056091 0.1689213663339615 0.007291666666666667 0.012962962962962963
2 0.6582576632499695 0.16906948387622833 0.007291666666666667 0.012962962962962963
2 0.5739669799804688 0.16922061145305634 0.007291666666666667 0.012962962962962963
2 0.40729376673698425 0.1699623316526413 0.007291666666666667 0.012962962962962963
2 0.32438912987709045 0.1710006594657898 0.007291666666666667 0.012962962962962963
2 0.2416059523820877 0.1720360815525055 0.007291666666666667 0.012962962962962963
2 0.1357099562883377 0.35844650864601135 0.007291666666666667 0.012962962962962963
2 0.13462097942829132 0.5052769184112549 0.007291666666666667 0.012962962962962963
2 0.13405665755271912 0.6496575474739075 0.007291666666666667 0.012962962962962963
2 0.23792241513729095 0.836065411567688 0.007291666666666667 0.012962962962962963
2 0.3197040557861328 0.837867259979248 0.007291666666666667 0.012962962962962963
2 0.4028800427913666 0.8387883305549622 0.007291666666666667 0.012962962962962963
2 0.5685665011405945 0.8410753011703491 0.007291666666666667 0.012962962962962963
2 0.6534066796302795 0.8402029871940613 0.007291666666666667 0.012962962962962963
2 0.7373192310333252 0.842491865158081 0.007291666666666667 0.012962962962962963
3 0.38886794447898865 0.4871261715888977 0.018098958333333335 0.03125
