4 0.17408275604248047 0.7656161189079285 0.016145833333333335 0.026851851851851852
4 0.1959630399942398 0.6575656533241272 0.016145833333333335 0.026851851851851852
3 0.22145596146583557 0.4975263774394989 0.015625 0.026851851851851852
4 0.24089527130126953 0.41601842641830444 0.015625 0.025925925925925925
3 0.3042030334472656 0.30512091517448425 0.014583333333333334 0.025925925925925925
3 0.5262138843536377 0.3814251124858856 0.015104166666666667 0.026851851851851852
3 0.7725368738174438 0.6632513999938965 0.016145833333333335 0.027777777777777776
0 0.7445310950279236 0.5912919044494629 0.015625 0.025925925925925925
1 0.7347112894058228 0.4086848497390747 0.016145833333333335 0.027777777777777776
3 0.7574833035469055 0.3927527070045471 0.015625 0.025
4 0.7997032403945923 0.3962736427783966 0.015625 0.027777777777777776
2 0.8329169750213623 0.6438391208648682 0.007291666666666667 0.012962962962962963
2 0.8339434266090393 0.4971027076244354 0.007291666666666667 0.012962962962962963
2 0.8344514966011047 0.3503442704677582 0.007291666666666667 0.012962962962962963
2 0.7279955744743347 0.16816338896751404 0.007291666666666667 0.012962962962962963
2 0.6456020474433899 0.17126557230949402 0.007291666666666667 0.012962962962962963
2 0.5632972717285156 0.17436710000038147 0.007291666666666667 0.012962962962962963
2 0.401185542345047 0.18090777099132538 0.007291666666666667 0.012962962962962963
2 0.3208593428134918 0.18480025231838226 0.007291666666666667 0.012962962962962963
2 0.24085502326488495 0.18867580592632294 0.007291666666666667 0.012962962962962963
2 0.13758359849452972 0.3738141655921936 0.007291666666666667 0.012962962962962963
2 0.1355530470609665 0.5175008773803711 0.007291666666666667 0.012962962962962963
2 0.13403835892677307 0.659383237361908 0.007291666666666667 0.012962962962962963
2 0.2338375747203827 0.8408873677253723 0.007291666666666667 0.012962962962962963
2 0.31363239884376526 0.8406550884246826 0.007291666666666667 0.012962962962962963
2 0.39500555396080017 0.8395117521286011 0.007291666666666667 0.012962962962962963
2 0.5577444434165955 0.8376760482788086 0.007291666666666667 0.012962962962962963
2 0.6414080858230591 0.8346924185752869 0.007291666666666667 0.012962962962962963
2 0.7243825197219849 0.834883987903595 0.007291666666666667 0.012962962962962963
3 0.382356196641922 0.4920910894870758 0.018098958333333335 0.03125
