4 0.19248205423355103 0.738143265247345 0.016145833333333335 0.026851851851851852
4 0.2120915800333023 0.6355432868003845 0.016145833333333335 0.026851851851851852
3 0.23412539064884186 0.4828290045261383 0.015625 0.026851851851851852
4 0.25203922390937805 0.4049592614173889 0.015625 0.025925925925925925
3 0.3144460618495941 0.2999022901058197 0.014583333333333334 0.025925925925925925
3 0.5433230996131897 0.38001278042793274 0.015104166666666667 0.026851851851851852
3 0.7967918515205383 0.6541773080825806 0.016145833333333335 0.027777777777777776
0 0.7676171064376831 0.5855858325958252 0.015625 0.025925925925925925
1 0.7548225522041321 0.41204842925071716 0.016145833333333335 0.027777777777777776
3 0.7774879336357117 0.397526353597641 0.015625 0.025
4 0.819976806640625 0.402084618806839 0.015625 0.027777777777777776
2 0.8568331003189087 0.6372620463371277 0.007291666666666667 0.012962962962962963
2 0.8557700514793396 0.4987122118473053 0.007291666666666667 0.012962962962962963
2 0.8541808724403381 0.3593876361846924 0.007291666666666667 0.012962962962962963
2 0.7441222071647644 0.1817794293165207 0.007291666666666667 0.012962962962962963
2 0.6606568098068237 0.18197286128997803 0.007291666666666667 0.012962962962962963
2 0.5769697427749634 0.18216940760612488 0.007291666666666667 0.012962962962962963
2 0.41122695803642273 0.1829765886068344 0.007291666666666667 0.012962962962962963
2 0.32866400480270386 0.1840105950832367 0.007291666666666667 0.012962962962962963
2 0.24613304436206818 0.18504293262958527 0.007291666666666667 0.012962962962962963
2 0.1441771239042282 0.36118772625923157 0.007291666666666667 0.012962962962962963
2 0.14605967700481415 0.49973127245903015 0.007291666666666667 0.012962962962962963
2 0.14841441810131073 0.6358358860015869 0.007291666666666667 0.012962962962962963
2 0.2556542158126831 0.8108764290809631 0.007291666666666667 0.012962962962962963
2 0.33706581592559814 0.8121817111968994 0.007291666666666667 0.012962962962962963
2 0.41975778341293335 0.8126515746116638 0.007291666666666667 0.012962962962962963
2 0.5842198133468628 0.8140102028846741 0.007291666666666667 0.012962962962962963
2 0.6682568788528442 0.8127883076667786 0.007291666666666667 0.012962962962962963
2 0.7513415217399597 0.8145354390144348 0.007291666666666667 0.012962962962962963
3 0.3990311920642853 0.4819493591785431 0.018098958333333335 0.03125
