2 0.6365551352500916 0.7227674722671509 0.00744047619047619 0.007142857142857143
2 0.7084555625915527 0.6415181159973145 0.007160714285714285 0.0063999999999999994
2 0.7718532085418701 0.5699753165245056 0.006511904761904761 0.005804761904761905
2 0.8782361745834351 0.44914624094963074 0.006044642857142857 0.005357142857142857
2 0.9235594868659973 0.39805448055267334 0.006044642857142857 0.005657142857142857
2 0.9646704792976379 0.3515831530094147 0.005767857142857142 0.004761904761904762
2 0.8804937601089478 0.264875590801239 0.005023809523809523 0.0035714285714285713
2 0.7833778262138367 0.24025139212608337 0.004836309523809524 0.004166666666666667
2 0.6902912855148315 0.21675142645835876 0.004556547619047619 0.003276190476190476
2 0.5108787417411804 0.2297086864709854 0.005116071428571429 0.004166666666666667
2 0.45409470796585083 0.2653443217277527 0.004744047619047619 0.0038714285714285717
2 0.3917000889778137 0.30449941754341125 0.005300595238095238 0.004019047619047619
2 0.24807840585708618 0.3949139714241028 0.005952380952380952 0.004166666666666667
2 0.1642940640449524 0.4475488066673279 0.006044642857142857 0.004466666666666667
2 0.07045891135931015 0.5065284371376038 0.006604166666666667 0.004761904761904762
2 0.08193925768136978 0.6555805206298828 0.007160714285714285 0.006695238095238095
2 0.2075938582420349 0.70882248878479 0.007532738095238095 0.007142857142857143
2 0.34206506609916687 0.7660567760467529 0.00762797619047619 0.006995238095238095
4 0.6473663449287415 0.6217944622039795 0.026997023809523808 0.044219047619047616
4 0.6422450542449951 0.44001609086990356 0.02338392857142857 0.03911428571428571
4 0.7162435054779053 0.3816741704940796 0.02189583333333333 0.03605238095238095
4 0.49906882643699646 0.3359171152114868 0.020622023809523812 0.0346952380952381
4 0.42041656374931335 0.6255008578300476 0.0280625 0.0449
4 0.30527809262275696 0.6991888284683228 0.030398809523809522 0.04523809523809524
4 0.17702774703502655 0.598883330821991 0.027422619047619046 0.04523809523809524
3 0.2204766422510147 0.5598140358924866 0.026574404761904764 0.04251904761904762
3 0.4107009470462799 0.7415221333503723 0.030187500000000003 0.04693809523809524
3 0.7369958758354187 0.49458596110343933 0.025086309523809525 0.04081428571428571
1 0.5085409879684448 0.3906729519367218 0.022532738095238092 0.03673333333333333
0 0.3803723156452179 0.5706920623779297 0.025723214285714287 0.04387619047619048
