2 0.3644348084926605 0.7364412546157837 0.00744047619047619 0.007142857142857143
2 0.29225802421569824 0.6556766033172607 0.007160714285714285 0.0063999999999999994
2 0.22857408225536346 0.5845136642456055 0.006511904761904761 0.005804761904761905
2 0.12162157148122787 0.4642210900783539 0.006044642857142857 0.005357142857142857
2 0.07602109014987946 0.4133198857307434 0.006044642857142857 0.005657142857142857
2 0.03464126214385033 0.3670015037059784 0.005767857142857142 0.004761904761904762
2 0.11960989981889725 0.2803952395915985 0.005023809523809523 0.0035714285714285713
2 0.21702095866203308 0.255867600440979 0.004836309523809524 0.004166666666666667
2 0.30996793508529663 0.23256555199623108 0.004556547619047619 0.003276190476190476
2 0.48816514015197754 0.24537484347820282 0.005116071428571429 0.004166666666666667
2 0.5444453954696655 0.280507355928421 0.004744047619047619 0.0038714285714285717
2 0.606200098991394 0.3190557360649109 0.005300595238095238 0.004019047619047619
2 0.7480083703994751 0.4078558683395386 0.005952380952380952 0.004166666666666667
2 0.8305146098136902 0.4594131410121918 0.006044642857142857 0.004466666666666667
2 0.922727108001709 0.5170658826828003 0.006604166666666667 0.004761904761904762
2 0.9129137396812439 0.6643258929252625 0.007160714285714285 0.006695238095238095
2 0.7901102900505066 0.7182646989822388 0.007532738095238095 0.007142857142857143
2 0.6577985286712646 0.7766364812850952 0.00762797619047619 0.006995238095238095
4 0.3534270226955414 0.6354261636734009 0.026997023809523808 0.044219047619047616
4 0.3582136929035187 0.4540558159351349 0.02338392857142857 0.03911428571428571
4 0.28422749042510986 0.39628472924232483 0.02189583333333333 0.03605238095238095
4 0.5002482533454895 0.35029762983322144 0.020622023809523812 0.0346952380952381
4 0.5794286727905273 0.6372902393341064 0.0280625 0.0449
4 0.6937587261199951 0.7096249461174011 0.030398809523809522 0.04523809523809524
4 0.8192713260650635 0.6089734435081482 0.027422619047619046 0.04523809523809524
3 0.7763124108314514 0.5706086158752441 0.026574404761904764 0.04251904761904762
3 0.5896364450454712 0.7528800964355469 0.030187500000000003 0.04693809523809524
3 0.26353058218955994 0.5089159607887268 0.025086309523809525 0.04081428571428571
1 0.49106401205062866 0.40454161167144775 0.022532738095238092 0.03673333333333333
0 0.6187925934791565 0.5824856758117676 0.025723214285714287 0.04387619047619048
