4 0.5933948159217834 0.3194519877433777 0.016607142857142855 0.026814285714285714
1 0.5278739929199219 0.3965166211128235 0.016910714285714286 0.027538095238095237
4 0.6199436783790588 0.5737857818603516 0.016607142857142855 0.028504761904761904
4 0.5203490257263184 0.5653836131095886 0.01585416666666667 0.02560952380952381
3 0.4919118881225586 0.6961994767189026 0.016458333333333332 0.02560952380952381
4 0.33988842368125916 0.7243996262550354 0.016607142857142855 0.02560952380952381
3 0.1803886741399765 0.6450361609458923 0.016154761904761904 0.02536666666666667
4 0.26796600222587585 0.561030924320221 0.016607142857142855 0.025123809523809524
4 0.1794409602880478 0.5413665175437927 0.01811904761904762 0.026333333333333334
0 0.30102983117103577 0.48114901781082153 0.01675892857142857 0.027299999999999998
3 0.2592984735965729 0.35222330689430237 0.016154761904761904 0.027299999999999998
4 0.21546034514904022 0.3598558008670807 0.01600595238095238 0.02560952380952381
2 0.8530712127685547 0.35161256790161133 0.004526785714285715 0.007995238095238095
2 0.8545495867729187 0.4822027385234833 0.004148809523809523 0.006338095238095238
2 0.8558093309402466 0.613707959651947 0.004622023809523809 0.006638095238095238
2 0.7521587610244751 0.7834525108337402 0.004714285714285714 0.006338095238095238
2 0.668511688709259 0.7853593230247498 0.0048095238095238095 0.007242857142857143
2 0.5847957730293274 0.7869775891304016 0.004339285714285714 0.007242857142857143
2 0.4167112410068512 0.7904351353645325 0.003961309523809524 0.0067904761904761905
2 0.3318747282028198 0.7922929525375366 0.004244047619047619 0.007847619047619048
2 0.24706508219242096 0.7938569188117981 0.004714285714285714 0.0070904761904761904
2 0.13798914849758148 0.6250110864639282 0.004148809523809523 0.007242857142857143
2 0.137899711728096 0.4917740821838379 0.004997023809523809 0.007847619047619048
2 0.1382771134376526 0.3588676452636719 0.004526785714285715 0.0067904761904761905
2 0.2461954802274704 0.18959417939186096 0.004148809523809523 0.007847619047619048
2 0.33029377460479736 0.18876060843467712 0.004148809523809523 0.007542857142857143
2 0.4140971601009369 0.18771550059318542 0.004622023809523809 0.0070904761904761904
2 0.5801505446434021 0.18693937361240387 0.004431547619047619 0.0067904761904761905
2 0.662907600402832 0.18654833734035492 0.004997023809523809 0.007395238095238095
2 0.7456918358802795 0.18565648794174194 0.004431547619047619 0.006338095238095238
