4 0.5927355289459229 0.31827157735824585 0.016607142857142855 0.026814285714285714
1 0.5261029601097107 0.39506590366363525 0.016910714285714286 0.027538095238095237
4 0.6170608401298523 0.5757958889007568 0.016607142857142855 0.028504761904761904
4 0.5170409083366394 0.5652309060096741 0.01585416666666667 0.02560952380952381
3 0.48739245533943176 0.6962255835533142 0.016458333333333332 0.02560952380952381
4 0.3354129493236542 0.720939040184021 0.016607142857142855 0.02560952380952381
3 0.17767581343650818 0.6378521919250488 0.016154761904761904 0.02536666666666667
4 0.2651016116142273 0.555617094039917 0.016607142857142855 0.025123809523809524
4 0.17741873860359192 0.5341094732284546 0.01811904761904762 0.026333333333333334
0 0.2985658049583435 0.47611692547798157 0.01675892857142857 0.027299999999999998
3 0.25797751545906067 0.3458297550678253 0.016154761904761904 0.027299999999999998
4 0.21435590088367462 0.3527657687664032 0.01600595238095238 0.02560952380952381
2 0.8553500771522522 0.355213463306427 0.004526785714285715 0.007995238095238095
2 0.8553853631019592 0.48788952827453613 0.004148809523809523 0.006338095238095238
2 0.8551881313323975 0.6212615370750427 0.004622023809523809 0.006638095238095238
2 0.7483302354812622 0.7904098629951477 0.004714285714285714 0.006338095238095238
2 0.6639152765274048 0.7902200222015381 0.0048095238095238095 0.007242857142857143
2 0.5797052383422852 0.7897388935089111 0.004339285714285714 0.007242857142857143
2 0.4114414155483246 0.788986325263977 0.003961309523809524 0.0067904761904761905
2 0.32692399621009827 0.7887212038040161 0.004244047619047619 0.007847619047619048
2 0.24270892143249512 0.788163959980011 0.004714285714285714 0.0070904761904761904
2 0.13587021827697754 0.6169062852859497 0.004148809523809523 0.007242857142857143
2 0.13662022352218628 0.4836425483226776 0.004997023809523809 0.007847619047619048
2 0.1378317028284073 0.35048189759254456 0.004526785714285715 0.0067904761904761905
2 0.24609345197677612 0.181993305683136 0.004148809523809523 0.007847619047619048
2 0.32993775606155396 0.18229441344738007 0.004148809523809523 0.007542857142857143
2 0.4137582778930664 0.18237872421741486 0.004622023809523809 0.0070904761904761904
2 0.5806312561035156 0.1838589608669281 0.004431547619047619 0.0067904761904761905
2 0.6641939878463745 0.18459588289260864 0.004997023809523809 0.007395238095238095
2 0.7480558156967163 0.1848262995481491 0.004431547619047619 0.006338095238095238
