3 0.23196570575237274 0.602777898311615 0.016666666666666666 0.025925925925925925
4 0.44287142157554626 0.5281848311424255 0.0140625 0.023148148148148147
4 0.6073371767997742 0.5760791897773743 0.015625 0.025
1 0.57564777135849 0.5367948412895203 0.0140625 0.024074074074074074
3 0.5727643370628357 0.441378653049469 0.011458333333333333 0.017592592592592594
0 0.6864891052246094 0.4771769642829895 0.0125 0.020370370370370372
2 0.35194122791290283 0.7544752359390259 0.0078125 0.012037037037037037
2 0.26789867877960205 0.7166162729263306 0.0078125 0.012037037037037037
2 0.19343821704387665 0.6832727789878845 0.0078125 0.012037037037037037
2 0.2027924805879593 0.5870053768157959 0.005729166666666666 0.009259259259259259
2 0.2648579776287079 0.5496183037757874 0.005729166666666666 0.009259259259259259
2 0.3190769851207733 0.5177286267280579 0.005729166666666666 0.009259259259259259
2 0.5485944151878357 0.7178028225898743 0.0078125 0.012037037037037037
2 0.5960569977760315 0.6599770188331604 0.0078125 0.012037037037037037
2 0.6359507441520691 0.6108638644218445 0.0078125 0.012037037037037037
2 0.698550283908844 0.5341199636459351 0.0078125 0.012037037037037037
2 0.7238696217536926 0.502825915813446 0.005208333333333333 0.008333333333333333
2 0.746589720249176 0.4751776158809662 0.005208333333333333 0.008333333333333333
2 0.6935105919837952 0.42881134152412415 0.005208333333333333 0.008333333333333333
2 0.6362751722335815 0.41814669966697693 0.005208333333333333 0.008333333333333333
2 0.5821272134780884 0.4079230725765228 0.005208333333333333 0.008333333333333333
2 0.4079650342464447 0.4626864492893219 0.0046875 0.007407407407407408
2 0.44575944542884827 0.43951043486595154 0.0046875 0.007407407407407408
2 0.4799061417579651 0.41952258348464966 0.0046875 0.007407407407407408
