3 0.6319398283958435 0.6071405410766602 0.019791666666666666 0.03148148148148148
0 0.5365390777587891 0.6344403028488159 0.0203125 0.032407407407407406
3 0.4838656783103943 0.564737856388092 0.018229166666666668 0.02962962962962963
4 0.41871535778045654 0.6568036675453186 0.020833333333333332 0.03425925925925926
4 0.4208666980266571 0.7233347296714783 0.022916666666666665 0.037037037037037035
4 0.211436465382576 0.7358752489089966 0.0234375 0.03888888888888889
3 0.28393661975860596 0.566733181476593 0.018229166666666668 0.02962962962962963
1 0.36392638087272644 0.5813711285591125 0.01875 0.030555555555555555
4 0.3654363751411438 0.49502965807914734 0.016145833333333335 0.025925925925925925
3 0.38404783606529236 0.4810234308242798 0.015625 0.025
4 0.49260836839675903 0.5037946701049805 0.016145833333333335 0.027777777777777776
3 0.5219751000404358 0.5050632953643799 0.016145833333333335 0.026851851851851852
3 0.5466031432151794 0.5158489346504211 0.0171875 0.027777777777777776
4 0.5460717082023621 0.4870816171169281 0.016145833333333335 0.025925925925925925
3 0.668113648891449 0.45889127254486084 0.015104166666666667 0.025
4 0.6892513036727905 0.4702010154724121 0.016145833333333335 0.025
2 0.3166103959083557 0.8314874768257141 0.00625 0.010185185185185186
2 0.20595671236515045 0.7893625497817993 0.00625 0.010185185185185186
2 0.10682671517133713 0.7534647583961487 0.00625 0.010185185185185186
2 0.10593509674072266 0.6354076266288757 0.007291666666666667 0.012037037037037037
2 0.1800379455089569 0.5852184295654297 0.007291666666666667 0.012037037037037037
2 0.24481602013111115 0.5421516299247742 0.007291666666666667 0.012037037037037037
2 0.5584723353385925 0.7750946879386902 0.010416666666666666 0.016666666666666666
2 0.6119903326034546 0.7028595209121704 0.010416666666666666 0.016666666666666666
2 0.6556843519210815 0.6422756910324097 0.0078125 0.012037037037037037
2 0.7258479595184326 0.5458324551582336 0.0078125 0.012037037037037037
2 0.7547337412834167 0.5058248043060303 0.0078125 0.012037037037037037
2 0.780120313167572 0.471358060836792 0.0046875 0.007407407407407408
2 0.7085297703742981 0.4167551100254059 0.0046875 0.007407407407407408
2 0.6348716616630554 0.40587836503982544 0.0046875 0.007407407407407408
2 0.5667231678962708 0.3940644860267639 0.0046875 0.007407407407407408
2 0.3516027331352234 0.47081273794174194 0.0046875 0.007407407407407408
2 0.39671561121940613 0.44045406579971313 0.0046875 0.007407407407407408
2 0.4374122619628906 0.41265949606895447 0.0046875 0.007407407407407408
