4 0.2882179915904999 0.6835036873817444 0.019270833333333334 0.032407407407407406
4 0.45629093050956726 0.6839697360992432 0.019270833333333334 0.03148148148148148
4 0.45708122849464417 0.6250626444816589 0.017708333333333333 0.02962962962962963
3 0.4972737431526184 0.5563443303108215 0.015104166666666667 0.025925925925925925
4 0.4197797179222107 0.48260819911956787 0.013541666666666667 0.022222222222222223
3 0.4352726638317108 0.4712274670600891 0.013020833333333334 0.021296296296296296
3 0.47995525598526 0.48693475127220154 0.013541666666666667 0.022222222222222223
4 0.5232938528060913 0.49449825286865234 0.014583333333333334 0.023148148148148147
3 0.5683437585830688 0.5060861706733704 0.0140625 0.023148148148148147
0 0.5553962588310242 0.6106910705566406 0.0171875 0.027777777777777776
3 0.6374490261077881 0.5906192660331726 0.016666666666666666 0.027777777777777776
3 0.5475025177001953 0.49609848856925964 0.0140625 0.022222222222222223
4 0.5686607956886292 0.4810241162776947 0.013541666666666667 0.021296296296296296
4 0.6910466551780701 0.4707410931587219 0.0140625 0.022222222222222223
3 0.6725000739097595 0.4598158001899719 0.013541666666666667 0.021296296296296296
1 0.6521715521812439 0.44321492314338684 0.011979166666666667 0.021296296296296296
2 0.3667655289173126 0.7708157896995544 0.0078125 0.012037037037037037
2 0.2811002731323242 0.7297838926315308 0.0046875 0.007407407407407408
2 0.20616881549358368 0.6922928094863892 0.005208333333333333 0.008333333333333333
2 0.21097514033317566 0.5921555757522583 0.005729166666666666 0.009259259259259259
2 0.2703440487384796 0.5537903308868408 0.005729166666666666 0.009259259259259259
2 0.3225562274456024 0.5193779468536377 0.005729166666666666 0.009259259259259259
2 0.5693374872207642 0.7381386756896973 0.005729166666666666 0.009259259259259259
2 0.6160864233970642 0.6762107014656067 0.005729166666666666 0.009259259259259259
2 0.656680703163147 0.6228801012039185 0.005729166666666666 0.009259259259259259
2 0.7203539609909058 0.5388510227203369 0.0046875 0.007407407407407408
2 0.7469356656074524 0.5042645335197449 0.0046875 0.007407407407407408
2 0.770491898059845 0.47408464550971985 0.0046875 0.007407407407407408
2 0.7089299559593201 0.4230240285396576 0.0036458333333333334 0.006481481481481481
2 0.6459224820137024 0.41197046637535095 0.0036458333333333334 0.006481481481481481
2 0.5880737900733948 0.4009965658187866 0.0036458333333333334 0.006481481481481481
2 0.4096645414829254 0.46152588725090027 0.004166666666666667 0.007407407407407408
2 0.44726815819740295 0.43734949827194214 0.004166666666666667 0.007407407407407408
2 0.4811300039291382 0.41481781005859375 0.004166666666666667 0.007407407407407408
