4 0.29208633303642273 0.698603630065918 0.019270833333333334 0.032407407407407406
4 0.4650980532169342 0.7016105651855469 0.019270833333333334 0.03148148148148148
4 0.4656091630458832 0.6441816091537476 0.017708333333333333 0.02962962962962963
3 0.5064175724983215 0.5776564478874207 0.015104166666666667 0.025925925925925925
4 0.42640748620033264 0.5030395984649658 0.013541666666666667 0.022222222222222223
3 0.4423392713069916 0.49214714765548706 0.013020833333333334 0.021296296296296296
3 0.4884282946586609 0.5088635683059692 0.013541666666666667 0.022222222222222223
4 0.5328453183174133 0.5174189805984497 0.014583333333333334 0.023148148148148147
3 0.5787686705589294 0.529925525188446 0.0140625 0.023148148148148147
0 0.565650999546051 0.6319652795791626 0.0171875 0.027777777777777776
3 0.6484827399253845 0.6140105128288269 0.016666666666666666 0.027777777777777776
3 0.5575525164604187 0.5195950269699097 0.0140625 0.022222222222222223
4 0.5790938138961792 0.5052843689918518 0.013541666666666667 0.021296296296296296
4 0.7028911709785461 0.49831414222717285 0.0140625 0.022222222222222223
3 0.6842861175537109 0.4871252477169037 0.013541666666666667 0.021296296296296296
1 0.6638489365577698 0.4702746868133545 0.011979166666666667 0.021296296296296296
2 0.37412509322166443 0.7847925424575806 0.0078125 0.012037037037037037
2 0.28530585765838623 0.7438348531723022 0.0046875 0.007407407407407408
2 0.20665104687213898 0.706000566482544 0.005208333333333333 0.008333333333333333
2 0.21000449359416962 0.6070159077644348 0.005729166666666666 0.009259259259259259
2 0.27170249819755554 0.5701505541801453 0.005729166666666666 0.009259259259259259
2 0.3258117139339447 0.5371467471122742 0.005729166666666666 0.009259259259259259
2 0.5797457098960876 0.7555404305458069 0.005729166666666666 0.009259259259259259
2 0.6267901062965393 0.6965081691741943 0.005729166666666666 0.009259259259259259
2 0.6676648259162903 0.6456453800201416 0.005729166666666666 0.009259259259259259
2 0.731825590133667 0.5654422044754028 0.0046875 0.007407407407407408
2 0.7586235404014587 0.5324185490608215 0.0046875 0.007407407407407408
2 0.7823745012283325 0.5036026835441589 0.0046875 0.007407407407407408
2 0.721157968044281 0.4519977867603302 0.0036458333333333334 0.006481481481481481
2 0.6576471924781799 0.4393197298049927 0.0036458333333333334 0.006481481481481481
2 0.5989086031913757 0.4267764389514923 0.0036458333333333334 0.006481481481481481
2 0.41579124331474304 0.48182412981987 0.004166666666666667 0.007407407407407408
2 0.45452824234962463 0.45880380272865295 0.004166666666666667 0.007407407407407408
2 0.48934829235076904 0.4373519718647003 0.004166666666666667 0.007407407407407408
