4 0.7004218697547913 0.694700300693512 0.019270833333333334 0.032407407407407406
4 0.5235268473625183 0.6915948987007141 0.019270833333333334 0.03148148148148148
4 0.5224056243896484 0.6322721838951111 0.017708333333333333 0.02962962962962963
3 0.48042675852775574 0.5624573826789856 0.015104166666666667 0.025925925925925925
4 0.5606775283813477 0.4879845976829529 0.013541666666666667 0.022222222222222223
3 0.5443903803825378 0.4763476848602295 0.013020833333333334 0.021296296296296296
3 0.49791109561920166 0.4922858476638794 0.013541666666666667 0.022222222222222223
4 0.4531964957714081 0.49984797835350037 0.014583333333333334 0.023148148148148147
3 0.40716180205345154 0.5113861560821533 0.0140625 0.023148148148148147
0 0.42124783992767334 0.6164106130599976 0.0171875 0.027777777777777776
3 0.3380976617336273 0.5953611135482788 0.016666666666666666 0.027777777777777776
3 0.4283677637577057 0.5013972520828247 0.0140625 0.022222222222222223
4 0.40661850571632385 0.4861622452735901 0.013541666666666667 0.021296296296296296
4 0.28307974338531494 0.4757573902606964 0.0140625 0.022222222222222223
3 0.3014731705188751 0.46485668420791626 0.013541666666666667 0.021296296296296296
1 0.3216696083545685 0.4482232928276062 0.011979166666666667 0.021296296296296296
2 0.6172245740890503 0.7812671661376953 0.0078125 0.012037037037037037
2 0.7080045342445374 0.7420800924301147 0.0046875 0.007407407407407408
2 0.7888610363006592 0.705532431602478 0.005208333333333333 0.008333333333333333
2 0.7839677929878235 0.6021115779876709 0.005729166666666666 0.009259259259259259
2 0.7197249531745911 0.5618270039558411 0.005729166666666666 0.009259259259259259
2 0.6637066602706909 0.5260087251663208 0.005729166666666666 0.009259259259259259
2 0.40817591547966003 0.7430188059806824 0.005729166666666666 0.009259259259259259
2 0.36044976115226746 0.6806119084358215 0.005729166666666666 0.009259259259259259
2 0.31920167803764343 0.6271087527275085 0.005729166666666666 0.009259259259259259
2 0.2548520267009735 0.5432729125022888 0.0046875 0.007407407407407408
2 0.2281217873096466 0.5089268684387207 0.0046875 0.007407407407407408
2 0.20450355112552643 0.4790351688861847 0.0046875 0.007407407407407408
2 0.26465243101119995 0.4282204210758209 0.0036458333333333334 0.006481481481481481
2 0.3276044428348541 0.41686350107192993 0.0036458333333333334 0.006481481481481481
2 0.38609760999679565 0.4054756164550781 0.0036458333333333334 0.006481481481481481
2 0.5712276697158813 0.46642783284187317 0.004166666666666667 0.007407407407407408
2 0.5316826701164246 0.4417630136013031 0.004166666666666667 0.007407407407407408
2 0.4962601065635681 0.41889601945877075 0.004166666666666667 0.007407407407407408
