3 0.4733574688434601 0.6927925944328308 0.020833333333333332 0.03518518518518519
3 0.5252634286880493 0.5971531867980957 0.017708333333333333 0.028703703703703703
3 0.5360727906227112 0.6231051683425903 0.018229166666666668 0.030555555555555555
0 0.6224796772003174 0.678289532661438 0.020833333333333332 0.03333333333333333
3 0.6768266558647156 0.6920216679573059 0.020833333333333332 0.03333333333333333
4 0.6530150175094604 0.5414676070213318 0.016145833333333335 0.026851851851851852
4 0.5862299203872681 0.5465641021728516 0.016145833333333335 0.026851851851851852
1 0.5150834321975708 0.46529528498649597 0.0140625 0.023148148148148147
4 0.48588913679122925 0.44902077317237854 0.013541666666666667 0.023148148148148147
4 0.44038698077201843 0.4500453472137451 0.013541666666666667 0.023148148148148147
3 0.42609384655952454 0.4664124548435211 0.0140625 0.024074074074074074
4 0.32966741919517517 0.5119646191596985 0.015625 0.025
2 0.7046269178390503 0.85816890001297 0.00625 0.009259259259259259
2 0.8086211681365967 0.8093891143798828 0.00625 0.009259259259259259
2 0.9019684195518494 0.7687522768974304 0.00625 0.009259259259259259
2 0.8879560828208923 0.6481987833976746 0.00625 0.009259259259259259
2 0.8099015951156616 0.5997288227081299 0.0046875 0.007407407407407408
2 0.7416315674781799 0.5591426491737366 0.0046875 0.007407407407407408
2 0.6295062899589539 0.49096131324768066 0.0046875 0.007407407407407408
2 0.4573283791542053 0.8108767867088318 0.005729166666666666 0.009259259259259259
2 0.3978729248046875 0.7378177046775818 0.005729166666666666 0.009259259259259259
2 0.34879299998283386 0.6776962876319885 0.005729166666666666 0.009259259259259259
2 0.270804226398468 0.5814247131347656 0.0046875 0.007407407407407408
2 0.23902888596057892 0.5411124229431152 0.0046875 0.007407407407407408
2 0.21085016429424286 0.5076438784599304 0.0046875 0.007407407407407408
2 0.2759680449962616 0.44956186413764954 0.004166666666666667 0.006481481481481481
2 0.3462342917919159 0.4362431466579437 0.004166666666666667 0.006481481481481481
2 0.4125349819660187 0.42291396856307983 0.004166666666666667 0.006481481481481481
2 0.5824729204177856 0.4619540870189667 0.003125 0.004629629629629629
2 0.5406491160392761 0.436615914106369 0.004166666666666667 0.006481481481481481
