3 0.5783995389938354 0.5891278386116028 0.013020833333333334 0.012962962962962963
4 0.5905171632766724 0.592833936214447 0.011979166666666667 0.011111111111111112
4 0.5786990523338318 0.5971889495849609 0.013020833333333334 0.012962962962962963
3 0.6023839116096497 0.5978772640228271 0.0140625 0.012962962962962963
0 0.5910710692405701 0.6008957028388977 0.013020833333333334 0.011111111111111112
3 0.5789986848831177 0.6052534580230713 0.0125 0.012962962962962963
4 0.6147440671920776 0.6024754047393799 0.013020833333333334 0.012962962962962963
3 0.6034406423568726 0.6054951548576355 0.011979166666666667 0.012037037037037037
3 0.5918771624565125 0.6089631915092468 0.0125 0.012037037037037037
4 0.5800604224205017 0.614224910736084 0.013020833333333334 0.01574074074074074
3 0.627383291721344 0.6119937896728516 0.013020833333333334 0.023148148148148147
4 0.6158427000045776 0.6159104108810425 0.0140625 0.023148148148148147
3 0.6045390963554382 0.6193855404853821 0.0140625 0.023148148148148147
4 0.593224287033081 0.6228641271591187 0.013541666666666667 0.023148148148148147
4 0.5811439752578735 0.6267876625061035 0.014583333333333334 0.024074074074074074
1 0.42742428183555603 0.4812248945236206 0.011458333333333333 0.016666666666666666
2 0.6160869002342224 0.7245627045631409 0.00625 0.010185185185185186
2 0.6895712018013 0.6949148774147034 0.00625 0.010185185185185186
2 0.7556018233299255 0.6680935621261597 0.00625 0.010185185185185186
2 0.7569607496261597 0.5856581926345825 0.00625 0.010185185185185186
2 0.7082785367965698 0.5522104501724243 0.00625 0.010185185185185186
2 0.6660430431365967 0.5214601159095764 0.004166666666666667 0.007407407407407408
2 0.596544623374939 0.4720613956451416 0.004166666666666667 0.007407407407407408
2 0.5667887926101685 0.45162010192871094 0.004166666666666667 0.007407407407407408
2 0.5402867197990417 0.43343278765678406 0.004166666666666667 0.007407407407407408
2 0.456704318523407 0.42052170634269714 0.0020833333333333333 0.003703703703703704
2 0.45534154772758484 0.6842880249023438 0.00625 0.010185185185185186
2 0.42182478308677673 0.6339021921157837 0.00625 0.010185185185185186
2 0.3936910331249237 0.5912513732910156 0.00625 0.010185185185185186
2 0.34895357489585876 0.5232248902320862 0.00625 0.010185185185185186
2 0.3315763473510742 0.4973798990249634 0.00625 0.010185185185185186
2 0.3154805600643158 0.47290506958961487 0.004166666666666667 0.006481481481481481
2 0.36301156878471375 0.4355352520942688 0.004166666666666667 0.006481481481481481
2 0.4113408625125885 0.4273674786090851 0.004166666666666667 0.006481481481481481
