3 0.42380574345588684 0.5813491940498352 0.013020833333333334 0.012962962962962963
4 0.41145870089530945 0.5848764777183533 0.011979166666666667 0.011111111111111112
4 0.42351996898651123 0.5895304083824158 0.013020833333333334 0.012962962962962963
3 0.39936766028404236 0.5897683501243591 0.0140625 0.012962962962962963
0 0.4109150469303131 0.5930542349815369 0.013020833333333334 0.011111111111111112
3 0.42323410511016846 0.5977129936218262 0.0125 0.012962962962962963
4 0.3867686092853546 0.5941995978355408 0.013020833333333334 0.012962962962962963
3 0.3983111083507538 0.5974860191345215 0.011979166666666667 0.012037037037037037
3 0.4101142883300781 0.6012309789657593 0.0125 0.012037037037037037
4 0.4221738278865814 0.6067994832992554 0.013020833333333334 0.01574074074074074
3 0.37389686703681946 0.603625476360321 0.013020833333333334 0.023148148148148147
4 0.3856882154941559 0.6078252196311951 0.0140625 0.023148148148148147
3 0.39723026752471924 0.6115699410438538 0.0140625 0.023148148148148147
4 0.40877780318260193 0.6153164505958557 0.013541666666666667 0.023148148148148147
4 0.4211004972457886 0.6195269823074341 0.014583333333333334 0.024074074074074074
1 0.5773274302482605 0.474803626537323 0.011458333333333333 0.016666666666666666
2 0.3857702314853668 0.7179661989212036 0.00625 0.010185185185185186
2 0.3106945753097534 0.6866469383239746 0.00625 0.010185185185185186
2 0.24300308525562286 0.6582248210906982 0.00625 0.010185185185185186
2 0.24116243422031403 0.5742989182472229 0.00625 0.010185185185185186
2 0.2909158170223236 0.5411847829818726 0.00625 0.010185185185185186
2 0.3340485394001007 0.5107068419456482 0.004166666666666667 0.007407407407407408
2 0.40498077869415283 0.4618126451969147 0.004166666666666667 0.007407407407407408
2 0.43533387780189514 0.4416142702102661 0.004166666666666667 0.007407407407407408
2 0.46235814690589905 0.42365023493766785 0.004166666666666667 0.007407407407407408
2 0.5475438237190247 0.41236889362335205 0.0020833333333333333 0.003703703703703704
2 0.5490259528160095 0.6800534129142761 0.00625 0.010185185185185186
2 0.5829848051071167 0.6297309994697571 0.00625 0.010185185185185186
2 0.6115022301673889 0.5871109366416931 0.00625 0.010185185185185186
2 0.6568736433982849 0.5190948843955994 0.00625 0.010185185185185186
2 0.6745041012763977 0.49325037002563477 0.00625 0.010185185185185186
2 0.6908391118049622 0.4687625765800476 0.004166666666666667 0.006481481481481481
2 0.6427417993545532 0.4297574758529663 0.004166666666666667 0.006481481481481481
2 0.5936816334724426 0.42036518454551697 0.004166666666666667 0.006481481481481481
