3 0.42989304661750793 0.5729722380638123 0.013020833333333334 0.012962962962962963
4 0.417747437953949 0.5765414237976074 0.011979166666666667 0.011111111111111112
4 0.4296753704547882 0.5809321403503418 0.013020833333333334 0.012962962962962963
3 0.40585777163505554 0.5814381241798401 0.0140625 0.012962962962962963
0 0.4172777235507965 0.5845029950141907 0.013020833333333334 0.011111111111111112
3 0.4294576644897461 0.5888903141021729 0.0125 0.012962962962962963
4 0.393455445766449 0.585895299911499 0.013020833333333334 0.012962962962962963
3 0.40488019585609436 0.5889594554901123 0.011979166666666667 0.012037037037037037
3 0.4165547788143158 0.592463493347168 0.0125 0.012037037037037037
4 0.42848435044288635 0.597732663154602 0.013020833333333334 0.01574074074074074
3 0.3808208405971527 0.5952205061912537 0.013020833333333334 0.023148148148148147
4 0.3925078809261322 0.5991662740707397 0.0140625 0.023148148148148147
3 0.40393295884132385 0.6026685833930969 0.0140625 0.023148148148148147
4 0.4153522551059723 0.6061691641807556 0.013541666666666667 0.023148148148148147
4 0.42752715945243835 0.6101073026657104 0.014583333333333334 0.024074074074074074
1 0.5799818634986877 0.46789875626564026 0.011458333333333333 0.016666666666666666
2 0.3935525119304657 0.7059997916221619 0.00625 0.010185185185185186
2 0.31910020112991333 0.6767815947532654 0.00625 0.010185185185185186
2 0.25153300166130066 0.6500876545906067 0.00625 0.010185185185185186
2 0.24865016341209412 0.5681060552597046 0.00625 0.010185185185185186
2 0.2978624403476715 0.5351616144180298 0.00625 0.010185185185185186
2 0.34043827652931213 0.5049142837524414 0.004166666666666667 0.007407407407407408
2 0.41033273935317993 0.45646804571151733 0.004166666666666667 0.007407407407407408
2 0.4401957094669342 0.4364820718765259 0.004166666666666667 0.007407407407407408
2 0.4667569398880005 0.4187247157096863 0.004166666666666667 0.007407407407407408
2 0.5505325198173523 0.4072159230709076 0.0020833333333333333 0.003703703703703704
2 0.5532346367835999 0.6669566035270691 0.00625 0.010185185185185186
2 0.5861032009124756 0.6179693341255188 0.00625 0.010185185185185186
2 0.613709568977356 0.5764740705490112 0.00625 0.010185185185185186
2 0.6576430797576904 0.5102365612983704 0.00625 0.010185185185185186
2 0.6747196316719055 0.48505881428718567 0.00625 0.010185185185185186
2 0.6905425190925598 0.46120309829711914 0.004166666666666667 0.006481481481481481
2 0.6436997652053833 0.4236345887184143 0.004166666666666667 0.006481481481481481
2 0.5957714319229126 0.4147682189941406 0.004166666666666667 0.006481481481481481
