3 0.40602684020996094 0.5690503120422363 0.013020833333333334 0.012962962962962963
4 0.3940247893333435 0.5727652311325073 0.011979166666666667 0.011111111111111112
4 0.4058786928653717 0.5766764283180237 0.013020833333333334 0.012962962962962963
3 0.3823082745075226 0.5777353644371033 0.0140625 0.012962962962962963
0 0.39362335205078125 0.5803927779197693 0.013020833333333334 0.011111111111111112
3 0.4057304263114929 0.5843058824539185 0.0125 0.012962962962962963
4 0.37010371685028076 0.5822892189025879 0.013020833333333334 0.012962962962962963
3 0.38139858841896057 0.5849487781524658 0.011979166666666667 0.012037037037037037
3 0.3929709196090698 0.5880299806594849 0.0125 0.012037037037037037
4 0.40483957529067993 0.5928055644035339 0.013020833333333334 0.01574074074074074
3 0.35772451758384705 0.5914865136146545 0.013020833333333334 0.023148148148148147
4 0.3692609667778015 0.5949918031692505 0.0140625 0.023148148148148147
3 0.3805640637874603 0.5980871319770813 0.0140625 0.023148148148148147
4 0.39188843965530396 0.6011882424354553 0.013541666666666667 0.023148148148148147
4 0.40399405360221863 0.6047005653381348 0.014583333333333334 0.024074074074074074
1 0.555323600769043 0.46379324793815613 0.011458333333333333 0.016666666666666666
2 0.37103360891342163 0.6975986361503601 0.00625 0.010185185185185186
2 0.29764774441719055 0.6705965995788574 0.00625 0.010185185185185186
2 0.23206551373004913 0.6462973952293396 0.00625 0.010185185185185186
2 0.2292330414056778 0.5689089894294739 0.00625 0.010185185185185186
2 0.2765619158744812 0.5365980267524719 0.00625 0.010185185185185186
2 0.3177309036254883 0.5068395137786865 0.004166666666666667 0.007407407407407408
2 0.3857792019844055 0.4588014781475067 0.004166666666666667 0.007407407407407408
2 0.4150356352329254 0.43882760405540466 0.004166666666666667 0.007407407407407408
2 0.4411482512950897 0.4210180640220642 0.004166666666666667 0.007407407407407408
2 0.5246869921684265 0.4068037271499634 0.0020833333333333333 0.003703703703703704
2 0.531067967414856 0.6572909355163574 0.00625 0.010185185185185186
2 0.5638848543167114 0.6088742017745972 0.00625 0.010185185185185186
2 0.5914853811264038 0.567803144454956 0.00625 0.010185185185185186
2 0.6354863047599792 0.5021266341209412 0.00625 0.010185185185185186
2 0.6526268720626831 0.4771108627319336 0.00625 0.010185185185185186
2 0.6685122847557068 0.45340031385421753 0.004166666666666667 0.006481481481481481
2 0.6195440888404846 0.4188513159751892 0.004166666666666667 0.006481481481481481
2 0.5705184936523438 0.41222310066223145 0.004166666666666667 0.006481481481481481
