3 0.559152364730835 0.5688126683235168 0.013020833333333334 0.012962962962962963
4 0.571051299571991 0.572396993637085 0.011979166666666667 0.011111111111111112
4 0.5593992471694946 0.5765112638473511 0.013020833333333334 0.012962962962962963
3 0.5827122330665588 0.5772649049758911 0.0140625 0.012962962962962963
0 0.5715445876121521 0.5801022052764893 0.013020833333333334 0.011111111111111112
3 0.5596460103988647 0.5842076539993286 0.0125 0.012962962962962963
4 0.5948804616928101 0.581716001033783 0.013020833333333334 0.012962962962962963
3 0.5837010145187378 0.5845520496368408 0.011979166666666667 0.012037037037037037
3 0.5722857713699341 0.5878089070320129 0.0125 0.012037037037037037
4 0.5606357455253601 0.5927672982215881 0.013020833333333334 0.01574074074074074
3 0.6073035597801208 0.5908844470977783 0.013020833333333334 0.023148148148148147
4 0.5958638787269592 0.5945685505867004 0.0140625 0.023148148148148147
3 0.5846859216690063 0.5978245139122009 0.0140625 0.023148148148148147
4 0.5735205411911011 0.6010767817497253 0.013541666666666667 0.023148148148148147
4 0.5616246461868286 0.6047410368919373 0.014583333333333334 0.024074074074074074
1 0.41239914298057556 0.4659375846385956 0.011458333333333333 0.016666666666666666
2 0.5952813625335693 0.6978854537010193 0.00625 0.010185185185185186
2 0.6682329773902893 0.6706394553184509 0.00625 0.010185185185185186
2 0.7346935272216797 0.6456449031829834 0.00625 0.010185185185185186
2 0.7372439503669739 0.5660682916641235 0.00625 0.010185185185185186
2 0.6885931491851807 0.5335673689842224 0.00625 0.010185185185185186
2 0.6465854048728943 0.5038163065910339 0.004166666666666667 0.007407407407407408
2 0.5778060555458069 0.45627206563949585 0.004166666666666667 0.007407407407407408
2 0.5484897494316101 0.4366949200630188 0.004166666666666667 0.007407407407407408
2 0.5224487781524658 0.419323205947876 0.004166666666666667 0.007407407407407408
2 0.4407319128513336 0.40762585401535034 0.0020833333333333333 0.003703703703703704
2 0.4393281638622284 0.6580283045768738 0.00625 0.010185185185185186
2 0.40718114376068115 0.6104453802108765 0.00625 0.010185185185185186
2 0.38021135330200195 0.5701906085014343 0.00625 0.010185185185185186
2 0.33735042810440063 0.5060252547264099 0.00625 0.010185185185185186
2 0.320713609457016 0.48166102170944214 0.00625 0.010185185185185186
2 0.3053055703639984 0.45859411358833313 0.004166666666666667 0.006481481481481481
2 0.3504026234149933 0.4228067398071289 0.004166666666666667 0.006481481481481481
2 0.3968139886856079 0.41460150480270386 0.004166666666666667 0.006481481481481481
