4 0.3949328660964966 0.7265682220458984 0.019270833333333334 0.032407407407407406
4 0.1103072464466095 0.6337044835090637 0.018229166666666668 0.026851851851851852
4 0.11805305629968643 0.6478321552276611 0.018229166666666668 0.027777777777777776
3 0.21461226046085358 0.6448285579681396 0.017708333333333333 0.026851851851851852
0 0.28868091106414795 0.6403279304504395 0.0171875 0.027777777777777776
3 0.3660632371902466 0.7055759429931641 0.018229166666666668 0.02962962962962963
4 0.4320802688598633 0.5748333930969238 0.015104166666666667 0.025
3 0.4145548641681671 0.5783174633979797 0.015104166666666667 0.024074074074074074
3 0.3542425036430359 0.5606842637062073 0.015104166666666667 0.024074074074074074
3 0.39475467801094055 0.5537639856338501 0.014583333333333334 0.023148148148148147
4 0.3407289385795593 0.4868925213813782 0.013020833333333334 0.020370370370370372
3 0.37922000885009766 0.45877721905708313 0.011979166666666667 0.018518518518518517
4 0.4186576306819916 0.4474022686481476 0.011979166666666667 0.020370370370370372
4 0.46425145864486694 0.415362685918808 0.009895833333333333 0.01574074074074074
3 0.4614141583442688 0.4211953282356262 0.010416666666666666 0.017592592592592594
1 0.615863025188446 0.45326727628707886 0.011458333333333333 0.019444444444444445
2 0.24896131455898285 0.7752457857131958 0.007291666666666667 0.012037037037037037
2 0.16554012894630432 0.7384968996047974 0.007291666666666667 0.012037037037037037
2 0.08845259249210358 0.7067187428474426 0.007291666666666667 0.012037037037037037
2 0.101833276450634 0.6054965257644653 0.007291666666666667 0.012037037037037037
2 0.16768144071102142 0.5619741678237915 0.007291666666666667 0.012037037037037037
2 0.22507266700267792 0.5257275700569153 0.007291666666666667 0.012037037037037037
2 0.44779497385025024 0.7282125949859619 0.007291666666666667 0.012037037037037037
2 0.4968045651912689 0.6688071489334106 0.007291666666666667 0.012037037037037037
2 0.5385148525238037 0.6166930198669434 0.007291666666666667 0.012037037037037037
2 0.6029971241950989 0.5346542000770569 0.007291666666666667 0.012037037037037037
2 0.6294053792953491 0.5042478442192078 0.007291666666666667 0.012037037037037037
2 0.603586733341217 0.4270543158054352 0.007291666666666667 0.012037037037037037
2 0.548227071762085 0.41707292199134827 0.007291666666666667 0.012037037037037037
2 0.49587297439575195 0.40710774064064026 0.007291666666666667 0.012037037037037037
2 0.39372798800468445 0.42009681463241577 0.007291666666666667 0.012037037037037037
2 0.3578551113605499 0.44232720136642456 0.007291666666666667 0.012037037037037037
2 0.31909242272377014 0.46681907773017883 0.007291666666666667 0.012037037037037037
