4 0.6012690663337708 0.7238802313804626 0.019270833333333334 0.032407407407407406
4 0.8870118260383606 0.6356228590011597 0.018229166666666668 0.026851851851851852
4 0.879058837890625 0.6496244072914124 0.018229166666666668 0.027777777777777776
3 0.7824980020523071 0.6451141238212585 0.017708333333333333 0.026851851851851852
0 0.7085016369819641 0.6394619941711426 0.0171875 0.027777777777777776
3 0.6303545236587524 0.7033936977386475 0.018229166666666668 0.02962962962962963
4 0.5660383105278015 0.5718061923980713 0.015104166666666667 0.025
3 0.5835029482841492 0.5755566954612732 0.015104166666666667 0.024074074074074074
3 0.6439931392669678 0.5588553547859192 0.015104166666666667 0.024074074074074074
3 0.6035900115966797 0.5513181686401367 0.014583333333333334 0.023148148148148147
4 0.6584435105323792 0.4852496087551117 0.013020833333333334 0.020370370370370372
3 0.62030428647995 0.4565342366695404 0.011979166666666667 0.018518518518518517
4 0.5810105204582214 0.4445611238479614 0.011979166666666667 0.020370370370370372
4 0.5358169078826904 0.4118119478225708 0.009895833333333333 0.01574074074074074
3 0.5385833382606506 0.41769325733184814 0.010416666666666666 0.017592592592592594
1 0.3839219808578491 0.4474976062774658 0.011458333333333333 0.019444444444444445
2 0.7464134693145752 0.7747690677642822 0.007291666666666667 0.012037037037037037
2 0.8302866220474243 0.7394365668296814 0.007291666666666667 0.012037037037037037
2 0.9078417420387268 0.7089305520057678 0.007291666666666667 0.012037037037037037
2 0.8958966135978699 0.6075485944747925 0.007291666666666667 0.012037037037037037
2 0.8305891156196594 0.5630002021789551 0.007291666666666667 0.012037037037037037
2 0.773643434047699 0.5258585214614868 0.007291666666666667 0.012037037037037037
2 0.5484914779663086 0.724680483341217 0.007291666666666667 0.012037037037037037
2 0.5002955198287964 0.6646444201469421 0.007291666666666667 0.012037037037037037
2 0.4592810869216919 0.6119781732559204 0.007291666666666667 0.012037037037037037
2 0.39586305618286133 0.5290511250495911 0.007291666666666667 0.012037037037037037
2 0.3698456883430481 0.4982662498950958 0.007291666666666667 0.012037037037037037
2 0.3964691460132599 0.4214573800563812 0.007291666666666667 0.012037037037037037
2 0.4518750309944153 0.4122858941555023 0.007291666666666667 0.012037037037037037
2 0.5043066143989563 0.4030814468860626 0.007291666666666667 0.012037037037037037
2 0.6062776446342468 0.4175929129123688 0.007291666666666667 0.012037037037037037
2 0.6418801546096802 0.44038403034210205 0.007291666666666667 0.012037037037037037
2 0.6803442239761353 0.46548208594322205 0.007291666666666667 0.012037037037037037
