4 0.6195780038833618 0.7084341049194336 0.019270833333333334 0.032407407407407406
4 0.8911867737770081 0.6230648159980774 0.018229166666666668 0.026851851851851852
4 0.8841053247451782 0.6363027095794678 0.018229166666666668 0.027777777777777776
3 0.7923625111579895 0.6322603821754456 0.017708333333333333 0.026851851851851852
0 0.7212616205215454 0.6270345449447632 0.0171875 0.027777777777777776
3 0.6473783254623413 0.6885475516319275 0.018229166666666668 0.02962962962962963
4 0.5810403823852539 0.5622237324714661 0.015104166666666667 0.025
3 0.5982304215431213 0.5658615827560425 0.015104166666666667 0.024074074074074074
3 0.65668123960495 0.5499961376190186 0.015104166666666667 0.024074074074074074
3 0.6171881556510925 0.5426561236381531 0.014583333333333334 0.023148148148148147
4 0.66866534948349 0.4797649383544922 0.013020833333333334 0.020370370370370372
3 0.6308994293212891 0.45204466581344604 0.011979166666666667 0.018518518518518517
4 0.592298686504364 0.440227746963501 0.011979166666666667 0.020370370370370372
4 0.5471850633621216 0.4083554148674011 0.009895833333333333 0.01574074074074074
3 0.5500544905662537 0.41403013467788696 0.010416666666666666 0.017592592592592594
1 0.39752301573753357 0.44114816188812256 0.011458333333333333 0.019444444444444445
2 0.7615330219268799 0.7559998035430908 0.007291666666666667 0.012037037037037037
2 0.8405905365943909 0.721609890460968 0.007291666666666667 0.012037037037037037
2 0.9129777550697327 0.6921941041946411 0.007291666666666667 0.012037037037037037
2 0.8987171649932861 0.5965741872787476 0.007291666666666667 0.012037037037037037
2 0.8357303738594055 0.5544346570968628 0.007291666666666667 0.012037037037037037
2 0.7804973125457764 0.5190643072128296 0.007291666666666667 0.012037037037037037
2 0.5678750276565552 0.7095803022384644 0.007291666666666667 0.012037037037037037
2 0.5187814831733704 0.6518028378486633 0.007291666666666667 0.012037037037037037
2 0.47678443789482117 0.6008977890014648 0.007291666666666667 0.012037037037037037
2 0.41148725152015686 0.5203465819358826 0.007291666666666667 0.012037037037037037
2 0.3846648037433624 0.49030405282974243 0.007291666666666667 0.012037037037037037
2 0.4094274342060089 0.41605231165885925 0.007291666666666667 0.012037037037037037
2 0.4643581211566925 0.40782812237739563 0.007291666666666667 0.012037037037037037
2 0.5159651041030884 0.39959466457366943 0.007291666666666667 0.012037037037037037
2 0.6162086725234985 0.41469672322273254 0.007291666666666667 0.012037037037037037
2 0.6514003276824951 0.43682870268821716 0.007291666666666667 0.012037037037037037
2 0.6892806887626648 0.4610956609249115 0.007291666666666667 0.012037037037037037
