3 0.2645488679409027 0.6685073971748352 0.0171875 0.025925925925925925
4 0.36070677638053894 0.5954577922821045 0.015104166666666667 0.025925925925925925
4 0.43579214811325073 0.6032410264015198 0.015104166666666667 0.025
4 0.4577500522136688 0.6132733225822449 0.015625 0.026851851851851852
4 0.4826062023639679 0.6931933760643005 0.017708333333333333 0.030555555555555555
0 0.5617896914482117 0.6595245003700256 0.0171875 0.027777777777777776
4 0.7334392666816711 0.5534705519676208 0.015104166666666667 0.024074074074074074
3 0.7031340003013611 0.6023804545402527 0.015104166666666667 0.020370370370370372
4 0.70362389087677 0.5613724589347839 0.014583333333333334 0.023148148148148147
1 0.6826151609420776 0.5107707977294922 0.013020833333333334 0.021296296296296296
3 0.6557481288909912 0.545270562171936 0.0140625 0.022222222222222223
3 0.5634971261024475 0.5410486459732056 0.013541666666666667 0.022222222222222223
3 0.502453088760376 0.5527352690696716 0.0140625 0.023148148148148147
3 0.518280029296875 0.4815693497657776 0.011979166666666667 0.019444444444444445
3 0.5531705021858215 0.4763588309288025 0.011979166666666667 0.019444444444444445
4 0.5767908692359924 0.4432409703731537 0.011458333333333333 0.017592592592592594
2 0.41529610753059387 0.7804641127586365 0.007291666666666667 0.011111111111111112
2 0.3326699435710907 0.7369813919067383 0.007291666666666667 0.011111111111111112
2 0.25826600193977356 0.6986873745918274 0.007291666666666667 0.011111111111111112
2 0.26676005125045776 0.6031254529953003 0.007291666666666667 0.011111111111111112
2 0.3241504728794098 0.5652888417243958 0.007291666666666667 0.011111111111111112
2 0.3756413161754608 0.5330871343612671 0.007291666666666667 0.011111111111111112
2 0.4632614254951477 0.48263663053512573 0.007291666666666667 0.011111111111111112
2 0.5000734329223633 0.45952242612838745 0.007291666666666667 0.011111111111111112
2 0.5349138379096985 0.43724730610847473 0.007291666666666667 0.011111111111111112
2 0.6107481718063354 0.753947913646698 0.007291666666666667 0.011111111111111112
2 0.6581812500953674 0.6956095695495605 0.007291666666666667 0.011111111111111112
2 0.6990200281143188 0.646504282951355 0.007291666666666667 0.011111111111111112
2 0.7628011703491211 0.56767338514328 0.007291666666666667 0.011111111111111112
2 0.7895782589912415 0.53443843126297 0.007291666666666667 0.011111111111111112
2 0.812749981880188 0.5056517720222473 0.007291666666666667 0.011111111111111112
2 0.7554486989974976 0.4547688663005829 0.007291666666666667 0.011111111111111112
2 0.6939560174942017 0.44009074568748474 0.007291666666666667 0.011111111111111112
2 0.6388777494430542 0.42908480763435364 0.007291666666666667 0.011111111111111112
