4 0.7962015867233276 0.6015501618385315 0.018229166666666668 0.023148148148148147
1 0.7021725177764893 0.5795652866363525 0.0171875 0.026851851851851852
3 0.4690244495868683 0.5763612985610962 0.0171875 0.025925925925925925
3 0.5272223353385925 0.543777585029602 0.015625 0.025
0 0.5715062618255615 0.5867851376533508 0.0171875 0.027777777777777776
3 0.6302107572555542 0.5515214800834656 0.016145833333333335 0.025925925925925925
3 0.5874878764152527 0.4968753457069397 0.0140625 0.022222222222222223
3 0.5472370386123657 0.4628603756427765 0.013541666666666667 0.020370370370370372
3 0.4093211591243744 0.40634119510650635 0.011458333333333333 0.018518518518518517
2 0.6201270818710327 0.7077726721763611 0.0078125 0.012037037037037037
2 0.7029208540916443 0.6705099940299988 0.0078125 0.012037037037037037
2 0.7750386595726013 0.6394160985946655 0.0078125 0.012037037037037037
2 0.7613496780395508 0.552823007106781 0.005729166666666666 0.009259259259259259
2 0.6982936263084412 0.5181447267532349 0.005729166666666666 0.009259259259259259
2 0.6428194046020508 0.4893611669540405 0.005729166666666666 0.009259259259259259
2 0.5508500933647156 0.44093456864356995 0.005729166666666666 0.009259259259259259
2 0.5115712285041809 0.4203696548938751 0.005729166666666666 0.009259259259259259
2 0.4773564338684082 0.40254300832748413 0.005729166666666666 0.009259259259259259
2 0.4169907569885254 0.677113950252533 0.007291666666666667 0.012037037037037037
2 0.36687883734703064 0.6241969466209412 0.007291666666666667 0.012037037037037037
2 0.3243497610092163 0.5798591375350952 0.007291666666666667 0.012037037037037037
2 0.2564873993396759 0.5101591944694519 0.007291666666666667 0.012037037037037037
2 0.22913864254951477 0.4802991449832916 0.007291666666666667 0.012037037037037037
2 0.20406025648117065 0.4553901255130768 0.007291666666666667 0.012037037037037037
2 0.25875645875930786 0.41244831681251526 0.0036458333333333334 0.006481481481481481
2 0.3176841735839844 0.40317726135253906 0.0036458333333333334 0.006481481481481481
2 0.37254709005355835 0.3929694890975952 0.0036458333333333334 0.006481481481481481
