4 0.3591044843196869 0.7824631333351135 0.0234375 0.03796296296296296
4 0.28883108496665955 0.5920493602752686 0.018229166666666668 0.02962962962962963
3 0.3687445819377899 0.5444775819778442 0.016666666666666666 0.025
3 0.36737290024757385 0.5668220520019531 0.016666666666666666 0.027777777777777776
4 0.36876538395881653 0.6701691746711731 0.0203125 0.032407407407407406
3 0.3924747407436371 0.6984542012214661 0.0203125 0.03425925925925926
3 0.44407138228416443 0.787947952747345 0.0234375 0.037037037037037035
3 0.5112536549568176 0.691331684589386 0.0203125 0.03518518518518519
4 0.5268774628639221 0.48233819007873535 0.015104166666666667 0.025
3 0.4607413709163666 0.5222563743591309 0.015625 0.025
1 0.507811427116394 0.5496998429298401 0.016666666666666666 0.027777777777777776
0 0.5676270723342896 0.6062180399894714 0.01875 0.02962962962962963
4 0.6988080739974976 0.6105439066886902 0.01875 0.030555555555555555
3 0.6868755221366882 0.4678586721420288 0.0140625 0.023148148148148147
2 0.3299248516559601 0.8183746337890625 0.0067708333333333336 0.011111111111111112
2 0.23618526756763458 0.7710578441619873 0.0067708333333333336 0.011111111111111112
2 0.15294304490089417 0.7283631563186646 0.0067708333333333336 0.011111111111111112
2 0.1732662171125412 0.6210720539093018 0.0046875 0.007407407407407408
2 0.24961580336093903 0.5810405611991882 0.0046875 0.007407407407407408
2 0.31704750657081604 0.5456807017326355 0.0046875 0.007407407407407408
2 0.5693380236625671 0.7887829542160034 0.005729166666666666 0.009259259259259259
2 0.633466362953186 0.7251061201095581 0.005729166666666666 0.009259259259259259
2 0.6880438923835754 0.6703429222106934 0.005729166666666666 0.009259259259259259
2 0.7759250998497009 0.5832543969154358 0.005208333333333333 0.008333333333333333
2 0.8122207522392273 0.54669189453125 0.005208333333333333 0.008333333333333333
2 0.8442694544792175 0.5143517851829529 0.005208333333333333 0.008333333333333333
2 0.783059298992157 0.45750221610069275 0.005729166666666666 0.009259259259259259
2 0.7122546434402466 0.4422456920146942 0.005729166666666666 0.009259259259259259
2 0.6470151543617249 0.42825159430503845 0.005729166666666666 0.009259259259259259
2 0.4285176694393158 0.48640090227127075 0.004166666666666667 0.007407407407407408
2 0.47688546776771545 0.46078482270240784 0.004166666666666667 0.007407407407407408
2 0.5199453234672546 0.43854451179504395 0.004166666666666667 0.007407407407407408
