4 0.6516023874282837 0.7933593392372131 0.0234375 0.03796296296296296
4 0.7164555191993713 0.5932634472846985 0.018229166666666668 0.02962962962962963
3 0.6364598870277405 0.5427142381668091 0.016666666666666666 0.025
3 0.6383416652679443 0.5662344098091125 0.016666666666666666 0.027777777777777776
4 0.6394013166427612 0.6750205755233765 0.0203125 0.032407407407407406
3 0.6166194081306458 0.7047091722488403 0.0203125 0.03425925925925926
3 0.5676160454750061 0.7989012598991394 0.0234375 0.037037037037037035
3 0.4987107515335083 0.6966749429702759 0.0203125 0.03518518518518519
4 0.47837767004966736 0.4760863184928894 0.015104166666666667 0.025
3 0.5449052453041077 0.518663763999939 0.015625 0.025
1 0.49885809421539307 0.5472554564476013 0.016666666666666666 0.027777777777777776
0 0.44072282314300537 0.6065143346786499 0.01875 0.02962962962962963
4 0.3100590109825134 0.6103137135505676 0.01875 0.030555555555555555
3 0.31877055764198303 0.4594953954219818 0.0140625 0.023148148148148147
2 0.6812883615493774 0.8312770128250122 0.0067708333333333336 0.011111111111111112
2 0.772607147693634 0.7817190289497375 0.0067708333333333336 0.011111111111111112
2 0.8534253835678101 0.7371402382850647 0.0067708333333333336 0.011111111111111112
2 0.8308636546134949 0.6244221329689026 0.0046875 0.007407407407407408
2 0.7548233270645142 0.581938624382019 0.0046875 0.007407407407407408
2 0.6875285506248474 0.5443369150161743 0.0046875 0.007407407407407408
2 0.44320157170295715 0.7994316816329956 0.005729166666666666 0.009259259259259259
2 0.3778594732284546 0.7318599820137024 0.005729166666666666 0.009259259259259259
2 0.32215416431427 0.6736639142036438 0.005729166666666666 0.009259259259259259
2 0.23232319951057434 0.5809474587440491 0.005208333333333333 0.008333333333333333
2 0.19515199959278107 0.5419660806655884 0.005208333333333333 0.008333333333333333
2 0.16230124235153198 0.5074576735496521 0.005208333333333333 0.008333333333333333
2 0.22239549458026886 0.44773250818252563 0.005729166666666666 0.009259259259259259
2 0.29285767674446106 0.4322052597999573 0.005729166666666666 0.009259259259259259
2 0.35763296484947205 0.4179983139038086 0.005729166666666666 0.009259259259259259
2 0.5759843587875366 0.4811505377292633 0.004166666666666667 0.007407407407407408
2 0.5274778604507446 0.45378321409225464 0.004166666666666667 0.007407407407407408
2 0.48425179719924927 0.4299828112125397 0.004166666666666667 0.007407407407407408
