4 0.6316915154457092 0.7977071404457092 0.0234375 0.03796296296296296
4 0.6989260911941528 0.5941355228424072 0.018229166666666668 0.02962962962962963
3 0.6194279193878174 0.5427994728088379 0.016666666666666666 0.025
3 0.6210362315177917 0.5666729211807251 0.016666666666666666 0.027777777777777776
4 0.6208512783050537 0.6772007942199707 0.0203125 0.032407407407407406
3 0.597790539264679 0.7072721123695374 0.0203125 0.03425925925925926
3 0.5479572415351868 0.802567720413208 0.0234375 0.037037037037037035
3 0.4810134470462799 0.6985475420951843 0.0203125 0.03518518518518519
4 0.4636859595775604 0.47598889470100403 0.015104166666666667 0.025
3 0.5287790894508362 0.5186777114868164 0.015625 0.025
1 0.48297592997550964 0.5476624965667725 0.016666666666666666 0.027777777777777776
0 0.4251001477241516 0.6074265837669373 0.01875 0.02962962962962963
4 0.2976366877555847 0.611131489276886 0.01875 0.030555555555555555
3 0.30805864930152893 0.46017956733703613 0.0140625 0.023148148148148147
2 0.6609876155853271 0.8366618156433105 0.0067708333333333336 0.011111111111111112
2 0.7534542083740234 0.7868982553482056 0.0067708333333333336 0.011111111111111112
2 0.8358740210533142 0.7418067455291748 0.0067708333333333336 0.011111111111111112
2 0.8141096234321594 0.6260792016983032 0.0046875 0.007407407407407408
2 0.7376546859741211 0.5825827121734619 0.0046875 0.007407407407407408
2 0.6704508662223816 0.5443448424339294 0.0046875 0.007407407407407408
2 0.4251269996166229 0.8019511103630066 0.005729166666666666 0.009259259259259259
2 0.3620167672634125 0.7333592176437378 0.005729166666666666 0.009259259259259259
2 0.3085426390171051 0.674640417098999 0.005729166666666666 0.009259259259259259
2 0.22291035950183868 0.5817549824714661 0.005208333333333333 0.008333333333333333
2 0.1877051293849945 0.542945146560669 0.005208333333333333 0.008333333333333333
2 0.1566993147134781 0.5087061524391174 0.005208333333333333 0.008333333333333333
2 0.2151593565940857 0.44900256395339966 0.005729166666666666 0.009259259259259259
2 0.2833213806152344 0.433067262172699 0.005729166666666666 0.009259259259259259
2 0.3463369905948639 0.41840213537216187 0.005729166666666666 0.009259259259259259
2 0.5600027441978455 0.4806264340877533 0.004166666666666667 0.007407407407407408
2 0.5123320817947388 0.4532366394996643 0.004166666666666667 0.007407407407407408
2 0.4700259566307068 0.4295250475406647 0.004166666666666667 0.007407407407407408
