4 0.8184144496917725 0.7469528913497925 0.015625 0.027777777777777776
4 0.7964795827865601 0.6416963338851929 0.016145833333333335 0.027777777777777776
3 0.7710208892822266 0.48628687858581543 0.015625 0.026851851851851852
4 0.7511302828788757 0.40685415267944336 0.015625 0.025925925925925925
3 0.685547947883606 0.2989068925380707 0.014583333333333334 0.025925925925925925
3 0.6038073301315308 0.4844076633453369 0.014583333333333334 0.025925925925925925
3 0.45675408840179443 0.3807145655155182 0.015104166666666667 0.026851851851851852
3 0.2100554257631302 0.6549612879753113 0.016145833333333335 0.027777777777777776
0 0.23797813057899475 0.587062418460846 0.016145833333333335 0.026851851851851852
1 0.24612346291542053 0.41159406304359436 0.016145833333333335 0.027777777777777776
3 0.2236039936542511 0.3977659344673157 0.015625 0.025925925925925925
4 0.18165281414985657 0.40222758054733276 0.016145833333333335 0.026851851851851852
2 0.15085996687412262 0.6378718614578247 0.007291666666666667 0.012962962962962963
2 0.14915737509727478 0.49917641282081604 0.007291666666666667 0.012962962962962963
2 0.14845451712608337 0.3583911061286926 0.007291666666666667 0.012962962962962963
2 0.25224611163139343 0.17969946563243866 0.007291666666666667 0.012962962962962963
2 0.33575141429901123 0.18056024610996246 0.007291666666666667 0.012962962962962963
2 0.4182727038860321 0.18056009709835052 0.007291666666666667 0.012962962962962963
2 0.5847193002700806 0.1809946447610855 0.007291666666666667 0.012962962962962963
2 0.6686498522758484 0.18185794353485107 0.007291666666666667 0.012962962962962963
2 0.7526236176490784 0.18272170424461365 0.007291666666666667 0.012962962962962963
2 0.8597870469093323 0.3633262813091278 0.007291666666666667 0.012962962962962963
2 0.8611019849777222 0.5031355619430542 0.007291666666666667 0.012962962962962963
2 0.8619140982627869 0.6438434720039368 0.007291666666666667 0.012962962962962963
2 0.7562495470046997 0.8207458853721619 0.007291666666666667 0.012962962962962963
2 0.6729852557182312 0.8201518058776855 0.007291666666666667 0.012962962962962963
2 0.5900225043296814 0.8199887871742249 0.007291666666666667 0.012962962962962963
2 0.424721360206604 0.8183805346488953 0.007291666666666667 0.012962962962962963
2 0.34162572026252747 0.8177877068519592 0.007291666666666667 0.012962962962962963
2 0.25907427072525024 0.8163418769836426 0.007291666666666667 0.012962962962962963
