4 0.1941174864768982 0.764022171497345 0.015625 0.027777777777777776
4 0.21553364396095276 0.6555660963058472 0.016145833333333335 0.027777777777777776
3 0.2401326447725296 0.49494266510009766 0.015625 0.026851851851851852
4 0.2598152756690979 0.4126192033290863 0.015625 0.025925925925925925
3 0.326070100069046 0.30112889409065247 0.014583333333333334 0.025925925925925925
3 0.4100915193557739 0.4933464229106903 0.014583333333333334 0.025925925925925925
3 0.5563787221908569 0.38809487223625183 0.015104166666666667 0.026851851851851852
3 0.7954670786857605 0.6639137268066406 0.016145833333333335 0.027777777777777776
0 0.7690644860267639 0.5966194868087769 0.016145833333333335 0.026851851851851852
1 0.7618354558944702 0.42099887132644653 0.016145833333333335 0.027777777777777776
3 0.7835239171981812 0.40726107358932495 0.015625 0.025925925925925925
4 0.8236573934555054 0.4120439887046814 0.016145833333333335 0.026851851851851852
2 0.8517162203788757 0.6465141773223877 0.007291666666666667 0.012962962962962963
2 0.8540810942649841 0.5089629888534546 0.007291666666666667 0.012962962962962963
2 0.855521559715271 0.3684166371822357 0.007291666666666667 0.012962962962962963
2 0.7566713690757751 0.1864132285118103 0.007291666666666667 0.012962962962962963
2 0.675378680229187 0.18547680974006653 0.007291666666666667 0.012962962962962963
2 0.594186007976532 0.1836668699979782 0.007291666666666667 0.012962962962962963
2 0.42776229977607727 0.18040888011455536 0.007291666666666667 0.012962962962962963
2 0.34247124195098877 0.1794123351573944 0.007291666666666667 0.012962962962962963
2 0.25619518756866455 0.17840425670146942 0.007291666666666667 0.012962962962962963
2 0.14689241349697113 0.36621102690696716 0.007291666666666667 0.012962962962962963
2 0.14721839129924774 0.5123165845870972 0.007291666666666667 0.012962962962962963
2 0.14807358384132385 0.6583460569381714 0.007291666666666667 0.012962962962962963
2 0.258386492729187 0.8383204340934753 0.007291666666666667 0.012962962962962963
2 0.3425993025302887 0.8360365629196167 0.007291666666666667 0.012962962962962963
2 0.42561599612236023 0.8342171907424927 0.007291666666666667 0.012962962962962963
2 0.5884159207344055 0.8293700814247131 0.007291666666666667 0.012962962962962963
2 0.6689736843109131 0.827185332775116 0.007291666666666667 0.012962962962962963
2 0.7481750249862671 0.8241920471191406 0.007291666666666667 0.012962962962962963
