4 0.20063082873821259 0.7420359253883362 0.015625 0.027777777777777776
4 0.22157040238380432 0.6361437439918518 0.016145833333333335 0.027777777777777776
3 0.24544519186019897 0.479348748922348 0.015625 0.026851851851851852
4 0.26470768451690674 0.3993029296398163 0.015625 0.025925925925925925
3 0.3302544355392456 0.2919364869594574 0.014583333333333334 0.025925925925925925
3 0.4153909683227539 0.48261570930480957 0.014583333333333334 0.025925925925925925
3 0.5620139837265015 0.38303521275520325 0.015104166666666667 0.026851851851851852
3 0.8076288104057312 0.6633520722389221 0.016145833333333335 0.027777777777777776
0 0.7799409031867981 0.5955197215080261 0.016145833333333335 0.026851851851851852
1 0.7708715200424194 0.42102667689323425 0.016145833333333335 0.027777777777777776
3 0.7928803563117981 0.4080061614513397 0.015625 0.025925925925925925
4 0.8339592218399048 0.41383281350135803 0.016145833333333335 0.026851851851851852
2 0.8651638031005859 0.6478682160377502 0.007291666666666667 0.012962962962962963
2 0.86613929271698 0.5109509825706482 0.007291666666666667 0.012962962962962963
2 0.8661335110664368 0.3714146614074707 0.007291666666666667 0.012962962962962963
2 0.763384222984314 0.18912775814533234 0.007291666666666667 0.012962962962962963
2 0.6808114647865295 0.18645375967025757 0.007291666666666667 0.012962962962962963
2 0.5986570715904236 0.1829349249601364 0.007291666666666667 0.012962962962962963
2 0.43127211928367615 0.17620718479156494 0.007291666666666667 0.012962962962962963
2 0.34601184725761414 0.17343685030937195 0.007291666666666667 0.012962962962962963
2 0.2601214051246643 0.17064602673053741 0.007291666666666667 0.012962962962962963
2 0.15239588916301727 0.35107192397117615 0.007291666666666667 0.012962962962962963
2 0.153169184923172 0.493703156709671 0.007291666666666667 0.012962962962962963
2 0.15447019040584564 0.6367058753967285 0.007291666666666667 0.012962962962962963
2 0.2650894820690155 0.8175327181816101 0.007291666666666667 0.012962962962962963
2 0.3494897782802582 0.8183602690696716 0.007291666666666667 0.012962962962962963
2 0.4330253005027771 0.8196074366569519 0.007291666666666667 0.012962962962962963
2 0.5977973341941833 0.8207949995994568 0.007291666666666667 0.012962962962962963
2 0.6798074841499329 0.8215991258621216 0.007291666666666667 0.012962962962962963
2 0.7607377767562866 0.8215488195419312 0.007291666666666667 0.012962962962962963
