4 0.8137798309326172 0.7551578879356384 0.015625 0.027777777777777776
4 0.7921276092529297 0.6479493975639343 0.016145833333333335 0.027777777777777776
3 0.766887903213501 0.48891475796699524 0.015625 0.026851851851851852
4 0.7470963001251221 0.4073030650615692 0.015625 0.025925925925925925
3 0.6816795468330383 0.2960103452205658 0.014583333333333334 0.025925925925925925
3 0.6006472706794739 0.487241268157959 0.014583333333333334 0.025925925925925925
3 0.4535009562969208 0.380563348531723 0.015104166666666667 0.026851851851851852
3 0.20879919826984406 0.6632925868034363 0.016145833333333335 0.027777777777777776
0 0.23612162470817566 0.5934908986091614 0.016145833333333335 0.026851851851851852
1 0.2427624613046646 0.4126191735267639 0.016145833333333335 0.027777777777777776
3 0.22004324197769165 0.3983404040336609 0.015625 0.025925925925925925
4 0.17796096205711365 0.4029875099658966 0.016145833333333335 0.026851851851851852
2 0.14940744638442993 0.6459296345710754 0.007291666666666667 0.012962962962962963
2 0.1462974101305008 0.5031776428222656 0.007291666666666667 0.012962962962962963
2 0.1441575586795807 0.35762062668800354 0.007291666666666667 0.012962962962962963
2 0.2469213753938675 0.1720540076494217 0.007291666666666667 0.012962962962962963
2 0.3309379816055298 0.1730555295944214 0.007291666666666667 0.012962962962962963
2 0.4138346016407013 0.17315927147865295 0.007291666666666667 0.012962962962962963
2 0.5806694030761719 0.17381945252418518 0.007291666666666667 0.012962962962962963
2 0.6646089553833008 0.17481981217861176 0.007291666666666667 0.012962962962962963
2 0.7484642267227173 0.17581920325756073 0.007291666666666667 0.012962962962962963
2 0.855079710483551 0.3624304234981537 0.007291666666666667 0.012962962962962963
2 0.8562184572219849 0.5060502290725708 0.007291666666666667 0.012962962962962963
2 0.8568540215492249 0.6499482989311218 0.007291666666666667 0.012962962962962963
2 0.7523761987686157 0.830433189868927 0.007291666666666667 0.012962962962962963
2 0.6700763702392578 0.8302072286605835 0.007291666666666667 0.012962962962962963
2 0.5879543423652649 0.8304179310798645 0.007291666666666667 0.012962962962962963
2 0.42396172881126404 0.8295314311981201 0.007291666666666667 0.012962962962962963
2 0.34134161472320557 0.829304575920105 0.007291666666666667 0.012962962962962963
2 0.259133905172348 0.8282047510147095 0.007291666666666667 0.012962962962962963
