3 0.3634299635887146 0.6066405773162842 0.016261904761904762 0.026847619047619047
4 0.33131927251815796 0.5187939405441284 0.013550595238095238 0.023333333333333334
3 0.43437710404396057 0.490956574678421 0.01380952380952381 0.0223
1 0.4343678653240204 0.5918000340461731 0.015616071428571429 0.024161904761904763
3 0.49029436707496643 0.5616236925125122 0.014327380952380953 0.024576190476190477
1 0.5354971885681152 0.6357621550559998 0.015747023809523808 0.02436666666666667
4 0.4935484826564789 0.7152287364006042 0.018973214285714284 0.03139047619047619
3 0.5345206260681152 0.7260671854019165 0.01819940476190476 0.02106190476190476
4 0.5576730370521545 0.5914865732192993 0.015360119047619048 0.02436666666666667
4 0.5422422289848328 0.5477665066719055 0.014842261904761903 0.02168095238095238
4 0.549230694770813 0.5176408886909485 0.013723214285714285 0.02290952380952381
3 0.5981821417808533 0.5528872013092041 0.014556547619047618 0.0231
3 0.5319210886955261 0.483696311712265 0.012354166666666666 0.02142857142857143
3 0.4947812855243683 0.4690949022769928 0.012166666666666668 0.019614285714285713
4 0.4960598647594452 0.44574177265167236 0.012354166666666666 0.019466666666666667
2 0.5293803811073303 0.7515017986297607 0.005089285714285715 0.005957142857142857
2 0.6128217577934265 0.721951961517334 0.0053363095238095236 0.006157142857142857
2 0.6916689872741699 0.6947121620178223 0.005583333333333333 0.006752380952380952
2 0.7215568423271179 0.6010820865631104 0.003886904761904762 0.00438095238095238
2 0.6774518489837646 0.5610882639884949 0.004904761904761905 0.004895238095238095
2 0.6388732194900513 0.5251032710075378 0.004139880952380952 0.004076190476190476
2 0.5723258852958679 0.4641292095184326 0.0037589285714285715 0.0035666666666666668
2 0.5439412593841553 0.43742913007736206 0.0036785714285714286 0.003642857142857143
2 0.5178076028823853 0.414156436920166 0.0037291666666666667 0.003795238095238095
2 0.42108339071273804 0.4008633494377136 0.0036785714285714286 0.0041047619047619045
2 0.367065966129303 0.4133917987346649 0.0037767857142857143 0.004261904761904762
2 0.31057024002075195 0.42557990550994873 0.0034851190476190477 0.0038714285714285717
2 0.25326648354530334 0.4764164090156555 0.003970238095238095 0.004723809523809523
2 0.2686273157596588 0.5060758590698242 0.0037767857142857143 0.004180952380952381
2 0.28531143069267273 0.5383307337760925 0.004116071428571429 0.004880952380952381
2 0.3246818482875824 0.6150830388069153 0.004211309523809524 0.004571428571428571
2 0.3484322726726532 0.6614182591438293 0.004648809523809524 0.005733333333333333
2 0.37492939829826355 0.7133991718292236 0.004791666666666667 0.005576190476190477
