3 0.36788156628608704 0.6019909381866455 0.016261904761904762 0.026847619047619047
4 0.3357163667678833 0.5140329003334045 0.013550595238095238 0.023333333333333334
3 0.43875715136528015 0.48796164989471436 0.01380952380952381 0.0223
1 0.4387752413749695 0.5882365107536316 0.015616071428571429 0.024161904761904763
3 0.4945429265499115 0.559059739112854 0.014327380952380953 0.024576190476190477
1 0.5395735502243042 0.6333330869674683 0.015747023809523808 0.02436666666666667
4 0.4978325664997101 0.7117171287536621 0.018973214285714284 0.03139047619047619
3 0.5386322140693665 0.7229835391044617 0.01819940476190476 0.02106190476190476
4 0.5616136789321899 0.5896942019462585 0.015360119047619048 0.02436666666666667
4 0.5462538003921509 0.5460753440856934 0.014842261904761903 0.02168095238095238
4 0.5531937479972839 0.5162818431854248 0.013723214285714285 0.02290952380952381
3 0.6018458604812622 0.551994264125824 0.014556547619047618 0.0231
3 0.5359645485877991 0.4823157787322998 0.012354166666666666 0.02142857142857143
3 0.49898460507392883 0.46721410751342773 0.012166666666666668 0.019614285714285713
4 0.5002509951591492 0.4440397322177887 0.012354166666666666 0.019466666666666667
2 0.5335255265235901 0.7481793165206909 0.005089285714285715 0.005957142857142857
2 0.6164422035217285 0.7198507189750671 0.0053363095238095236 0.006157142857142857
2 0.6945815086364746 0.6938309073448181 0.005583333333333333 0.006752380952380952
2 0.7241091728210449 0.6015316247940063 0.003886904761904762 0.00438095238095238
2 0.6804481148719788 0.5612987875938416 0.004904761904761905 0.004895238095238095
2 0.6422070264816284 0.5250675082206726 0.004139880952380952 0.004076190476190476
2 0.5761319994926453 0.4635550379753113 0.0037589285714285715 0.0035666666666666668
2 0.5479060411453247 0.4365909695625305 0.0036785714285714286 0.003642857142857143
2 0.5218963027000427 0.413044273853302 0.0037291666666666667 0.003795238095238095
2 0.4254609942436218 0.3981545567512512 0.0036785714285714286 0.0041047619047619045
2 0.3714756667613983 0.40967676043510437 0.0037767857142857143 0.004261904761904762
2 0.314908891916275 0.4208381175994873 0.0034851190476190477 0.0038714285714285717
2 0.2574295997619629 0.47054871916770935 0.003970238095238095 0.004723809523809523
2 0.27285563945770264 0.500371515750885 0.0037767857142857143 0.004180952380952381
2 0.2896023690700531 0.5327877402305603 0.004116071428571429 0.004880952380952381
2 0.32908666133880615 0.6098527908325195 0.004211309523809524 0.004571428571428571
2 0.3528827726840973 0.6563315987586975 0.004648809523809524 0.005733333333333333
2 0.37941062450408936 0.708431601524353 0.004791666666666667 0.005576190476190477
