4 0.39104095101356506 0.6947784423828125 0.01649404761904762 0.027695238095238092
3 0.5830468535423279 0.7253000736236572 0.016345238095238097 0.02896190476190476
1 0.5924632549285889 0.600075900554657 0.01675 0.0281
3 0.38716474175453186 0.47407543659210205 0.01699404761904762 0.027561904761904763
3 0.5659037828445435 0.4741611182689667 0.01676488095238095 0.025357142857142856
4 0.567499577999115 0.3703206181526184 0.017913690476190475 0.028295238095238096
4 0.6532252430915833 0.40604445338249207 0.016077380952380954 0.027190476190476192
0 0.7111775875091553 0.4941958487033844 0.016904761904761905 0.02866190476190476
4 0.8016865253448486 0.632280170917511 0.01737797619047619 0.029795238095238097
3 0.8351816534996033 0.5906769633293152 0.01737797619047619 0.026704761904761905
4 0.3091072142124176 0.28375643491744995 0.017848214285714287 0.02896190476190476
3 0.3699595630168915 0.3275289535522461 0.016592261904761905 0.026147619047619045
3 0.42695653438568115 0.2851260304450989 0.016342261904761905 0.026952380952380953
4 0.5118934512138367 0.31235870718955994 0.016845238095238097 0.026952380952380953
3 0.6058636903762817 0.2858961522579193 0.016089285714285716 0.026952380952380953
2 0.14212198555469513 0.3594774305820465 0.004247023809523809 0.007066666666666666
2 0.1429322510957718 0.4942046105861664 0.004755952380952381 0.006795238095238095
2 0.14357461035251617 0.6289588809013367 0.004247023809523809 0.00788095238095238
2 0.25206252932548523 0.8007997274398804 0.004247023809523809 0.007338095238095238
2 0.3362444341182709 0.8001694083213806 0.004755952380952381 0.006795238095238095
2 0.4208367168903351 0.7994017601013184 0.005264880952380953 0.008695238095238096
2 0.5905139446258545 0.7987984418869019 0.004416666666666667 0.006252380952380953
2 0.6755116581916809 0.7980294823646545 0.004586309523809524 0.006523809523809524
2 0.7606181502342224 0.7972579598426819 0.004508928571428572 0.006242857142857143
2 0.8689055442810059 0.6223823428153992 0.004485119047619048 0.007523809523809524
2 0.8674668669700623 0.4859141409397125 0.004154761904761905 0.005776190476190476
2 0.8660834431648254 0.3499535322189331 0.0039375 0.006647619047619048
2 0.7550169229507446 0.1775122433900833 0.004702380952380953 0.006999999999999999
2 0.6700204610824585 0.1785951405763626 0.004812500000000001 0.006999999999999999
2 0.585268497467041 0.17993417382240295 0.005139880952380952 0.007523809523809524
2 0.332317054271698 0.18366193771362305 0.004264880952380952 0.006823809523809524
2 0.24827688932418823 0.18533025681972504 0.004047619047619047 0.0063
