4 0.3899344205856323 0.689062774181366 0.01649404761904762 0.027695238095238092
3 0.5832485556602478 0.7196193337440491 0.016345238095238097 0.02896190476190476
1 0.5932374596595764 0.5955572128295898 0.01675 0.0281
3 0.38728582859039307 0.4694485068321228 0.01699404761904762 0.027561904761904763
3 0.5671975016593933 0.4708215594291687 0.01676488095238095 0.025357142857142856
4 0.5692678093910217 0.3682120442390442 0.017913690476190475 0.028295238095238096
4 0.6547566652297974 0.4042629301548004 0.016077380952380954 0.027190476190476192
0 0.7121281027793884 0.4916017949581146 0.016904761904761905 0.02866190476190476
4 0.8015187382698059 0.62809157371521 0.01737797619047619 0.029795238095238097
3 0.8347917199134827 0.5872608423233032 0.01737797619047619 0.026704761904761905
4 0.309389591217041 0.27964138984680176 0.017848214285714287 0.02896190476190476
3 0.3707422912120819 0.32379576563835144 0.016592261904761905 0.026147619047619045
3 0.4285220801830292 0.28243061900138855 0.016342261904761905 0.026952380952380953
4 0.5138044357299805 0.31036269664764404 0.016845238095238097 0.026952380952380953
3 0.607997477054596 0.28534239530563354 0.016089285714285716 0.026952380952380953
2 0.13874971866607666 0.3531581461429596 0.004247023809523809 0.007066666666666666
2 0.13857170939445496 0.48779913783073425 0.004755952380952381 0.006795238095238095
2 0.13822101056575775 0.6227046847343445 0.004247023809523809 0.00788095238095238
2 0.24798189103603363 0.794951319694519 0.004247023809523809 0.007338095238095238
2 0.3337213099002838 0.7942163944244385 0.004755952380952381 0.006795238095238095
2 0.41949912905693054 0.793347179889679 0.005264880952380953 0.008695238095238096
2 0.5904105305671692 0.7925448417663574 0.004416666666666667 0.006252380952380953
2 0.6754624247550964 0.7916833162307739 0.004586309523809524 0.006523809523809524
2 0.7602473497390747 0.7908229231834412 0.004508928571428572 0.006242857142857143
2 0.868028461933136 0.6185658574104309 0.004485119047619048 0.007523809523809524
2 0.8669558763504028 0.4845019280910492 0.004154761904761905 0.005776190476190476
2 0.8659382462501526 0.351166695356369 0.0039375 0.006647619047619048
2 0.7567170858383179 0.1807931661605835 0.004702380952380953 0.006999999999999999
2 0.6723673939704895 0.18061359226703644 0.004812500000000001 0.006999999999999999
2 0.5878884196281433 0.18068896234035492 0.005139880952380952 0.007523809523809524
2 0.33352574706077576 0.18064962327480316 0.004264880952380952 0.006823809523809524
2 0.24826723337173462 0.18106336891651154 0.004047619047619047 0.0063
