1 0.37900641560554504 0.47563859820365906 0.013541666666666667 0.022222222222222223
3 0.6083868145942688 0.5403282642364502 0.015104166666666667 0.025
4 0.6124585270881653 0.5443443059921265 0.015625 0.022222222222222223
4 0.6160280704498291 0.5505958199501038 0.016145833333333335 0.024074074074074074
3 0.6193428635597229 0.5564011931419373 0.015625 0.025
4 0.6258984208106995 0.5358332395553589 0.013541666666666667 0.011111111111111112
3 0.6421656012535095 0.5384913682937622 0.0125 0.011111111111111112
0 0.6294671893119812 0.5411919951438904 0.013020833333333334 0.011111111111111112
4 0.6332903504371643 0.5465507507324219 0.013541666666666667 0.011111111111111112
4 0.6589475274085999 0.540255606174469 0.013541666666666667 0.011111111111111112
3 0.6464974880218506 0.5434033274650574 0.014583333333333334 0.011111111111111112
3 0.6767758727073669 0.5514129996299744 0.015625 0.028703703703703703
3 0.6645744442939758 0.5550060868263245 0.016145833333333335 0.02962962962962963
4 0.6516132950782776 0.5577043294906616 0.016666666666666666 0.02962962962962963
3 0.6386587619781494 0.5608484745025635 0.016666666666666666 0.02962962962962963
4 0.6252018213272095 0.5639917254447937 0.019270833333333334 0.030555555555555555
2 0.7084838151931763 0.6225125193595886 0.005729166666666666 0.009259259259259259
2 0.786443293094635 0.5974194407463074 0.005729166666666666 0.009259259259259259
2 0.8546355366706848 0.5763059854507446 0.005729166666666666 0.009259259259259259
2 0.8220741152763367 0.522534191608429 0.005729166666666666 0.009259259259259259
2 0.7513154745101929 0.5038415789604187 0.005729166666666666 0.009259259259259259
2 0.6893659830093384 0.4883013665676117 0.005729166666666666 0.009259259259259259
2 0.5868703722953796 0.4594835638999939 0.005729166666666666 0.009259259259259259
2 0.4904869496822357 0.6064940690994263 0.0078125 0.012037037037037037
2 0.4287535846233368 0.5753379464149475 0.0078125 0.012037037037037037
2 0.3764604926109314 0.5473394989967346 0.0078125 0.012037037037037037
2 0.29451948404312134 0.5056481957435608 0.0078125 0.012037037037037037
2 0.26204022765159607 0.4870418906211853 0.0078125 0.012037037037037037
2 0.23311614990234375 0.4719987213611603 0.0078125 0.012037037037037037
2 0.28325125575065613 0.44562795758247375 0.003125 0.005555555555555556
2 0.5439834594726562 0.4484333097934723 0.0036458333333333334 0.005555555555555556
2 0.5051999688148499 0.4369383454322815 0.0036458333333333334 0.005555555555555556
2 0.3965253531932831 0.43281546235084534 0.0020833333333333333 0.003703703703703704
2 0.34210261702537537 0.43922069668769836 0.0020833333333333333 0.003703703703703704
