1 0.37433329224586487 0.459121435880661 0.013541666666666667 0.022222222222222223
3 0.6066838502883911 0.5257899165153503 0.015104166666666667 0.025
4 0.6107867360115051 0.529896080493927 0.015625 0.022222222222222223
4 0.6143817901611328 0.5362840890884399 0.016145833333333335 0.024074074074074074
3 0.6177200675010681 0.5422160625457764 0.015625 0.025
4 0.6243359446525574 0.5212239027023315 0.013541666666666667 0.011111111111111112
3 0.6407174468040466 0.5239584445953369 0.0125 0.011111111111111112
0 0.6279288530349731 0.5266982913017273 0.013020833333333334 0.011111111111111112
4 0.6317777633666992 0.532172679901123 0.013541666666666667 0.011111111111111112
4 0.6576050519943237 0.5257799625396729 0.013541666666666667 0.011111111111111112
3 0.6450766921043396 0.5289759039878845 0.014583333333333334 0.011111111111111112
3 0.6755325794219971 0.5371795892715454 0.015625 0.028703703703703703
3 0.6632639169692993 0.5408327579498291 0.016145833333333335 0.02962962962962963
4 0.650222897529602 0.5435744524002075 0.016666666666666666 0.02962962962962963
3 0.6371797323226929 0.5467731356620789 0.016666666666666666 0.02962962962962963
4 0.6236215829849243 0.5499728322029114 0.019270833333333334 0.030555555555555555
2 0.707409679889679 0.6097161173820496 0.005729166666666666 0.009259259259259259
2 0.7855423092842102 0.5841075778007507 0.005729166666666666 0.009259259259259259
2 0.8536224365234375 0.5626435279846191 0.005729166666666666 0.009259259259259259
2 0.8210480213165283 0.5079821944236755 0.005729166666666666 0.009259259259259259
2 0.7502909302711487 0.4888482987880707 0.005729166666666666 0.009259259259259259
2 0.6881721019744873 0.47289055585861206 0.005729166666666666 0.009259259259259259
2 0.5850448608398438 0.443228542804718 0.005729166666666666 0.009259259259259259
2 0.48735201358795166 0.593441367149353 0.0078125 0.012037037037037037
2 0.4247021973133087 0.5614770650863647 0.0078125 0.012037037037037037
2 0.37152549624443054 0.5326935052871704 0.0078125 0.012037037037037037
2 0.2879876494407654 0.48972275853157043 0.0078125 0.012037037037037037
2 0.2548139989376068 0.4705139696598053 0.0078125 0.012037037037037037
2 0.22523227334022522 0.4549594819545746 0.0078125 0.012037037037037037
2 0.2766946256160736 0.4280151426792145 0.003125 0.005555555555555556
2 0.5417627096176147 0.4318087697029114 0.0036458333333333334 0.005555555555555556
2 0.5025575160980225 0.4199295938014984 0.0036458333333333334 0.005555555555555556
2 0.3922897279262543 0.41529765725135803 0.0020833333333333333 0.003703703703703704
2 0.3368318974971771 0.42165470123291016 0.0020833333333333333 0.003703703703703704
