4 0.2205067276954651 0.5407324433326721 0.0171875 0.026851851851851852
3 0.25372156500816345 0.5545873045921326 0.016666666666666666 0.027777777777777776
3 0.3130354583263397 0.5410905480384827 0.016666666666666666 0.026851851851851852
0 0.3190228044986725 0.4955221712589264 0.015625 0.025
3 0.50661700963974 0.6452009677886963 0.018229166666666668 0.030555555555555555
4 0.34920966625213623 0.4651111364364624 0.014583333333333334 0.023148148148148147
4 0.39304307103157043 0.43608471751213074 0.0140625 0.023148148148148147
4 0.4396955370903015 0.5034933686256409 0.015625 0.025925925925925925
3 0.5114172101020813 0.47454190254211426 0.014583333333333334 0.023148148148148147
1 0.48247772455215454 0.3639265298843384 0.0125 0.020370370370370372
3 0.4997442960739136 0.3608904182910919 0.011979166666666667 0.020370370370370372
3 0.547126829624176 0.3102771043777466 0.0109375 0.019444444444444445
3 0.6025770306587219 0.3303041458129883 0.011458333333333333 0.019444444444444445
4 0.6312086582183838 0.33304068446159363 0.011458333333333333 0.019444444444444445
4 0.6089174151420593 0.42400386929512024 0.013541666666666667 0.022222222222222223
4 0.6343835592269897 0.5139660239219666 0.016666666666666666 0.025925925925925925
2 0.3580198287963867 0.7080708146095276 0.0078125 0.012962962962962963
2 0.2762223482131958 0.6641861796379089 0.0078125 0.012962962962962963
2 0.20072129368782043 0.6257129907608032 0.0078125 0.012962962962962963
2 0.5534407496452332 0.6733896732330322 0.0078125 0.012962962962962963
2 0.2079429030418396 0.5150169134140015 0.0078125 0.012962962962962963
2 0.2693316638469696 0.4718994200229645 0.005208333333333333 0.008333333333333333
2 0.324250727891922 0.43452078104019165 0.0046875 0.007407407407407408
2 0.6024948358535767 0.610084593296051 0.0125 0.019444444444444445
2 0.6450605988502502 0.5556791424751282 0.0125 0.019444444444444445
2 0.7159318327903748 0.464650958776474 0.0125 0.019444444444444445
2 0.7442532777786255 0.42756354808807373 0.009895833333333333 0.01574074074074074
2 0.7712826132774353 0.39491409063339233 0.009895833333333333 0.01574074074074074
2 0.7176513671875 0.33551374077796936 0.009895833333333333 0.01574074074074074
2 0.6580105423927307 0.32075977325439453 0.009895833333333333 0.01574074074074074
2 0.6015087366104126 0.30646732449531555 0.009895833333333333 0.01574074074074074
2 0.4919927418231964 0.31849485635757446 0.009895833333333333 0.01574074074074074
2 0.45567601919174194 0.34485968947410583 0.009895833333333333 0.01574074074074074
2 0.4157443344593048 0.369894802570343 0.009895833333333333 0.01574074074074074
