4 0.20612220466136932 0.5937392711639404 0.01875 0.027777777777777776
3 0.2398187667131424 0.6059497594833374 0.0171875 0.028703703703703703
3 0.49926117062568665 0.6857131719589233 0.019270833333333334 0.03148148148148148
3 0.36859479546546936 0.6511229872703552 0.018229166666666668 0.02962962962962963
1 0.3037092983722687 0.589596688747406 0.0171875 0.026851851851851852
0 0.3079460859298706 0.5506085157394409 0.015625 0.025925925925925925
4 0.38407179713249207 0.4970408082008362 0.0140625 0.023148148148148147
3 0.5032998919487 0.5295001864433289 0.014583333333333334 0.024074074074074074
3 0.4912765622138977 0.4286198616027832 0.0125 0.019444444444444445
3 0.5929405093193054 0.40198788046836853 0.011458333333333333 0.019444444444444445
4 0.6209350824356079 0.40415722131729126 0.011458333333333333 0.018518518518518517
4 0.6343511939048767 0.45641839504241943 0.013541666666666667 0.021296296296296296
4 0.600504457950592 0.4831828474998474 0.0140625 0.022222222222222223
4 0.5931909084320068 0.5712359547615051 0.016145833333333335 0.027777777777777776
4 0.5949200987815857 0.5258553624153137 0.015104166666666667 0.024074074074074074
2 0.3437437117099762 0.7487258315086365 0.010416666666666666 0.016666666666666666
2 0.2586751878261566 0.7066131234169006 0.010416666666666666 0.016666666666666666
2 0.1830584853887558 0.6703696846961975 0.010416666666666666 0.016666666666666666
2 0.5477694272994995 0.7106288075447083 0.010416666666666666 0.016666666666666666
2 0.5981805324554443 0.6508926749229431 0.010416666666666666 0.016666666666666666
2 0.6411926746368408 0.599402666091919 0.010416666666666666 0.016666666666666666
2 0.19395390152931213 0.5704164505004883 0.010416666666666666 0.016666666666666666
2 0.2585434019565582 0.5283709764480591 0.010416666666666666 0.016666666666666666
2 0.708569347858429 0.5184399485588074 0.010416666666666666 0.016666666666666666
2 0.7359949350357056 0.48346737027168274 0.005729166666666666 0.009259259259259259
2 0.7606096863746643 0.4540005326271057 0.005729166666666666 0.009259259259259259
2 0.7072004675865173 0.4033085107803345 0.005729166666666666 0.009259259259259259
2 0.6465988159179688 0.3921036422252655 0.005729166666666666 0.009259259259259259
2 0.590342104434967 0.3817935585975647 0.005729166666666666 0.009259259259259259
2 0.40831458568573 0.437263160943985 0.005729166666666666 0.009259259259259259
2 0.44731178879737854 0.41412654519081116 0.0046875 0.007407407407407408
2 0.48297521471977234 0.39146098494529724 0.0046875 0.007407407407407408
