4 0.3878975510597229 0.43638938665390015 0.013020833333333334 0.020370370370370372
4 0.29744753241539 0.5076537132263184 0.014583333333333334 0.023148148148148147
4 0.3193764388561249 0.5699577927589417 0.016145833333333335 0.025925925925925925
0 0.36115899682044983 0.5438961386680603 0.015625 0.025
4 0.3903847932815552 0.5662195682525635 0.016145833333333335 0.026851851851851852
4 0.44932860136032104 0.5541509985923767 0.015625 0.025925925925925925
1 0.4938047230243683 0.44246870279312134 0.013020833333333334 0.020370370370370372
3 0.49536532163619995 0.4940685033798218 0.0140625 0.023148148148148147
4 0.5333495736122131 0.45242542028427124 0.013020833333333334 0.022222222222222223
3 0.6317291855812073 0.5010005831718445 0.0140625 0.024074074074074074
3 0.632263720035553 0.46476519107818604 0.013541666666666667 0.021296296296296296
3 0.5517283082008362 0.41611456871032715 0.011979166666666667 0.020370370370370372
3 0.6113168001174927 0.3848264515399933 0.0109375 0.014814814814814815
3 0.6092644929885864 0.39545729756355286 0.0109375 0.018518518518518517
2 0.30975615978240967 0.6844690442085266 0.011458333333333333 0.017592592592592594
2 0.2413959503173828 0.6447179317474365 0.011458333333333333 0.017592592592592594
2 0.17894598841667175 0.6106972098350525 0.011458333333333333 0.017592592592592594
2 0.20135027170181274 0.517257809638977 0.0109375 0.017592592592592594
2 0.26371070742607117 0.48494353890419006 0.011458333333333333 0.017592592592592594
2 0.31836527585983276 0.45478886365890503 0.011458333333333333 0.017592592592592594
2 0.4980115294456482 0.6639873385429382 0.011458333333333333 0.017592592592592594
2 0.555316686630249 0.6097507476806641 0.011458333333333333 0.017592592592592594
2 0.6025494933128357 0.564224123954773 0.011458333333333333 0.017592592592592594
2 0.6816735863685608 0.48930007219314575 0.005208333333333333 0.008333333333333333
2 0.7147931456565857 0.4572990834712982 0.005208333333333333 0.008333333333333333
2 0.7443593740463257 0.4301406741142273 0.005208333333333333 0.008333333333333333
2 0.7005223631858826 0.37987348437309265 0.005208333333333333 0.008333333333333333
2 0.6448810696601868 0.3660324513912201 0.005208333333333333 0.008333333333333333
2 0.41226455569267273 0.4045183062553406 0.005208333333333333 0.008333333333333333
2 0.45246753096580505 0.3826654553413391 0.005208333333333333 0.008333333333333333
2 0.48941847681999207 0.3621242940425873 0.005208333333333333 0.008333333333333333
2 0.5934114456176758 0.3539554178714752 0.005208333333333333 0.008333333333333333
