4 0.39417344331741333 0.434339314699173 0.013020833333333334 0.020370370370370372
4 0.30282434821128845 0.5084913969039917 0.014583333333333334 0.023148148148148147
4 0.32500025629997253 0.5739453434944153 0.016145833333333335 0.025925925925925925
0 0.36724090576171875 0.5467782616615295 0.015625 0.025
4 0.3967779874801636 0.5703063607215881 0.016145833333333335 0.026851851851851852
4 0.45625102519989014 0.5578974485397339 0.015625 0.025925925925925925
1 0.5008715987205505 0.4412841796875 0.013020833333333334 0.020370370370370372
3 0.5025377869606018 0.4952206015586853 0.0140625 0.023148148148148147
4 0.5406634211540222 0.45189961791038513 0.013020833333333334 0.022222222222222223
3 0.6396095752716064 0.5031242966651917 0.0140625 0.024074074074074074
3 0.6400258541107178 0.46530666947364807 0.013541666666666667 0.021296296296296296
3 0.5590464472770691 0.414102703332901 0.011979166666666667 0.020370370370370372
3 0.6187626123428345 0.3818436563014984 0.0109375 0.014814814814814815
3 0.6167373061180115 0.39290788769721985 0.0109375 0.018518518518518517
2 0.3152512311935425 0.694256603717804 0.011458333333333333 0.017592592592592594
2 0.2459658980369568 0.6522387862205505 0.011458333333333333 0.017592592592592594
2 0.1826189011335373 0.6162378191947937 0.011458333333333333 0.017592592592592594
2 0.2054879516363144 0.5181170105934143 0.0109375 0.017592592592592594
2 0.2686966061592102 0.48451656103134155 0.011458333333333333 0.017592592592592594
2 0.32398128509521484 0.4532087445259094 0.011458333333333333 0.017592592592592594
2 0.5055230259895325 0.6732312440872192 0.011458333333333333 0.017592592592592594
2 0.5631347894668579 0.6165434718132019 0.011458333333333333 0.017592592592592594
2 0.6105086207389832 0.5690662264823914 0.011458333333333333 0.017592592592592594
2 0.6896518468856812 0.491155207157135 0.005208333333333333 0.008333333333333333
2 0.7226952314376831 0.45795735716819763 0.005208333333333333 0.008333333333333333
2 0.7521588206291199 0.4298296272754669 0.005208333333333333 0.008333333333333333
2 0.7080955505371094 0.3772447407245636 0.005208333333333333 0.008333333333333333
2 0.6523399949073792 0.362484335899353 0.005208333333333333 0.008333333333333333
2 0.41871294379234314 0.40116819739341736 0.005208333333333333 0.008333333333333333
2 0.45917588472366333 0.37859582901000977 0.005208333333333333 0.008333333333333333
2 0.49631407856941223 0.35740214586257935 0.005208333333333333 0.008333333333333333
2 0.6007153391838074 0.3495732545852661 0.005208333333333333 0.008333333333333333
