4 0.5984867811203003 0.44687187671661377 0.013020833333333334 0.020370370370370372
4 0.6898070573806763 0.5207986831665039 0.014583333333333334 0.023148148148148147
4 0.668254017829895 0.5843040347099304 0.016145833333333335 0.025925925925925925
0 0.6262057423591614 0.5571386218070984 0.015625 0.025
4 0.597238302230835 0.5795263648033142 0.016145833333333335 0.026851851851851852
4 0.5385084748268127 0.5664682388305664 0.015625 0.025925925925925925
1 0.49313870072364807 0.45225390791893005 0.013020833333333334 0.020370370370370372
3 0.4922131597995758 0.5048197507858276 0.0140625 0.023148148148148147
4 0.4541544020175934 0.46207791566848755 0.013020833333333334 0.022222222222222223
3 0.35817950963974 0.5104466080665588 0.0140625 0.024074074074074074
3 0.3571070730686188 0.47375816106796265 0.013541666666666667 0.021296296296296296
3 0.4355405271053314 0.4249526560306549 0.011979166666666667 0.020370370370370372
3 0.37644609808921814 0.39271998405456543 0.0109375 0.014814814814814815
3 0.37861835956573486 0.40355172753334045 0.0109375 0.018518518518518517
2 0.6787702441215515 0.7011451721191406 0.011458333333333333 0.017592592592592594
2 0.747147798538208 0.6618671417236328 0.011458333333333333 0.017592592592592594
2 0.8100926280021667 0.6280685067176819 0.011458333333333333 0.017592592592592594
2 0.7869356274604797 0.5317487120628357 0.0109375 0.017592592592592594
2 0.723649799823761 0.4978308081626892 0.011458333333333333 0.017592592592592594
2 0.6683679819107056 0.4663268029689789 0.011458333333333333 0.017592592592592594
2 0.49163827300071716 0.6769945025444031 0.011458333333333333 0.017592592592592594
2 0.43459394574165344 0.6213130950927734 0.011458333333333333 0.017592592592592594
2 0.3876616656780243 0.5746828317642212 0.011458333333333333 0.017592592592592594
2 0.3092557191848755 0.49811485409736633 0.005208333333333333 0.008333333333333333
2 0.2764986753463745 0.465490460395813 0.005208333333333333 0.008333333333333333
2 0.24731650948524475 0.43782514333724976 0.005208333333333333 0.008333333333333333
2 0.2890789210796356 0.38721469044685364 0.005208333333333333 0.008333333333333333
2 0.34323495626449585 0.3734242618083954 0.005208333333333333 0.008333333333333333
2 0.5738248229026794 0.4140159487724304 0.005208333333333333 0.008333333333333333
2 0.533505380153656 0.3913714289665222 0.005208333333333333 0.008333333333333333
2 0.4965271055698395 0.3701392710208893 0.005208333333333333 0.008333333333333333
2 0.3936024606227875 0.3613422214984894 0.005208333333333333 0.008333333333333333
