4 0.5765525102615356 0.7344141006469727 0.023958333333333335 0.03981481481481482
4 0.5236917734146118 0.6811526417732239 0.021875 0.03611111111111111
1 0.6846440434455872 0.5889775156974792 0.018229166666666668 0.02962962962962963
4 0.44752562046051025 0.43205681443214417 0.013541666666666667 0.021296296296296296
2 0.3625357747077942 0.7527585625648499 0.010416666666666666 0.016666666666666666
2 0.31631216406822205 0.6922914981842041 0.010416666666666666 0.016666666666666666
2 0.2761002779006958 0.6413059234619141 0.010416666666666666 0.016666666666666666
2 0.21484163403511047 0.5616950392723083 0.010416666666666666 0.016666666666666666
2 0.19052249193191528 0.5311581492424011 0.010416666666666666 0.016666666666666666
2 0.5972909331321716 0.7870703935623169 0.010416666666666666 0.016666666666666666
2 0.705744743347168 0.7428856492042542 0.011979166666666667 0.018518518518518517
2 0.8011928796768188 0.7057739496231079 0.011979166666666667 0.018518518518518517
2 0.8057979345321655 0.6056645512580872 0.011979166666666667 0.018518518518518517
2 0.7377603650093079 0.5694558024406433 0.011979166666666667 0.018518518518518517
2 0.6793848276138306 0.5351489186286926 0.011979166666666667 0.018518518518518517
2 0.5826897025108337 0.48057517409324646 0.005208333333333333 0.008333333333333333
2 0.5418859720230103 0.4579756557941437 0.0026041666666666665 0.004629629629629629
2 0.5051392912864685 0.4377363324165344 0.0026041666666666665 0.004629629629629629
2 0.3840709626674652 0.4277413487434387 0.0026041666666666665 0.004629629629629629
2 0.3165069818496704 0.43915340304374695 0.004166666666666667 0.006481481481481481
2 0.24436868727207184 0.4507627487182617 0.004166666666666667 0.006481481481481481
2 0.16902615129947662 0.5000092387199402 0.004166666666666667 0.006481481481481481
