3 0.49456092715263367 0.5102375149726868 0.009895833333333333 0.01574074074074074
3 0.4870040714740753 0.552521824836731 0.0109375 0.017592592592592594
0 0.4744296967983246 0.5652204155921936 0.011458333333333333 0.018518518518518517
3 0.4902682900428772 0.5954912900924683 0.011979166666666667 0.011111111111111112
3 0.5198523998260498 0.587605357170105 0.011979166666666667 0.019444444444444445
3 0.5566422939300537 0.5856792330741882 0.011979166666666667 0.018518518518518517
3 0.5863142609596252 0.5496856570243835 0.0109375 0.017592592592592594
1 0.6017140746116638 0.545545756816864 0.010416666666666666 0.017592592592592594
3 0.6215484738349915 0.5584539175033569 0.011458333333333333 0.017592592592592594
2 0.5999348759651184 0.6093319058418274 0.0036458333333333334 0.005555555555555556
2 0.5289401412010193 0.6065546870231628 0.0036458333333333334 0.005555555555555556
2 0.4575751721858978 0.6051090955734253 0.0036458333333333334 0.005555555555555556
2 0.377975195646286 0.5744079351425171 0.0036458333333333334 0.005555555555555556
2 0.38565024733543396 0.5548796653747559 0.0046875 0.007407407407407408
2 0.3923020660877228 0.5384666919708252 0.0046875 0.007407407407407408
2 0.40406233072280884 0.508303165435791 0.0046875 0.007407407407407408
2 0.40917137265205383 0.4945512115955353 0.0046875 0.007407407407407408
2 0.4137718975543976 0.4830262362957001 0.0046875 0.007407407407407408
2 0.678114116191864 0.5819272398948669 0.0046875 0.007407407407407408
2 0.6698205471038818 0.5630272030830383 0.004166666666666667 0.006481481481481481
2 0.6623019576072693 0.5454795956611633 0.004166666666666667 0.006481481481481481
2 0.6490733623504639 0.5135402083396912 0.004166666666666667 0.006481481481481481
2 0.6438868641853333 0.5013898015022278 0.004166666666666667 0.006481481481481481
2 0.6384435296058655 0.4892331659793854 0.004166666666666667 0.006481481481481481
2 0.5731338262557983 0.47264745831489563 0.004166666666666667 0.006481481481481481
2 0.5258093476295471 0.47161412239074707 0.0020833333333333333 0.003703703703703704
