3 0.496689110994339 0.5185205340385437 0.009895833333333333 0.01574074074074074
3 0.4890831708908081 0.5613746643066406 0.0109375 0.017592592592592594
0 0.4765067398548126 0.5745592713356018 0.011458333333333333 0.018518518518518517
3 0.49229228496551514 0.6045052409172058 0.011979166666666667 0.011111111111111112
3 0.5218401551246643 0.5956332087516785 0.011979166666666667 0.019444444444444445
3 0.5585716962814331 0.5925241708755493 0.011979166666666667 0.018518518518518517
3 0.5882988572120667 0.5553613901138306 0.0109375 0.017592592592592594
1 0.6036930084228516 0.5507031679153442 0.010416666666666666 0.017592592592592594
3 0.6234540343284607 0.5630684494972229 0.011458333333333333 0.017592592592592594
2 0.6017049551010132 0.614917516708374 0.0036458333333333334 0.005555555555555556
2 0.5308758616447449 0.6143915057182312 0.0036458333333333334 0.005555555555555556
2 0.45964404940605164 0.6152155995368958 0.0036458333333333334 0.005555555555555556
2 0.38013172149658203 0.5868776440620422 0.0036458333333333334 0.005555555555555556
2 0.3877863585948944 0.5669735670089722 0.0046875 0.007407407407407408
2 0.3944252133369446 0.5502275824546814 0.0046875 0.007407407407407408
2 0.40617167949676514 0.5194406509399414 0.0046875 0.007407407407407408
2 0.41127854585647583 0.5054013133049011 0.0046875 0.007407407407407408
2 0.4158795177936554 0.49362000823020935 0.0046875 0.007407407407407408
2 0.6798104643821716 0.584883451461792 0.0046875 0.007407407407407408
2 0.6716234087944031 0.5661362409591675 0.004166666666666667 0.006481481481481481
2 0.6641978621482849 0.5487118363380432 0.004166666666666667 0.006481481481481481
2 0.6511248350143433 0.5169507265090942 0.004166666666666667 0.006481481481481481
2 0.645993173122406 0.5048623085021973 0.004166666666666667 0.006481481481481481
2 0.6406021118164062 0.4927698075771332 0.004166666666666667 0.006481481481481481
2 0.5753504633903503 0.4780931770801544 0.004166666666666667 0.006481481481481481
2 0.5280078649520874 0.47854703664779663 0.0020833333333333333 0.003703703703703704
