4 0.7725876569747925 0.6607783436775208 0.019791666666666666 0.032407407407407406
3 0.7285397052764893 0.6927871704101562 0.0203125 0.03148148148148148
4 0.6741597652435303 0.6607608199119568 0.019791666666666666 0.032407407407407406
3 0.6502348780632019 0.6732067465782166 0.019791666666666666 0.032407407407407406
4 0.652297854423523 0.6273012757301331 0.01875 0.02962962962962963
0 0.6367344260215759 0.6023681163787842 0.0171875 0.028703703703703703
3 0.5952172875404358 0.6844775080680847 0.019791666666666666 0.032407407407407406
4 0.5494266152381897 0.6800986528396606 0.019791666666666666 0.032407407407407406
3 0.5835822820663452 0.5779851675033569 0.016666666666666666 0.027777777777777776
4 0.5600264668464661 0.5826971530914307 0.017708333333333333 0.026851851851851852
4 0.4305657148361206 0.6730970740318298 0.019791666666666666 0.03333333333333333
3 0.4121176302433014 0.6396514773368835 0.01875 0.03148148148148148
3 0.41710683703422546 0.5995937585830688 0.018229166666666668 0.028703703703703703
1 0.49376383423805237 0.5144745707511902 0.015104166666666667 0.024074074074074074
3 0.4523632824420929 0.4868479371070862 0.013541666666666667 0.023148148148148147
4 0.4482772946357727 0.43844035267829895 0.013020833333333334 0.020370370370370372
2 0.41577938199043274 0.7397454380989075 0.005729166666666666 0.009259259259259259
2 0.6320537328720093 0.774675726890564 0.005729166666666666 0.009259259259259259
2 0.720751941204071 0.7346017360687256 0.005729166666666666 0.009259259259259259
2 0.3623858690261841 0.6778956651687622 0.005729166666666666 0.009259259259259259
2 0.3168364465236664 0.6265891194343567 0.005729166666666666 0.009259259259259259
2 0.6661891937255859 0.5228986740112305 0.005729166666666666 0.009259259259259259
2 0.7231483459472656 0.5567619800567627 0.005729166666666666 0.009259259259259259
2 0.798782229423523 0.6960969567298889 0.005729166666666666 0.009259259259259259
2 0.7886088490486145 0.5972877740859985 0.004166666666666667 0.007407407407407408
2 0.24250313639640808 0.5408762097358704 0.004166666666666667 0.007407407407407408
2 0.21230950951576233 0.5066144466400146 0.003125 0.004629629629629629
2 0.18572458624839783 0.474497526884079 0.003125 0.004629629629629629
2 0.24706315994262695 0.4253041446208954 0.003125 0.004629629629629629
2 0.3132666051387787 0.4127148985862732 0.003125 0.004629629629629629
2 0.374115914106369 0.40311959385871887 0.003125 0.004629629629629629
2 0.5690468549728394 0.4643060266971588 0.003125 0.004629629629629629
2 0.48995062708854675 0.4167200028896332 0.003125 0.005555555555555556
2 0.5275610685348511 0.43966031074523926 0.003125 0.005555555555555556
