4 0.7604829668998718 0.6803056001663208 0.019791666666666666 0.032407407407407406
3 0.7139569520950317 0.7142583727836609 0.0203125 0.03148148148148148
4 0.6580418944358826 0.680480420589447 0.019791666666666666 0.032407407407407406
3 0.6331466436386108 0.693620502948761 0.019791666666666666 0.032407407407407406
4 0.6360348463058472 0.6453350782394409 0.01875 0.02962962962962963
0 0.6204372644424438 0.6192271113395691 0.0171875 0.028703703703703703
3 0.5764844417572021 0.7054920196533203 0.019791666666666666 0.032407407407407406
4 0.5298861265182495 0.700925350189209 0.019791666666666666 0.032407407407407406
3 0.5664363503456116 0.5940648317337036 0.016666666666666666 0.027777777777777776
4 0.54236900806427 0.5991683006286621 0.017708333333333333 0.026851851851851852
4 0.4102337956428528 0.6937304735183716 0.019791666666666666 0.03333333333333333
3 0.3924511671066284 0.6591453552246094 0.01875 0.03148148148148148
3 0.39818045496940613 0.6177017092704773 0.018229166666666668 0.028703703703703703
1 0.4765487611293793 0.528847336769104 0.015104166666666667 0.024074074074074074
3 0.4354995787143707 0.5007897019386292 0.013541666666666667 0.023148148148148147
4 0.43230724334716797 0.4508453607559204 0.013020833333333334 0.020370370370370372
2 0.3942106366157532 0.76279217004776 0.005729166666666666 0.009259259259259259
2 0.612730085849762 0.8003828525543213 0.005729166666666666 0.009259259259259259
2 0.7051811218261719 0.7585070729255676 0.005729166666666666 0.009259259259259259
2 0.3423139154911041 0.6987490057945251 0.005729166666666666 0.009259259259259259
2 0.2983640730381012 0.6460446715354919 0.005729166666666666 0.009259259259259259
2 0.6520755887031555 0.5355348587036133 0.005729166666666666 0.009259259259259259
2 0.710503339767456 0.5705548524856567 0.005729166666666666 0.009259259259259259
2 0.78745037317276 0.7178075909614563 0.005729166666666666 0.009259259259259259
2 0.7782579660415649 0.6128856539726257 0.004166666666666667 0.007407407407407408
2 0.22736451029777527 0.5588293671607971 0.004166666666666667 0.007407407407407408
2 0.1987532675266266 0.5242615342140198 0.003125 0.004629629629629629
2 0.1737155169248581 0.49198251962661743 0.003125 0.004629629629629629
2 0.23415227234363556 0.4409734010696411 0.003125 0.004629629629629629
2 0.29907888174057007 0.4268977642059326 0.003125 0.004629629629629629
2 0.35921844840049744 0.4158797264099121 0.003125 0.004629629629629629
2 0.5536020994186401 0.47562918066978455 0.003125 0.004629629629629629
2 0.47448137402534485 0.42762407660484314 0.003125 0.005555555555555556
2 0.5119803547859192 0.45070427656173706 0.003125 0.005555555555555556
