4 0.7686573266983032 0.6696609854698181 0.019791666666666666 0.032407407407407406
3 0.7232035994529724 0.7031288146972656 0.0203125 0.03148148148148148
4 0.6689053773880005 0.6710523962974548 0.019791666666666666 0.032407407407407406
3 0.6443871259689331 0.6841477155685425 0.019791666666666666 0.032407407407407406
4 0.6476163268089294 0.6370882391929626 0.01875 0.02962962962962963
0 0.6325015425682068 0.6117901802062988 0.0171875 0.028703703703703703
3 0.5884858965873718 0.6964671611785889 0.019791666666666666 0.032407407407407406
4 0.5423657298088074 0.6926238536834717 0.019791666666666666 0.032407407407407406
3 0.5794280767440796 0.5876510143280029 0.016666666666666666 0.027777777777777776
4 0.5555412173271179 0.5928300023078918 0.017708333333333333 0.026851851851851852
4 0.42280200123786926 0.6871301531791687 0.019791666666666666 0.03333333333333333
3 0.40513190627098083 0.6532271504402161 0.01875 0.03148148148148148
3 0.41120174527168274 0.6122557520866394 0.018229166666666668 0.028703703703703703
1 0.4905222952365875 0.5241813659667969 0.015104166666666667 0.024074074074074074
3 0.4495934545993805 0.49667325615882874 0.013541666666666667 0.023148148148148147
4 0.4467484652996063 0.4473962187767029 0.013020833333333334 0.020370370370370372
2 0.40617483854293823 0.7554610967636108 0.005729166666666666 0.009259259259259259
2 0.6234592795372009 0.7884316444396973 0.005729166666666666 0.009259259259259259
2 0.7142857313156128 0.7461491823196411 0.005729166666666666 0.009259259259259259
2 0.3541545271873474 0.6929866671562195 0.005729166666666666 0.009259259259259259
2 0.30982670187950134 0.6412832736968994 0.005729166666666666 0.009259259259259259
2 0.6642545461654663 0.5300073027610779 0.005729166666666666 0.009259259259259259
2 0.7210618257522583 0.5637639164924622 0.005729166666666666 0.009259259259259259
2 0.7944004535675049 0.7055509686470032 0.005729166666666666 0.009259259259259259
2 0.7864437103271484 0.6042883992195129 0.004166666666666667 0.007407407407407408
2 0.2377157360315323 0.5550912618637085 0.004166666666666667 0.007407407407407408
2 0.2084716260433197 0.5207184553146362 0.003125 0.004629629629629629
2 0.18280623853206635 0.4885069727897644 0.003125 0.004629629629629629
2 0.24543339014053345 0.437483012676239 0.003125 0.004629629629629629
2 0.3120056390762329 0.4235391318798065 0.003125 0.004629629629629629
2 0.3732324540615082 0.41271448135375977 0.003125 0.004629629629629629
2 0.5676429867744446 0.4717276990413666 0.003125 0.004629629629629629
2 0.48920875787734985 0.4245395064353943 0.003125 0.005555555555555556
2 0.526470422744751 0.44728127121925354 0.003125 0.005555555555555556
