1 0.5782959461212158 0.3703685700893402 0.0171875 0.02962962962962963
0 0.4070325195789337 0.6467289328575134 0.021354166666666667 0.03981481481481482
4 0.4163268506526947 0.6574350595474243 0.022916666666666665 0.040740740740740744
2 0.3852618634700775 0.7389107942581177 0.008854166666666666 0.01574074074074074
2 0.48912158608436584 0.7397793531417847 0.008854166666666666 0.01574074074074074
2 0.5946323871612549 0.7386227250099182 0.008854166666666666 0.01574074074074074
2 0.706180989742279 0.6590038537979126 0.009895833333333333 0.017592592592592594
2 0.6935269236564636 0.6035875678062439 0.009895833333333333 0.017592592592592594
2 0.6816211342811584 0.5505168437957764 0.009895833333333333 0.017592592592592594
2 0.6634671092033386 0.4619099497795105 0.009895833333333333 0.017592592592592594
2 0.6551873683929443 0.42310070991516113 0.009895833333333333 0.017592592592592594
2 0.6484373211860657 0.38714852929115295 0.009895833333333333 0.017592592592592594
2 0.2715991139411926 0.6580663919448853 0.010416666666666666 0.018518518518518517
2 0.28377822041511536 0.5999450087547302 0.010416666666666666 0.018518518518518517
2 0.29356375336647034 0.5513779520988464 0.010416666666666666 0.018518518518518517
2 0.31102582812309265 0.46358558535575867 0.010416666666666666 0.018518518518518517
2 0.3174319863319397 0.42318296432495117 0.010416666666666666 0.018518518518518517
2 0.3242761790752411 0.39011484384536743 0.010416666666666666 0.018518518518518517
2 0.5534372925758362 0.34737539291381836 0.004166666666666667 0.007407407407407408
2 0.48439279198646545 0.3478057384490967 0.004166666666666667 0.007407407407407408
2 0.4156600832939148 0.3486504554748535 0.004166666666666667 0.007407407407407408
