1 0.5972836017608643 0.3578595221042633 0.0171875 0.02962962962962963
0 0.4138318598270416 0.6569469571113586 0.021354166666666667 0.03981481481481482
4 0.42335814237594604 0.6684170365333557 0.022916666666666665 0.040740740740740744
2 0.3887525200843811 0.7579991221427917 0.008854166666666666 0.01574074074074074
2 0.498016893863678 0.7566276788711548 0.008854166666666666 0.01574074074074074
2 0.6082183718681335 0.7530286908149719 0.008854166666666666 0.01574074074074074
2 0.7247571349143982 0.6646330952644348 0.009895833333333333 0.017592592592592594
2 0.7124214172363281 0.6052945852279663 0.009895833333333333 0.017592592592592594
2 0.7008587121963501 0.5486204028129578 0.009895833333333333 0.017592592592592594
2 0.6833907961845398 0.45431816577911377 0.009895833333333333 0.017592592592592594
2 0.6754288077354431 0.41315457224845886 0.009895833333333333 0.017592592592592594
2 0.6690094470977783 0.37508708238601685 0.009895833333333333 0.017592592592592594
2 0.27045580744743347 0.6718834638595581 0.010416666666666666 0.018518518518518517
2 0.2849676311016083 0.6082281470298767 0.010416666666666666 0.018518518518518517
2 0.29662665724754333 0.5552783608436584 0.010416666666666666 0.018518518518518517
2 0.317345529794693 0.4601024389266968 0.010416666666666666 0.018518518518518517
2 0.32511934638023376 0.4165478050708771 0.010416666666666666 0.018518518518518517
2 0.33314162492752075 0.38098934292793274 0.010416666666666666 0.018518518518518517
2 0.5720885396003723 0.3336554765701294 0.004166666666666667 0.007407407407407408
2 0.5008236765861511 0.3345862925052643 0.004166666666666667 0.007407407407407408
2 0.42951884865760803 0.33596107363700867 0.004166666666666667 0.007407407407407408
