3 0.2761952579021454 0.5269381999969482 0.015401785714285715 0.024880952380952382
3 0.4146674871444702 0.646569550037384 0.01781547619047619 0.028747619047619046
3 0.5659134387969971 0.5269349813461304 0.015550595238095238 0.02584761904761905
1 0.44119128584861755 0.5557012557983398 0.01781547619047619 0.027299999999999998
0 0.620431661605835 0.64447021484375 0.017967261904761903 0.03043809523809524
3 0.7245930433273315 0.5674762725830078 0.017514880952380952 0.02899047619047619
3 0.5489650368690491 0.754570722579956 0.020532738095238093 0.03430476190476191
4 0.738568127155304 0.7107911705970764 0.020232142857142858 0.03189047619047619
2 0.6890093088150024 0.770987868309021 0.006223214285714286 0.006033333333333333
2 0.7684266567230225 0.7282604575157166 0.0048095238095238095 0.0051285714285714285
2 0.8413125872612 0.6897642016410828 0.00556547619047619 0.005580952380952381
2 0.8301127552986145 0.5947129130363464 0.005470238095238095 0.0037714285714285714
2 0.7638933658599854 0.5594654679298401 0.005535714285714286 0.00509047619047619
2 0.7040740251541138 0.5282336473464966 0.005124999999999999 0.004995238095238095
2 0.6007595062255859 0.47359082102775574 0.004830357142857143 0.004619047619047619
2 0.5551368594169617 0.4493253529071808 0.004241071428571428 0.004333333333333333
2 0.5134941339492798 0.4275922179222107 0.004300595238095238 0.004242857142857143
2 0.39248114824295044 0.4230785369873047 0.00412202380952381 0.004333333333333333
2 0.3325130045413971 0.4406481385231018 0.004654761904761905 0.003957142857142857
2 0.26909276843070984 0.4592258036136627 0.004005952380952381 0.0037714285714285714
2 0.22180582582950592 0.518878698348999 0.004595238095238095 0.0054666666666666665
2 0.25594568252563477 0.5486756563186646 0.004476190476190476 0.0048047619047619046
2 0.2933560609817505 0.5815674662590027 0.004416666666666667 0.004523809523809524
2 0.38050493597984314 0.6582269072532654 0.005241071428571428 0.005842857142857143
2 0.4322567284107208 0.7030861377716064 0.005535714285714286 0.005652380952380952
2 0.49080491065979004 0.7547457814216614 0.006654761904761905 0.005938095238095238
