3 0.7278339266777039 0.5286148190498352 0.015401785714285715 0.024880952380952382
3 0.5922568440437317 0.6472851634025574 0.01781547619047619 0.028747619047619046
3 0.4414483606815338 0.5265605449676514 0.015550595238095238 0.02584761904761905
1 0.5654075145721436 0.5562377572059631 0.01781547619047619 0.027299999999999998
0 0.3879616856575012 0.6442878842353821 0.017967261904761903 0.03043809523809524
3 0.2832412123680115 0.566270112991333 0.017514880952380952 0.02899047619047619
3 0.4599097967147827 0.7550323009490967 0.020532738095238093 0.03430476190476191
4 0.2702699899673462 0.7105876207351685 0.020232142857142858 0.03189047619047619
2 0.3203545808792114 0.7712982296943665 0.006223214285714286 0.006033333333333333
2 0.24042874574661255 0.7281137704849243 0.0048095238095238095 0.0051285714285714285
2 0.1668122112751007 0.6890597939491272 0.00556547619047619 0.005580952380952381
2 0.17739330232143402 0.5931181311607361 0.005470238095238095 0.0037714285714285714
2 0.24374622106552124 0.5579473376274109 0.005535714285714286 0.00509047619047619
2 0.3035183250904083 0.5268803834915161 0.005124999999999999 0.004995238095238095
2 0.40636295080184937 0.47271814942359924 0.004830357142857143 0.004619047619047619
2 0.45162346959114075 0.44874534010887146 0.004241071428571428 0.004333333333333333
2 0.4928566813468933 0.4273238778114319 0.004300595238095238 0.004242857142857143
2 0.6126390695571899 0.4239485263824463 0.00412202380952381 0.004333333333333333
2 0.6718823909759521 0.4420611560344696 0.004654761904761905 0.003957142857142857
2 0.7343543171882629 0.46115756034851074 0.004005952380952381 0.0037714285714285714
2 0.7811160683631897 0.5209710597991943 0.004595238095238095 0.0054666666666666665
2 0.747851550579071 0.5504199862480164 0.004476190476190476 0.0048047619047619046
2 0.7113441228866577 0.5829808712005615 0.004416666666666667 0.004523809523809524
2 0.6260634064674377 0.6590796709060669 0.005241071428571428 0.005842857142857143
2 0.5752599239349365 0.703745424747467 0.005535714285714286 0.005652380952380952
2 0.5176495313644409 0.7553118467330933 0.006654761904761905 0.005938095238095238
