3 0.719676673412323 0.5251796245574951 0.015401785714285715 0.024880952380952382
3 0.5841530561447144 0.6427201628684998 0.01781547619047619 0.028747619047619046
3 0.434843510389328 0.5229108929634094 0.015550595238095238 0.02584761904761905
1 0.5576386451721191 0.5523784160614014 0.01781547619047619 0.027299999999999998
0 0.3814394176006317 0.6390834450721741 0.017967261904761903 0.03043809523809524
3 0.2786925435066223 0.5618566870689392 0.017514880952380952 0.02899047619047619
3 0.45219510793685913 0.749153196811676 0.020532738095238093 0.03430476190476191
4 0.2650006115436554 0.7041616439819336 0.020232142857142858 0.03189047619047619
2 0.31398364901542664 0.7644982933998108 0.006223214285714286 0.006033333333333333
2 0.23552827537059784 0.7213380932807922 0.0048095238095238095 0.0051285714285714285
2 0.16357429325580597 0.6824686527252197 0.00556547619047619 0.005580952380952381
2 0.17469358444213867 0.5880703926086426 0.005470238095238095 0.0037714285714285714
2 0.2399701029062271 0.5536075234413147 0.005535714285714286 0.00509047619047619
2 0.298867791891098 0.5231159925460815 0.005124999999999999 0.004995238095238095
2 0.400434285402298 0.4698394536972046 0.004830357142857143 0.004619047619047619
2 0.44522181153297424 0.44621190428733826 0.004241071428571428 0.004333333333333333
2 0.4860699474811554 0.42507368326187134 0.004300595238095238 0.004242857142857143
2 0.6048851013183594 0.421592116355896 0.00412202380952381 0.004333333333333333
2 0.6638457775115967 0.43942341208457947 0.004654761904761905 0.003957142857142857
2 0.7262105345726013 0.4582810401916504 0.004005952380952381 0.0037714285714285714
2 0.7730451226234436 0.5176300406455994 0.004595238095238095 0.0054666666666666665
2 0.739715576171875 0.5468563437461853 0.004476190476190476 0.0048047619047619046
2 0.7031581997871399 0.5791524648666382 0.004416666666666667 0.004523809523809524
2 0.6178481578826904 0.65455561876297 0.005241071428571428 0.005842857142857143
2 0.5670865178108215 0.6987595558166504 0.005535714285714286 0.005652380952380952
2 0.5095741152763367 0.7497508525848389 0.006654761904761905 0.005938095238095238
