1 0.4518640339374542 0.5613709092140198 0.015732142857142858 0.02550952380952381
3 0.5785312652587891 0.7351133823394775 0.01424404761904762 0.023809523809523808
3 0.771745502948761 0.7316205501556396 0.016157738095238097 0.025852380952380953
3 0.6441953182220459 0.23911775648593903 0.015732142857142858 0.02517142857142857
3 0.48143306374549866 0.3478320837020874 0.015517857142857142 0.02550952380952381
3 0.28717994689941406 0.722237229347229 0.01488095238095238 0.02312857142857143
0 0.686718225479126 0.5040172934532166 0.014669642857142857 0.02482857142857143
4 0.8213070034980774 0.4869912266731262 0.016157738095238097 0.02550952380952381
2 0.7531775236129761 0.7979108095169067 0.0037648809523809523 0.006304761904761905
2 0.6688803434371948 0.7969998121261597 0.0037648809523809523 0.005880952380952381
2 0.5844276547431946 0.7962185740470886 0.004202380952380952 0.006861904761904762
2 0.4159644842147827 0.7943274974822998 0.004202380952380952 0.007004761904761905
2 0.3316965401172638 0.7931441068649292 0.004288690476190476 0.006580952380952381
2 0.247274249792099 0.7923611402511597 0.00394047619047619 0.0064428571428571425
2 0.13943897187709808 0.6211002469062805 0.0037648809523809523 0.006580952380952381
2 0.13917356729507446 0.4879777133464813 0.0035892857142857146 0.006023809523809524
2 0.13865314424037933 0.35442617535591125 0.0035892857142857146 0.0064428571428571425
2 0.2465030550956726 0.18489734828472137 0.0040267857142857145 0.006161904761904762
2 0.3306627571582794 0.185589998960495 0.0040267857142857145 0.006580952380952381
2 0.4151438772678375 0.18621322512626648 0.0040267857142857145 0.006304761904761905
2 0.5833785533905029 0.18806420266628265 0.004113095238095239 0.006161904761904762
2 0.6678233742713928 0.18923905491828918 0.0040267857142857145 0.006723809523809523
2 0.7521554231643677 0.19020229578018188 0.004113095238095239 0.006304761904761905
2 0.8607180714607239 0.3623206615447998 0.004202380952380952 0.006580952380952381
2 0.8609259724617004 0.49587583541870117 0.0037648809523809523 0.006161904761904762
2 0.8612620830535889 0.6291483044624329 0.004113095238095239 0.006723809523809523
