1 0.5401576161384583 0.561234176158905 0.015732142857142858 0.02550952380952381
3 0.41408467292785645 0.7344904541969299 0.01424404761904762 0.023809523809523808
3 0.22161059081554413 0.7292952537536621 0.016157738095238097 0.025852380952380953
3 0.3478679955005646 0.23651666939258575 0.015732142857142858 0.02517142857142857
3 0.5103209018707275 0.3467107117176056 0.015517857142857142 0.02550952380952381
3 0.7048647999763489 0.7241193652153015 0.01488095238095238 0.02312857142857143
0 0.3059179484844208 0.5018337368965149 0.014669642857142857 0.02482857142857143
4 0.17190733551979065 0.483719140291214 0.016157738095238097 0.02550952380952381
2 0.2401971071958542 0.795904815196991 0.0037648809523809523 0.006304761904761905
2 0.3241429030895233 0.7957519888877869 0.0037648809523809523 0.005880952380952381
2 0.40830159187316895 0.7957305908203125 0.004202380952380952 0.006861904761904762
2 0.5763506889343262 0.7953540086746216 0.004202380952380952 0.007004761904761905
2 0.6604976654052734 0.7949269413948059 0.004288690476190476 0.006580952380952381
2 0.7448573708534241 0.7949032187461853 0.00394047619047619 0.0064428571428571425
2 0.8524338603019714 0.6237814426422119 0.0037648809523809523 0.006580952380952381
2 0.8524935841560364 0.49001041054725647 0.0035892857142857146 0.006023809523809524
2 0.8528077006340027 0.35580891370773315 0.0035892857142857146 0.0064428571428571425
2 0.7446874976158142 0.1847420185804367 0.0040267857142857145 0.006161904761904762
2 0.6605884432792664 0.184886634349823 0.0040267857142857145 0.006580952380952381
2 0.576225996017456 0.18495938181877136 0.0040267857142857145 0.006304761904761905
2 0.4084014892578125 0.18571586906909943 0.004113095238095239 0.006161904761904762
2 0.3242494761943817 0.18634164333343506 0.0040267857142857145 0.006723809523809523
2 0.2402672916650772 0.18675559759140015 0.004113095238095239 0.006304761904761905
2 0.13250651955604553 0.35850054025650024 0.004202380952380952 0.006580952380952381
2 0.13250820338726044 0.49231410026550293 0.0037648809523809523 0.006161904761904762
2 0.13238199055194855 0.6258422136306763 0.004113095238095239 0.006723809523809523
