3 0.3794272840023041 0.4021870493888855 0.017708333333333333 0.025925925925925925
4 0.37906238436698914 0.42635512351989746 0.01875 0.03148148148148148
4 0.5671375393867493 0.6332356333732605 0.022395833333333334 0.03888888888888889
3 0.5838960409164429 0.5858244895935059 0.021354166666666667 0.03796296296296296
0 0.588056206703186 0.6581329107284546 0.022395833333333334 0.03888888888888889
4 0.6060377955436707 0.6303803324699402 0.022395833333333334 0.03981481481481482
4 0.5810959935188293 0.6768413782119751 0.0234375 0.041666666666666664
1 0.6318995952606201 0.6187201142311096 0.022395833333333334 0.03888888888888889
2 0.6121218204498291 0.7614169716835022 0.008854166666666666 0.01574074074074074
2 0.5037364363670349 0.7609634399414062 0.008854166666666666 0.01574074074074074
2 0.3944946229457855 0.7591263651847839 0.008854166666666666 0.01574074074074074
2 0.27795061469078064 0.666397213935852 0.013020833333333334 0.023148148148148147
2 0.29136326909065247 0.604674756526947 0.013020833333333334 0.023148148148148147
2 0.3019218444824219 0.5466602444648743 0.013020833333333334 0.023148148148148147
2 0.3211285173892975 0.4472410976886749 0.0109375 0.019444444444444445
2 0.32900944352149963 0.40670913457870483 0.0109375 0.019444444444444445
2 0.33636799454689026 0.3671160042285919 0.0109375 0.019444444444444445
2 0.7297425866127014 0.6731081008911133 0.009895833333333333 0.017592592592592594
2 0.7173042893409729 0.6094303727149963 0.009895833333333333 0.017592592592592594
2 0.7056370973587036 0.5513061881065369 0.009895833333333333 0.017592592592592594
2 0.685621440410614 0.45439958572387695 0.009895833333333333 0.017592592592592594
2 0.6772736310958862 0.4119419455528259 0.009895833333333333 0.017592592592592594
2 0.6684163808822632 0.37224021553993225 0.009895833333333333 0.017592592592592594
2 0.574112594127655 0.3285166323184967 0.0046875 0.008333333333333333
2 0.5031542778015137 0.3268890976905823 0.0046875 0.008333333333333333
2 0.4324132204055786 0.32526323199272156 0.0046875 0.008333333333333333
