3 0.3844224214553833 0.40924814343452454 0.017708333333333333 0.025925925925925925
4 0.38404056429862976 0.43100062012672424 0.01875 0.03148148148148148
4 0.566658079624176 0.6143075227737427 0.022395833333333334 0.03888888888888889
3 0.5829418301582336 0.5713464021682739 0.021354166666666667 0.03796296296296296
0 0.586967408657074 0.636393666267395 0.022395833333333334 0.03888888888888889
4 0.6044300198554993 0.6111063957214355 0.022395833333333334 0.03981481481481482
4 0.5802043080329895 0.653361976146698 0.0234375 0.041666666666666664
1 0.6295318603515625 0.6001906394958496 0.022395833333333334 0.03888888888888889
2 0.6103266477584839 0.729071319103241 0.008854166666666666 0.01574074074074074
2 0.504989504814148 0.7304888963699341 0.008854166666666666 0.01574074074074074
2 0.3986925184726715 0.7306737303733826 0.008854166666666666 0.01574074074074074
2 0.28529301285743713 0.6489211320877075 0.013020833333333334 0.023148148148148147
2 0.2984568178653717 0.5930193066596985 0.013020833333333334 0.023148148148148147
2 0.30882662534713745 0.5405451655387878 0.013020833333333334 0.023148148148148147
2 0.32766398787498474 0.45068374276161194 0.0109375 0.019444444444444445
2 0.3353867828845978 0.4140770137310028 0.0109375 0.019444444444444445
2 0.3425968289375305 0.3783397376537323 0.0109375 0.019444444444444445
2 0.7244548797607422 0.6475629210472107 0.009895833333333333 0.017592592592592594
2 0.7123678922653198 0.5904567241668701 0.009895833333333333 0.017592592592592594
2 0.7010357975959778 0.5383583903312683 0.009895833333333333 0.017592592592592594
2 0.681606650352478 0.45155447721481323 0.009895833333333333 0.017592592592592594
2 0.6735069155693054 0.4135352671146393 0.009895833333333333 0.017592592592592594
2 0.6649165749549866 0.37800994515419006 0.009895833333333333 0.017592592592592594
2 0.5735057592391968 0.3401343524456024 0.0046875 0.008333333333333333
2 0.5046679377555847 0.3397114872932434 0.0046875 0.008333333333333333
2 0.43598753213882446 0.3392866253852844 0.0046875 0.008333333333333333
