3 0.6181575059890747 0.4009729027748108 0.017708333333333333 0.025925925925925925
4 0.6185001134872437 0.42494454979896545 0.01875 0.03148148148148148
4 0.4301426112651825 0.6290044784545898 0.022395833333333334 0.03888888888888889
3 0.4132471978664398 0.5821115374565125 0.021354166666666667 0.03796296296296296
0 0.40922269225120544 0.6535349488258362 0.022395833333333334 0.03888888888888889
4 0.39113080501556396 0.6260921955108643 0.022395833333333334 0.03981481481481482
4 0.4162355959415436 0.6720066070556641 0.0234375 0.041666666666666664
1 0.36515000462532043 0.6145069599151611 0.022395833333333334 0.03888888888888889
2 0.3853435218334198 0.7552868127822876 0.008854166666666666 0.01574074074074074
2 0.49375900626182556 0.7549612522125244 0.008854166666666666 0.01574074074074074
2 0.6028001308441162 0.7532784938812256 0.008854166666666666 0.01574074074074074
2 0.7190953493118286 0.662319004535675 0.013020833333333334 0.023148148148148147
2 0.7058684825897217 0.6015171408653259 0.013020833333333334 0.023148148148148147
2 0.6954565644264221 0.5442613363265991 0.013020833333333334 0.023148148148148147
2 0.6764554977416992 0.44588717818260193 0.0109375 0.019444444444444445
2 0.6686407327651978 0.4056893587112427 0.0109375 0.019444444444444445
2 0.66133713722229 0.36637288331985474 0.0109375 0.019444444444444445
2 0.2670641243457794 0.6680311560630798 0.009895833333333333 0.017592592592592594
2 0.2793113887310028 0.6051017045974731 0.009895833333333333 0.017592592592592594
2 0.29082319140434265 0.5475738644599915 0.009895833333333333 0.017592592592592594
2 0.31062108278274536 0.45147815346717834 0.009895833333333333 0.017592592592592594
2 0.3188852369785309 0.40930092334747314 0.009895833333333333 0.017592592592592594
2 0.32768070697784424 0.36982598900794983 0.009895833333333333 0.017592592592592594
2 0.4225796163082123 0.32676124572753906 0.0046875 0.008333333333333333
2 0.49397456645965576 0.3255210518836975 0.0046875 0.008333333333333333
2 0.5650545954704285 0.3242831230163574 0.0046875 0.008333333333333333
