3 0.3828846514225006 0.40412667393684387 0.017708333333333333 0.025925925925925925
4 0.38241448998451233 0.4287189543247223 0.018229166666666668 0.03333333333333333
3 0.41458842158317566 0.44865548610687256 0.01875 0.032407407407407406
4 0.3670835494995117 0.6095379590988159 0.022395833333333334 0.041666666666666664
4 0.5831388831138611 0.6676579713821411 0.022916666666666665 0.041666666666666664
0 0.592846691608429 0.6549710631370544 0.020833333333333332 0.03796296296296296
1 0.6675652861595154 0.6383370161056519 0.0234375 0.03888888888888889
2 0.616939902305603 0.7562077045440674 0.007291666666666667 0.012962962962962963
2 0.5090840458869934 0.7569222450256348 0.007291666666666667 0.012962962962962963
2 0.3996543288230896 0.756744921207428 0.007291666666666667 0.012962962962962963
2 0.7339048981666565 0.6672772765159607 0.0109375 0.019444444444444445
2 0.7200953364372253 0.6042449474334717 0.0109375 0.019444444444444445
2 0.709292471408844 0.5496576428413391 0.0109375 0.019444444444444445
2 0.6901529431343079 0.45288026332855225 0.0109375 0.019444444444444445
2 0.6808072328567505 0.4084625840187073 0.0109375 0.019444444444444445
2 0.6732251644134521 0.3698843717575073 0.0109375 0.019444444444444445
2 0.28476932644844055 0.6693025231361389 0.009895833333333333 0.017592592592592594
2 0.295889288187027 0.605795681476593 0.009895833333333333 0.017592592592592594
2 0.30523794889450073 0.5472015738487244 0.009895833333333333 0.017592592592592594
2 0.32402274012565613 0.44890543818473816 0.009895833333333333 0.017592592592592594
2 0.33190587162971497 0.4083411991596222 0.009895833333333333 0.017592592592592594
2 0.3385160565376282 0.3713926672935486 0.009895833333333333 0.017592592592592594
2 0.5772913694381714 0.32818564772605896 0.0046875 0.008333333333333333
2 0.5064709782600403 0.326907217502594 0.0046875 0.008333333333333333
2 0.43578040599823 0.3265385627746582 0.0046875 0.008333333333333333
