3 0.6196748614311218 0.4114643931388855 0.017708333333333333 0.025925925925925925
4 0.6196251511573792 0.4351215362548828 0.018229166666666668 0.032407407407407406
4 0.656215250492096 0.5524876117706299 0.021354166666666667 0.03611111111111111
3 0.5163214802742004 0.6386355757713318 0.022916666666666665 0.03888888888888889
1 0.4486311376094818 0.6199634671211243 0.022395833333333334 0.03518518518518519
0 0.42029082775115967 0.6414755582809448 0.022395833333333334 0.03611111111111111
4 0.453390896320343 0.6405420303344727 0.022916666666666665 0.040740740740740744
3 0.4164561331272125 0.586105227470398 0.021354166666666667 0.03796296296296296
4 0.39309900999069214 0.6304358839988708 0.022395833333333334 0.040740740740740744
4 0.4183608591556549 0.676244854927063 0.022916666666666665 0.040740740740740744
4 0.4958743155002594 0.7110775709152222 0.0234375 0.04351851851851852
2 0.3860582113265991 0.7556812763214111 0.007291666666666667 0.012962962962962963
2 0.4925316572189331 0.7582966089248657 0.007291666666666667 0.012962962962962963
2 0.5987659096717834 0.756451427936554 0.007291666666666667 0.012962962962962963
2 0.7127858996391296 0.6718007326126099 0.009895833333333333 0.017592592592592594
2 0.7028310894966125 0.6088135242462158 0.009895833333333333 0.017592592592592594
2 0.6927582025527954 0.5547252297401428 0.009895833333333333 0.017592592592592594
2 0.6764689087867737 0.4577074944972992 0.007291666666666667 0.012962962962962963
2 0.6697472333908081 0.41522401571273804 0.007291666666666667 0.012962962962962963
2 0.6632061004638672 0.37809062004089355 0.007291666666666667 0.012962962962962963
2 0.2722751498222351 0.6682222485542297 0.009375 0.016666666666666666
2 0.28629085421562195 0.6077072620391846 0.009375 0.016666666666666666
2 0.2977587580680847 0.5507181882858276 0.009375 0.016666666666666666
2 0.31897687911987305 0.45499107241630554 0.009375 0.016666666666666666
2 0.3282295763492584 0.4158070385456085 0.009375 0.016666666666666666
2 0.3357113301753998 0.37793490290641785 0.0067708333333333336 0.012037037037037037
2 0.4300667941570282 0.33491697907447815 0.005729166666666666 0.010185185185185186
2 0.5000460147857666 0.33492153882980347 0.005729166666666666 0.010185185185185186
2 0.5690034627914429 0.3349132537841797 0.005729166666666666 0.010185185185185186
