3 0.6076841354370117 0.39734888076782227 0.017708333333333333 0.025925925925925925
4 0.6077068448066711 0.4214414656162262 0.018229166666666668 0.032407407407407406
4 0.6457479000091553 0.5413044095039368 0.021354166666666667 0.03611111111111111
3 0.5025148987770081 0.628003716468811 0.022916666666666665 0.03888888888888889
1 0.43360957503318787 0.608414888381958 0.022395833333333334 0.03518518518518519
0 0.4049290716648102 0.6299554109573364 0.022395833333333334 0.03611111111111111
4 0.4384807050228119 0.6293304562568665 0.022916666666666665 0.040740740740740744
3 0.4009498953819275 0.5738498568534851 0.021354166666666667 0.03796296296296296
4 0.3774135410785675 0.6185199618339539 0.022395833333333334 0.040740740740740744
4 0.40303727984428406 0.6651673913002014 0.022916666666666665 0.040740740740740744
4 0.48183852434158325 0.7014538645744324 0.0234375 0.04351851851851852
2 0.37049996852874756 0.7452540993690491 0.007291666666666667 0.012962962962962963
2 0.47854021191596985 0.7494474649429321 0.007291666666666667 0.012962962962962963
2 0.5872544646263123 0.749114990234375 0.007291666666666667 0.012962962962962963
2 0.7046647667884827 0.663925290107727 0.009895833333333333 0.017592592592592594
2 0.6941155791282654 0.5992687940597534 0.009895833333333333 0.017592592592592594
2 0.6834936738014221 0.543821394443512 0.009895833333333333 0.017592592592592594
2 0.6663172841072083 0.4445808231830597 0.007291666666666667 0.012962962962962963
2 0.6592339277267456 0.4012047350406647 0.007291666666666667 0.012962962962962963
2 0.6523627042770386 0.36333078145980835 0.007291666666666667 0.012962962962962963
2 0.2559907138347626 0.6554681658744812 0.009375 0.016666666666666666
2 0.26996752619743347 0.5946395397186279 0.009375 0.016666666666666666
2 0.28139975666999817 0.5373257398605347 0.009375 0.016666666666666666
2 0.30256831645965576 0.4410337507724762 0.009375 0.016666666666666666
2 0.3118055462837219 0.4016059339046478 0.009375 0.016666666666666666
2 0.31926867365837097 0.3634907603263855 0.0067708333333333336 0.012037037037037037
2 0.4142620265483856 0.3199600875377655 0.005729166666666666 0.010185185185185186
2 0.4852185547351837 0.3197748363018036 0.005729166666666666 0.010185185185185186
2 0.5555299520492554 0.31957823038101196 0.005729166666666666 0.010185185185185186
