3 0.3846873641014099 0.4028988182544708 0.017708333333333333 0.030555555555555555
1 0.502480149269104 0.4472602307796478 0.01875 0.03333333333333333
3 0.5159053206443787 0.521896243095398 0.0203125 0.03425925925925926
0 0.5912413001060486 0.6548130512237549 0.021354166666666667 0.03981481481481482
4 0.580640435218811 0.6697039604187012 0.022916666666666665 0.04259259259259259
2 0.6141183376312256 0.7568550109863281 0.008854166666666666 0.01574074074074074
2 0.5048412084579468 0.7583092451095581 0.008854166666666666 0.01574074074074074
2 0.3958370089530945 0.7570574879646301 0.008854166666666666 0.01574074074074074
2 0.7320843935012817 0.6695268154144287 0.009895833333333333 0.017592592592592594
2 0.7191506624221802 0.6053404808044434 0.009895833333333333 0.017592592592592594
2 0.7079897522926331 0.5514853596687317 0.009895833333333333 0.017592592592592594
2 0.2781163454055786 0.6668924689292908 0.0109375 0.019444444444444445
2 0.29078972339630127 0.606371283531189 0.0109375 0.019444444444444445
2 0.3016352355480194 0.547698438167572 0.0109375 0.019444444444444445
2 0.3206409513950348 0.45118850469589233 0.0109375 0.019444444444444445
2 0.32881781458854675 0.4097282886505127 0.008854166666666666 0.01574074074074074
2 0.33620014786720276 0.3723394572734833 0.008854166666666666 0.01574074074074074
2 0.6887282133102417 0.45321252942085266 0.008854166666666666 0.01574074074074074
2 0.6793339848518372 0.4123860001564026 0.008854166666666666 0.01574074074074074
2 0.6717261075973511 0.3760472238063812 0.008854166666666666 0.01574074074074074
2 0.5757182836532593 0.3312359154224396 0.005729166666666666 0.010185185185185186
2 0.504400908946991 0.3299272060394287 0.005729166666666666 0.010185185185185186
2 0.43297016620635986 0.33041536808013916 0.005729166666666666 0.010185185185185186
