3 0.38835957646369934 0.4154823422431946 0.017708333333333333 0.030555555555555555
1 0.5036362409591675 0.46050703525543213 0.01875 0.03333333333333333
3 0.5179963707923889 0.5338208079338074 0.0203125 0.03425925925925926
0 0.5940892100334167 0.665816605091095 0.021354166666666667 0.03981481481481482
4 0.5839439034461975 0.6802690029144287 0.022916666666666665 0.04259259259259259
2 0.6184042692184448 0.7669438123703003 0.008854166666666666 0.01574074074074074
2 0.5111602544784546 0.7659206390380859 0.008854166666666666 0.01574074074074074
2 0.4047028720378876 0.7622506022453308 0.008854166666666666 0.01574074074074074
2 0.7331584692001343 0.6831932067871094 0.009895833333333333 0.017592592592592594
2 0.7191448211669922 0.619533896446228 0.009895833333333333 0.017592592592592594
2 0.707103431224823 0.5662133097648621 0.009895833333333333 0.017592592592592594
2 0.28908398747444153 0.6713969111442566 0.0109375 0.019444444444444445
2 0.3004690706729889 0.6124997138977051 0.0109375 0.019444444444444445
2 0.31010565161705017 0.5554136037826538 0.0109375 0.019444444444444445
2 0.3270694613456726 0.46161916851997375 0.0109375 0.019444444444444445
2 0.3343629837036133 0.421357661485672 0.008854166666666666 0.01574074074074074
2 0.34094542264938354 0.3850663900375366 0.008854166666666666 0.01574074074074074
2 0.6862702965736389 0.46916377544403076 0.008854166666666666 0.01574074074074074
2 0.6762644648551941 0.4289114773273468 0.008854166666666666 0.01574074074074074
2 0.6681102514266968 0.393138587474823 0.008854166666666666 0.01574074074074074
2 0.5731867551803589 0.34801456332206726 0.005729166666666666 0.010185185185185186
2 0.5035503506660461 0.34586238861083984 0.005729166666666666 0.010185185185185186
2 0.43407371640205383 0.345467209815979 0.005729166666666666 0.010185185185185186
