1 0.6181058883666992 0.6070045828819275 0.013541666666666667 0.023148148148148147
3 0.60190349817276 0.5322588682174683 0.0109375 0.017592592592592594
3 0.5187771916389465 0.5352724194526672 0.010416666666666666 0.017592592592592594
0 0.5024855732917786 0.5474699139595032 0.009375 0.019444444444444445
3 0.4965425729751587 0.5513790845870972 0.011458333333333333 0.020370370370370372
4 0.39770227670669556 0.6643827557563782 0.015625 0.023148148148148147
2 0.4486212730407715 0.6822417378425598 0.0046875 0.008333333333333333
2 0.5179798007011414 0.6825394630432129 0.0046875 0.008333333333333333
2 0.6603235006332397 0.6479076743125916 0.0067708333333333336 0.012037037037037037
2 0.6515655517578125 0.6236484050750732 0.0067708333333333336 0.012037037037037037
2 0.6438209414482117 0.601202130317688 0.0067708333333333336 0.012037037037037037
2 0.630833625793457 0.5639598965644836 0.005208333333333333 0.009259259259259259
2 0.6253540515899658 0.546925961971283 0.005208333333333333 0.009259259259259259
2 0.6201026439666748 0.5330203771591187 0.005208333333333333 0.009259259259259259
2 0.3745594322681427 0.6447722315788269 0.008333333333333333 0.014814814814814815
2 0.38280969858169556 0.6207975149154663 0.008333333333333333 0.014814814814814815
2 0.390013188123703 0.5981555581092834 0.008333333333333333 0.014814814814814815
2 0.40276557207107544 0.561793327331543 0.005208333333333333 0.009259259259259259
2 0.40783971548080444 0.5449373722076416 0.005208333333333333 0.009259259259259259
2 0.41236263513565063 0.5311974287033081 0.005208333333333333 0.009259259259259259
2 0.4715587794780731 0.5139558911323547 0.004166666666666667 0.007407407407407408
2 0.5156526565551758 0.5156130194664001 0.004166666666666667 0.007407407407407408
2 0.5595000982284546 0.5159294009208679 0.004166666666666667 0.007407407407407408
