4 0.41153228282928467 0.663455605506897 0.025 0.04351851851851852
3 0.488874614238739 0.5178156495094299 0.022916666666666665 0.040740740740740744
3 0.4047929048538208 0.3954383134841919 0.020833333333333332 0.037037037037037035
4 0.4323415756225586 0.2100449949502945 0.019270833333333334 0.032407407407407406
0 0.5663098692893982 0.24416209757328033 0.01875 0.03425925925925926
1 0.6425873637199402 0.5878435373306274 0.023958333333333335 0.04259259259259259
4 0.6427079439163208 0.7134050130844116 0.025 0.046296296296296294
4 0.751575231552124 0.7363437414169312 0.025520833333333333 0.03888888888888889
2 0.8109780550003052 0.656815767288208 0.007291666666666667 0.012962962962962963
2 0.7948409914970398 0.5713016390800476 0.007291666666666667 0.012962962962962963
2 0.78089439868927 0.4955354332923889 0.007291666666666667 0.012962962962962963
2 0.7556270360946655 0.3634761571884155 0.007291666666666667 0.012962962962962963
2 0.7452631592750549 0.30530470609664917 0.007291666666666667 0.012962962962962963
2 0.7352228164672852 0.2512628734111786 0.007291666666666667 0.012962962962962963
2 0.5994338989257812 0.18665115535259247 0.007291666666666667 0.012962962962962963
2 0.5015913248062134 0.18483595550060272 0.007291666666666667 0.012962962962962963
2 0.4031897187232971 0.18344976007938385 0.007291666666666667 0.012962962962962963
2 0.2655632793903351 0.2443864345550537 0.007291666666666667 0.012962962962962963
2 0.2555069625377655 0.2987797260284424 0.007291666666666667 0.012962962962962963
2 0.244868665933609 0.3574117422103882 0.007291666666666667 0.012962962962962963
2 0.22178585827350616 0.49122247099876404 0.007291666666666667 0.012962962962962963
2 0.2080031782388687 0.568813145160675 0.007291666666666667 0.012962962962962963
2 0.19330336153507233 0.6536960005760193 0.007291666666666667 0.012962962962962963
2 0.36044496297836304 0.7778694033622742 0.007291666666666667 0.012962962962962963
2 0.5063687562942505 0.7773602604866028 0.007291666666666667 0.012962962962962963
2 0.6510671973228455 0.7777628898620605 0.007291666666666667 0.012962962962962963
