4 0.5937888026237488 0.666679859161377 0.025 0.04351851851851852
3 0.5145007967948914 0.5240758061408997 0.022916666666666665 0.040740740740740744
3 0.5973540544509888 0.40472090244293213 0.020833333333333332 0.037037037037037035
4 0.567103922367096 0.21960170567035675 0.019270833333333334 0.032407407407407406
0 0.4318601191043854 0.25273627042770386 0.01875 0.03425925925925926
1 0.3625258505344391 0.590213418006897 0.023958333333333335 0.04259259259259259
4 0.3651478886604309 0.7112375497817993 0.025 0.046296296296296294
4 0.25839468836784363 0.7314810156822205 0.025520833333333333 0.03888888888888889
2 0.19774150848388672 0.6543912887573242 0.007291666666666667 0.012962962962962963
2 0.21121364831924438 0.5721389055252075 0.007291666666666667 0.012962962962962963
2 0.22289128601551056 0.4987117648124695 0.007291666666666667 0.012962962962962963
2 0.24440054595470428 0.3694966435432434 0.007291666666666667 0.012962962962962963
2 0.25319212675094604 0.312062531709671 0.007291666666666667 0.012962962962962963
2 0.2618166208267212 0.2584284842014313 0.007291666666666667 0.012962962962962963
2 0.3972071409225464 0.1948447823524475 0.007291666666666667 0.012962962962962963
2 0.4963638484477997 0.19373172521591187 0.007291666666666667 0.012962962962962963
2 0.5964365601539612 0.19305133819580078 0.007291666666666667 0.012962962962962963
2 0.7373437881469727 0.25544896721839905 0.007291666666666667 0.012962962962962963
2 0.7479034662246704 0.3100643455982208 0.007291666666666667 0.012962962962962963
2 0.7590283155441284 0.368661105632782 0.007291666666666667 0.012962962962962963
2 0.7830086350440979 0.5013265013694763 0.007291666666666667 0.012962962962962963
2 0.7971950769424438 0.5775945782661438 0.007291666666666667 0.012962962962962963
2 0.812232255935669 0.6604746580123901 0.007291666666666667 0.012962962962962963
2 0.6458996534347534 0.7775426506996155 0.007291666666666667 0.012962962962962963
2 0.5011497735977173 0.7746330499649048 0.007291666666666667 0.012962962962962963
2 0.35830768942832947 0.772626519203186 0.007291666666666667 0.012962962962962963
