3 0.24244056642055511 0.5067523121833801 0.018104166666666668 0.029323809523809523
3 0.2782766819000244 0.5044567584991455 0.01944345238095238 0.03075238095238095
3 0.35478654503822327 0.41329288482666016 0.015645833333333335 0.02539047619047619
3 0.44300711154937744 0.4639900326728821 0.018327380952380953 0.02968095238095238
4 0.35024914145469666 0.5332943201065063 0.01944345238095238 0.03218571428571429
1 0.3638150095939636 0.47094860672950745 0.018550595238095238 0.02968095238095238
3 0.4809960722923279 0.6372339129447937 0.02257440476190476 0.03719047619047619
3 0.5124984383583069 0.752647876739502 0.025032738095238094 0.039695238095238096
3 0.5777140855789185 0.6698763370513916 0.025032738095238094 0.036476190476190475
4 0.6209318041801453 0.7192158102989197 0.022797619047619046 0.040766666666666666
4 0.5563886761665344 0.5631645321846008 0.020785714285714286 0.032542857142857144
4 0.752761721611023 0.6254510879516602 0.02324404761904762 0.0379047619047619
4 0.7189698219299316 0.5384230017662048 0.019666666666666666 0.0329
0 0.6941407918930054 0.5258793830871582 0.02011607142857143 0.03325714285714286
4 0.4831291139125824 0.4417557120323181 0.01743154761904762 0.02968095238095238
2 0.3333408534526825 0.3928543031215668 0.004419642857142857 0.004219047619047619
2 0.2591469883918762 0.4152466356754303 0.004419642857142857 0.00409047619047619
2 0.18006032705307007 0.4399237036705017 0.004961309523809524 0.00409047619047619
2 0.12551239132881165 0.5138911008834839 0.00550297619047619 0.004714285714285714
2 0.17321810126304626 0.5493367910385132 0.00550297619047619 0.0054571428571428575
2 0.2251332849264145 0.5881402492523193 0.0058125 0.005333333333333333
2 0.344539612531662 0.6774560809135437 0.005889880952380952 0.005333333333333333
2 0.41476985812187195 0.7296097874641418 0.005967261904761905 0.0068190476190476195
2 0.4930466115474701 0.7876598238945007 0.006744047619047619 0.005704761904761905
2 0.7395307421684265 0.7983720898628235 0.007363095238095238 0.008061904761904761
2 0.831667423248291 0.7450627088546753 0.006821428571428572 0.0064476190476190475
2 0.9155412316322327 0.6968972086906433 0.006898809523809524 0.005828571428571429
2 0.8931640386581421 0.5852154493331909 0.005657738095238096 0.004714285714285714
2 0.8096763491630554 0.5462444424629211 0.005657738095238096 0.003842857142857143
2 0.733065664768219 0.5104041695594788 0.005657738095238096 0.004466666666666667
2 0.6002358198165894 0.4485335946083069 0.0054375 0.004895238095238095
2 0.5412142872810364 0.4208579361438751 0.004642857142857143 0.004347619047619048
2 0.4866580069065094 0.395183265209198 0.004642857142857143 0.003533333333333333
