4 0.19656427204608917 0.2744918167591095 0.018875 0.029566666666666668
3 0.3097092807292938 0.33252760767936707 0.01549702380952381 0.02988095238095238
3 0.45805424451828003 0.3061257302761078 0.01688988095238095 0.028295238095238096
1 0.5616570115089417 0.30556389689445496 0.018479166666666668 0.02988095238095238
3 0.6821979880332947 0.27984583377838135 0.017485119047619048 0.031152380952380952
3 0.7132880091667175 0.439925879240036 0.01811904761904762 0.02575238095238095
3 0.6904937028884888 0.4602382481098175 0.016910714285714286 0.027780952380952382
0 0.6899633407592773 0.5149263739585876 0.016154761904761904 0.02609047619047619
4 0.5357187986373901 0.48331350088119507 0.01775892857142857 0.029838095238095236
4 0.5267289280891418 0.5147544145584106 0.018202380952380953 0.02936190476190476
3 0.1795988380908966 0.6314126253128052 0.018598214285714287 0.02678095238095238
3 0.47000399231910706 0.7182130217552185 0.017976190476190475 0.024795238095238096
2 0.24269375205039978 0.8024691939353943 0.005583333333333333 0.008933333333333335
2 0.32720130681991577 0.8049674034118652 0.0045922619047619045 0.008538095238095239
2 0.4115853011608124 0.8069912195205688 0.005955357142857143 0.00873809523809524
2 0.5801081657409668 0.8120725750923157 0.005089285714285715 0.007347619047619047
2 0.6651017665863037 0.8135342001914978 0.005583333333333333 0.00873809523809524
2 0.7503383755683899 0.8152902722358704 0.005211309523809524 0.009133333333333334
2 0.8602383732795715 0.6477424502372742 0.005583333333333333 0.007742857142857143
2 0.8614252805709839 0.513634979724884 0.0057083333333333335 0.009133333333333334
2 0.8627415895462036 0.3792325556278229 0.0060803571428571426 0.00873809523809524
2 0.7541728615760803 0.2034938931465149 0.0053363095238095236 0.009333333333333334
2 0.668242335319519 0.2005925327539444 0.004717261904761905 0.008538095238095239
2 0.41111916303634644 0.1941400170326233 0.004717261904761905 0.007942857142857142
2 0.3254352807998657 0.1923132687807083 0.005089285714285715 0.008142857142857144
2 0.2397545427083969 0.19145576655864716 0.005089285714285715 0.008338095238095238
2 0.13143658638000488 0.3622657358646393 0.0062053571428571435 0.009133333333333334
2 0.131987065076828 0.4962945282459259 0.0044672619047619044 0.007942857142857142
2 0.13290396332740784 0.6302300095558167 0.0049642857142857145 0.009333333333333334
