4 0.19900737702846527 0.27795517444610596 0.018875 0.029566666666666668
3 0.31344112753868103 0.3349604904651642 0.01549702380952381 0.02988095238095238
3 0.46289628744125366 0.3044703006744385 0.01688988095238095 0.028295238095238096
1 0.5671533346176147 0.30153512954711914 0.018479166666666668 0.02988095238095238
3 0.6880927085876465 0.2724737823009491 0.017485119047619048 0.031152380952380952
3 0.7204516530036926 0.4357747435569763 0.01811904761904762 0.02575238095238095
3 0.6976879239082336 0.4571632146835327 0.016910714285714286 0.027780952380952382
0 0.6975400447845459 0.5133470892906189 0.016154761904761904 0.02609047619047619
4 0.5420576930046082 0.4845772981643677 0.01775892857142857 0.029838095238095236
4 0.5331717729568481 0.5171316862106323 0.018202380952380953 0.02936190476190476
3 0.18265722692012787 0.6460382342338562 0.018598214285714287 0.02678095238095238
3 0.47698140144348145 0.7283222079277039 0.017976190476190475 0.024795238095238096
2 0.24709543585777283 0.8214640021324158 0.005583333333333333 0.008933333333333335
2 0.33281123638153076 0.8218120336532593 0.0045922619047619045 0.008538095238095239
2 0.41830340027809143 0.821671724319458 0.005955357142857143 0.00873809523809524
2 0.5887563228607178 0.8224672079086304 0.005089285714285715 0.007347619047619047
2 0.6745710968971252 0.8217295408248901 0.005583333333333333 0.00873809523809524
2 0.760534405708313 0.8212904930114746 0.005211309523809524 0.009133333333333334
2 0.8697522282600403 0.645716667175293 0.005583333333333333 0.007742857142857143
2 0.8697825074195862 0.5078700184822083 0.0057083333333333335 0.009133333333333334
2 0.8699399828910828 0.37006664276123047 0.0060803571428571426 0.00873809523809524
2 0.7597176432609558 0.19282621145248413 0.0053363095238095236 0.009333333333333334
2 0.6735441088676453 0.19174933433532715 0.004717261904761905 0.008538095238095239
2 0.4151213765144348 0.190801203250885 0.004717261904761905 0.007942857142857142
2 0.32880887389183044 0.1908157914876938 0.005089285714285715 0.008142857142857144
2 0.2424030601978302 0.1918235421180725 0.005089285714285715 0.008338095238095238
2 0.1333267092704773 0.3696572184562683 0.0062053571428571435 0.009133333333333334
2 0.13412117958068848 0.5077056288719177 0.0044672619047619044 0.007942857142857142
2 0.1352892965078354 0.6459959149360657 0.0049642857142857145 0.009333333333333334
