4 0.4067741930484772 0.6644335389137268 0.023958333333333335 0.04537037037037037
1 0.44742023944854736 0.4864642024040222 0.021875 0.040740740740740744
3 0.39797496795654297 0.40474337339401245 0.020833333333333332 0.037037037037037035
4 0.42418983578681946 0.22197696566581726 0.01875 0.03425925925925926
0 0.560293436050415 0.255234032869339 0.01875 0.03425925925925926
4 0.6358047723770142 0.7155811190605164 0.026041666666666668 0.04722222222222222
4 0.7445572018623352 0.7364811301231384 0.025520833333333333 0.03981481481481482
2 0.8042402863502502 0.660520076751709 0.007291666666666667 0.012962962962962963
2 0.78989177942276 0.5791181325912476 0.007291666666666667 0.012962962962962963
2 0.775997519493103 0.5035583972930908 0.007291666666666667 0.012962962962962963
2 0.7531730532646179 0.37331461906433105 0.007291666666666667 0.012962962962962963
2 0.7422230839729309 0.3151925504207611 0.007291666666666667 0.012962962962962963
2 0.7330371737480164 0.26136818528175354 0.007291666666666667 0.012962962962962963
2 0.5939273238182068 0.19629861414432526 0.007291666666666667 0.012962962962962963
2 0.49424198269844055 0.19453373551368713 0.007291666666666667 0.012962962962962963
2 0.395062118768692 0.1936608999967575 0.007291666666666667 0.012962962962962963
2 0.2567303478717804 0.25515708327293396 0.007291666666666667 0.012962962962962963
2 0.24828992784023285 0.30956143140792847 0.007291666666666667 0.012962962962962963
2 0.23811396956443787 0.36732324957847595 0.007291666666666667 0.012962962962962963
2 0.21747931838035583 0.49770569801330566 0.007291666666666667 0.012962962962962963
2 0.2060282975435257 0.5719686150550842 0.007291666666666667 0.012962962962962963
2 0.19266344606876373 0.6537756323814392 0.007291666666666667 0.012962962962962963
2 0.35705679655075073 0.7720562815666199 0.007291666666666667 0.012962962962962963
2 0.5001658797264099 0.7741049528121948 0.007291666666666667 0.012962962962962963
2 0.6432495713233948 0.7752907276153564 0.007291666666666667 0.012962962962962963
