3 0.7751200795173645 0.7068799138069153 0.017517857142857144 0.02760952380952381
3 0.7262842059135437 0.54117751121521 0.016732142857142855 0.02760952380952381
4 0.8171574473381042 0.34363803267478943 0.01725595238095238 0.02677142857142857
4 0.6982342004776001 0.27731236815452576 0.015163690476190476 0.02760952380952381
4 0.5351907014846802 0.6880500316619873 0.016732142857142855 0.027190476190476192
3 0.525123655796051 0.7351167798042297 0.015163690476190476 0.024261904761904762
4 0.36382243037223816 0.6683018803596497 0.016732142857142855 0.028028571428571427
4 0.21930040419101715 0.6850325465202332 0.016732142857142855 0.028866666666666665
4 0.27857425808906555 0.4238238036632538 0.01699404761904762 0.028447619047619048
4 0.383053719997406 0.47801119089126587 0.016732142857142855 0.028028571428571427
3 0.313406378030777 0.47578325867652893 0.01725595238095238 0.028447619047619048
3 0.1894933134317398 0.3798735439777374 0.017779761904761906 0.02593809523809524
3 0.34208112955093384 0.2949174642562866 0.015949404761904762 0.028866666666666665
0 0.2892307937145233 0.46471890807151794 0.015949404761904762 0.02677142857142857
2 0.7433514595031738 0.8041876554489136 0.004511904761904762 0.007533333333333334
2 0.6589663624763489 0.8032786846160889 0.0044136904761904764 0.006747619047619047
2 0.5750607252120972 0.8025245070457458 0.005199404761904762 0.007533333333333334
2 0.4086913764476776 0.8003485202789307 0.004511904761904762 0.007376190476190476
2 0.3255985677242279 0.7989163398742676 0.004315476190476191 0.008004761904761903
2 0.2431166172027588 0.7977202534675598 0.005101190476190476 0.007533333333333334
2 0.1394723802804947 0.628786563873291 0.004904761904761905 0.007690476190476189
2 0.14080671966075897 0.49786505103111267 0.004806547619047618 0.006904761904761905
2 0.14214906096458435 0.3664603531360626 0.004315476190476191 0.008942857142857143
2 0.24921998381614685 0.1981784850358963 0.004904761904761905 0.007847619047619048
2 0.33199557662010193 0.19825993478298187 0.0047083333333333335 0.006904761904761905
2 0.41505497694015503 0.19781285524368286 0.004806547619047618 0.007061904761904762
2 0.582118570804596 0.19767065346240997 0.0047083333333333335 0.007061904761904762
2 0.6661646962165833 0.19835788011550903 0.004806547619047618 0.007376190476190476
2 0.750417947769165 0.19790753722190857 0.004217261904761905 0.00659047619047619
2 0.8574404716491699 0.36875036358833313 0.004904761904761905 0.007061904761904762
2 0.8557974696159363 0.5024944543838501 0.004511904761904762 0.007690476190476189
