3 0.7785919308662415 0.7176293730735779 0.017517857142857144 0.02760952380952381
3 0.7281633615493774 0.550078809261322 0.016732142857142855 0.02760952380952381
4 0.8175292015075684 0.34757038950920105 0.01725595238095238 0.02677142857142857
4 0.6973384022712708 0.280764639377594 0.015163690476190476 0.02760952380952381
4 0.5380783677101135 0.7017354369163513 0.016732142857142855 0.027190476190476192
3 0.5285688042640686 0.7496115565299988 0.015163690476190476 0.024261904761904762
4 0.3654327988624573 0.6839259266853333 0.016732142857142855 0.028028571428571427
4 0.21989062428474426 0.7028588652610779 0.016732142857142855 0.028866666666666665
4 0.2754133641719818 0.43523889780044556 0.01699404761904762 0.028447619047619048
4 0.3819643259048462 0.4895883798599243 0.016732142857142855 0.028028571428571427
3 0.3115236461162567 0.4880920350551605 0.01725595238095238 0.028447619047619048
3 0.1842987835407257 0.39105597138404846 0.017779761904761906 0.02593809523809524
3 0.33769094944000244 0.30218207836151123 0.015949404761904762 0.028866666666666665
0 0.2868804335594177 0.47703394293785095 0.015949404761904762 0.02677142857142857
2 0.7477589249610901 0.8164279460906982 0.004511904761904762 0.007533333333333334
2 0.6634398102760315 0.8167166113853455 0.0044136904761904764 0.006747619047619047
2 0.5794638395309448 0.8171553611755371 0.005199404761904762 0.007533333333333334
2 0.41253846883773804 0.8173381686210632 0.004511904761904762 0.007376190476190476
2 0.3289582133293152 0.8170796632766724 0.004315476190476191 0.008004761904761903
2 0.24586021900177002 0.817051351070404 0.005101190476190476 0.007533333333333334
2 0.13813622295856476 0.6465648412704468 0.004904761904761905 0.007690476190476189
2 0.1370442658662796 0.5126685500144958 0.004806547619047618 0.006904761904761905
2 0.13594701886177063 0.3777506649494171 0.004315476190476191 0.008942857142857143
2 0.24180276691913605 0.20329351723194122 0.004904761904761905 0.007847619047619048
2 0.3259304165840149 0.20267221331596375 0.0047083333333333335 0.006904761904761905
2 0.41020268201828003 0.20150448381900787 0.004806547619047618 0.007061904761904762
2 0.5793073773384094 0.19994081556797028 0.0047083333333333335 0.007061904761904762
2 0.6641818284988403 0.199936643242836 0.004806547619047618 0.007376190476190476
2 0.7491143345832825 0.19876143336296082 0.004217261904761905 0.00659047619047619
2 0.8581457138061523 0.37283772230148315 0.004904761904761905 0.007061904761904762
2 0.8575453758239746 0.509215772151947 0.004511904761904762 0.007690476190476189
