3 0.339065819978714 0.6855092644691467 0.025520833333333333 0.044444444444444446
3 0.35148245096206665 0.511293888092041 0.022395833333333334 0.040740740740740744
4 0.34675198793411255 0.29281488060951233 0.019270833333333334 0.03611111111111111
1 0.38805001974105835 0.4643252193927765 0.021354166666666667 0.040740740740740744
3 0.42768388986587524 0.43342605233192444 0.021354166666666667 0.03888888888888889
4 0.45077767968177795 0.29431402683258057 0.019791666666666666 0.03518518518518519
4 0.5011259317398071 0.40377581119537354 0.021354166666666667 0.03981481481481482
4 0.4693559408187866 0.5220518112182617 0.022916666666666665 0.03981481481481482
0 0.49093085527420044 0.606326162815094 0.0234375 0.04351851851851852
4 0.4775053858757019 0.6336111426353455 0.024479166666666666 0.041666666666666664
4 0.5787143111228943 0.3282534182071686 0.019791666666666666 0.037037037037037035
3 0.5812828540802002 0.43071693181991577 0.021354166666666667 0.03888888888888889
4 0.6163750886917114 0.7009593844413757 0.025 0.046296296296296294
2 0.8046247959136963 0.6547026038169861 0.007291666666666667 0.012962962962962963
2 0.7888286113739014 0.5713481307029724 0.007291666666666667 0.012962962962962963
2 0.7750962376594543 0.494718074798584 0.007291666666666667 0.012962962962962963
2 0.7515411972999573 0.3651617467403412 0.007291666666666667 0.012962962962962963
2 0.7401588559150696 0.3024275302886963 0.007291666666666667 0.012962962962962963
2 0.7305874228477478 0.2486123889684677 0.007291666666666667 0.012962962962962963
2 0.5935608148574829 0.18578451871871948 0.007291666666666667 0.012962962962962963
2 0.4947544038295746 0.18735679984092712 0.007291666666666667 0.012962962962962963
2 0.3956325650215149 0.18759532272815704 0.007291666666666667 0.012962962962962963
2 0.25864410400390625 0.2533978521823883 0.007291666666666667 0.012962962962962963
2 0.24930737912654877 0.30823269486427307 0.007291666666666667 0.012962962962962963
2 0.23895199596881866 0.36621829867362976 0.007291666666666667 0.012962962962962963
2 0.21697577834129333 0.5005844831466675 0.007291666666666667 0.012962962962962963
2 0.20458850264549255 0.577435314655304 0.007291666666666667 0.012962962962962963
2 0.1909266859292984 0.6614943742752075 0.007291666666666667 0.012962962962962963
2 0.35554924607276917 0.7797715663909912 0.007291666666666667 0.012962962962962963
2 0.49923449754714966 0.7769408822059631 0.007291666666666667 0.012962962962962963
2 0.6420393586158752 0.7763498425483704 0.007291666666666667 0.012962962962962963
