3 0.3453986346721649 0.6800127029418945 0.025520833333333333 0.044444444444444446
3 0.3578367829322815 0.5133209228515625 0.022395833333333334 0.040740740740740744
4 0.3537392318248749 0.3033124804496765 0.019270833333333334 0.03611111111111111
1 0.39347541332244873 0.4680323898792267 0.021354166666666667 0.040740740740740744
3 0.432062029838562 0.43812358379364014 0.021354166666666667 0.03888888888888889
4 0.4549912214279175 0.3042162358760834 0.019791666666666666 0.03518518518518519
4 0.5034611821174622 0.4092033803462982 0.021354166666666667 0.03981481481481482
4 0.47216880321502686 0.5227993726730347 0.022916666666666665 0.03981481481481482
0 0.49272453784942627 0.6032124757766724 0.0234375 0.04351851851851852
4 0.4796222448348999 0.6293635964393616 0.024479166666666666 0.041666666666666664
4 0.5790929794311523 0.3361966013908386 0.019791666666666666 0.037037037037037035
3 0.5810339450836182 0.43455448746681213 0.021354166666666667 0.03888888888888889
4 0.6134442687034607 0.6923989653587341 0.025 0.046296296296296294
2 0.7950915098190308 0.6468401551246643 0.007291666666666667 0.012962962962962963
2 0.78056401014328 0.5675856471061707 0.007291666666666667 0.012962962962962963
2 0.7679375410079956 0.4945427179336548 0.007291666666666667 0.012962962962962963
2 0.746196985244751 0.3706682026386261 0.007291666666666667 0.012962962962962963
2 0.7356618046760559 0.31051039695739746 0.007291666666666667 0.012962962962962963
2 0.7267951965332031 0.2588132917881012 0.007291666666666667 0.012962962962962963
2 0.5942822098731995 0.19889290630817413 0.007291666666666667 0.012962962962962963
2 0.49819713830947876 0.20083726942539215 0.007291666666666667 0.012962962962962963
2 0.4016503095626831 0.20149697363376617 0.007291666666666667 0.012962962962962963
2 0.267878919839859 0.2657144069671631 0.007291666666666667 0.012962962962962963
2 0.2587090730667114 0.3186953663825989 0.007291666666666667 0.012962962962962963
2 0.24855557084083557 0.3746463358402252 0.007291666666666667 0.012962962962962963
2 0.22704873979091644 0.5039820075035095 0.007291666666666667 0.012962962962962963
2 0.21495667099952698 0.5777634382247925 0.007291666666666667 0.012962962962962963
2 0.20164699852466583 0.6583073139190674 0.007291666666666667 0.012962962962962963
2 0.36114856600761414 0.7696789503097534 0.007291666666666667 0.012962962962962963
2 0.5000336766242981 0.7656793594360352 0.007291666666666667 0.012962962962962963
2 0.6377299427986145 0.763823390007019 0.007291666666666667 0.012962962962962963
