2 0.45895296335220337 0.707073450088501 0.005952380952380952 0.005504761904761905
2 0.38369250297546387 0.6491082310676575 0.006139880952380952 0.005357142857142857
2 0.31840863823890686 0.5986745357513428 0.005395833333333333 0.005504761904761905
2 0.211637482047081 0.5164077281951904 0.004928571428571428 0.004614285714285714
2 0.16661544144153595 0.48168203234672546 0.004836309523809524 0.004761904761904762
2 0.12612345814704895 0.45030972361564636 0.004464285714285714 0.004314285714285715
2 0.17905856668949127 0.39059844613075256 0.004279761904761905 0.003423809523809524
2 0.24929943680763245 0.37358221411705017 0.003720238095238095 0.0031238095238095235
2 0.3136623799800873 0.3577401041984558 0.004372023809523809 0.003719047619047619
2 0.4439842104911804 0.364116370677948 0.003535714285714286 0.0031238095238095235
2 0.49131280183792114 0.3857026696205139 0.0034404761904761904 0.0031238095238095235
2 0.5429299473762512 0.4088926315307617 0.0038125000000000004 0.0031238095238095235
2 0.661173939704895 0.4627295732498169 0.00418452380952381 0.002976190476190476
2 0.7298038005828857 0.4940165877342224 0.004651785714285714 0.002976190476190476
2 0.8070675134658813 0.5293405055999756 0.005208333333333333 0.003276190476190476
2 0.8425306677818298 0.6286578178405762 0.005952380952380952 0.005061904761904762
2 0.7729921340942383 0.6722282767295837 0.005672619047619047 0.005209523809523809
2 0.6935164928436279 0.7217397689819336 0.005767857142857142 0.005657142857142857
1 0.5819991230964661 0.7592620849609375 0.023809523809523808 0.040080952380952384
0 0.587787389755249 0.5787026882171631 0.018104166666666668 0.03055714285714286
3 0.5821472406387329 0.6529901623725891 0.020833333333333332 0.03610952380952381
3 0.5631731152534485 0.4448733627796173 0.01512797619047619 0.026585714285714285
3 0.41657474637031555 0.5464440584182739 0.017610119047619048 0.029366666666666666
3 0.23740272223949432 0.4614224433898926 0.01636904761904762 0.026985714285714286
3 0.21725311875343323 0.45663776993751526 0.01612202380952381 0.02619047619047619
3 0.17917045950889587 0.4453108608722687 0.015625 0.025
4 0.318477988243103 0.3892374336719513 0.013889880952380952 0.023014285714285713
4 0.37246036529541016 0.38293182849884033 0.013639880952380952 0.023014285714285713
4 0.4904221296310425 0.45813244581222534 0.01512797619047619 0.025795238095238097
4 0.5898972749710083 0.4572436511516571 0.015872023809523808 0.025395238095238096
4 0.6226071119308472 0.5430474281311035 0.018601190476190476 0.02976190476190476
4 0.8163020014762878 0.575275182723999 0.019592261904761904 0.032538095238095234
