2 0.5437414050102234 0.7084362506866455 0.005952380952380952 0.005504761904761905
2 0.6195734143257141 0.652195155620575 0.006139880952380952 0.005357142857142857
2 0.6853320598602295 0.6032756567001343 0.005395833333333333 0.005504761904761905
2 0.7928324937820435 0.523516058921814 0.004928571428571428 0.004614285714285714
2 0.8381457328796387 0.48986050486564636 0.004836309523809524 0.004761904761904762
2 0.878892719745636 0.4594586193561554 0.004464285714285714 0.004314285714285715
2 0.8267762064933777 0.3996896743774414 0.004279761904761905 0.003423809523809524
2 0.7568281888961792 0.3818211555480957 0.003720238095238095 0.0031238095238095235
2 0.6926714777946472 0.36518409848213196 0.004372023809523809 0.003719047619047619
2 0.5621863007545471 0.3695402443408966 0.003535714285714286 0.0031238095238095235
2 0.5145562887191772 0.3902133107185364 0.0034404761904761904 0.0031238095238095235
2 0.46259310841560364 0.4124196171760559 0.0038125000000000004 0.0031238095238095235
2 0.3434680700302124 0.4640316963195801 0.00418452380952381 0.002976190476190476
2 0.2742745578289032 0.4940495491027832 0.004651785714285714 0.002976190476190476
2 0.19632968306541443 0.5279635787010193 0.005208333333333333 0.003276190476190476
2 0.15985994040966034 0.6258695721626282 0.005952380952380952 0.005061904761904762
2 0.22936415672302246 0.6699211597442627 0.005672619047619047 0.005209523809523809
2 0.3086916208267212 0.7199152708053589 0.005767857142857142 0.005657142857142857
1 0.4201025068759918 0.7583969831466675 0.023809523809523808 0.040080952380952384
0 0.4160061180591583 0.5798766016960144 0.018104166666666668 0.03055714285714286
3 0.42095720767974854 0.6534087657928467 0.020833333333333332 0.03610952380952381
3 0.44195130467414856 0.4477617144584656 0.01512797619047619 0.026585714285714285
3 0.5877587795257568 0.5503355860710144 0.017610119047619048 0.029366666666666666
3 0.7677316069602966 0.4688361883163452 0.01636904761904762 0.026985714285714286
3 0.7879016399383545 0.4643979072570801 0.01612202380952381 0.02619047619047619
3 0.8260378241539001 0.45375576615333557 0.015625 0.025
4 0.6875166893005371 0.39627939462661743 0.013889880952380952 0.023014285714285713
4 0.633590817451477 0.3892379105091095 0.013639880952380952 0.023014285714285713
4 0.5147302746772766 0.4619418978691101 0.01512797619047619 0.025795238095238097
4 0.4150352478027344 0.45962613821029663 0.015872023809523808 0.025395238095238096
4 0.381428599357605 0.5441160202026367 0.018601190476190476 0.02976190476190476
4 0.18666476011276245 0.5733506083488464 0.019592261904761904 0.032538095238095234
