2 0.5435134172439575 0.7108937501907349 0.005952380952380952 0.005504761904761905
2 0.6186545491218567 0.6535342931747437 0.006139880952380952 0.005357142857142857
2 0.6837058067321777 0.6037260293960571 0.005395833333333333 0.005504761904761905
2 0.7898346185684204 0.5226802229881287 0.004928571428571428 0.004614285714285714
2 0.8344895839691162 0.488543301820755 0.004836309523809524 0.004761904761904762
2 0.8746040463447571 0.4577385485172272 0.004464285714285714 0.004314285714285715
2 0.8230528235435486 0.39785027503967285 0.004279761904761905 0.003423809523809524
2 0.7539574503898621 0.3801734447479248 0.003720238095238095 0.0031238095238095235
2 0.6905143857002258 0.3636930584907532 0.004372023809523809 0.003719047619047619
2 0.5613343715667725 0.36862659454345703 0.003535714285714286 0.0031238095238095235
2 0.5141284465789795 0.38968130946159363 0.0034404761904761904 0.0031238095238095235
2 0.46257340908050537 0.41232481598854065 0.0038125000000000004 0.0031238095238095235
2 0.34417062997817993 0.4650408923625946 0.00418452380952381 0.002976190476190476
2 0.27525925636291504 0.49576160311698914 0.004651785714285714 0.002976190476190476
2 0.19751107692718506 0.5305226445198059 0.005208333333333333 0.003276190476190476
2 0.1610855758190155 0.629957377910614 0.005952380952380952 0.005061904761904762
2 0.2305113971233368 0.6741432547569275 0.005672619047619047 0.005209523809523809
2 0.3096708655357361 0.7242369651794434 0.005767857142857142 0.005657142857142857
1 0.4206756353378296 0.7623692154884338 0.023809523809523808 0.040080952380952384
0 0.41643738746643066 0.5817639827728271 0.018104166666666668 0.03055714285714286
3 0.4214293360710144 0.6561053991317749 0.020833333333333332 0.03610952380952381
3 0.4421044886112213 0.44810909032821655 0.01512797619047619 0.026585714285714285
3 0.5869535207748413 0.5508928298950195 0.017610119047619048 0.029366666666666666
3 0.764917254447937 0.4677371084690094 0.01636904761904762 0.026985714285714286
3 0.7848304510116577 0.46316561102867126 0.01612202380952381 0.02619047619047619
3 0.8224539756774902 0.45226168632507324 0.015625 0.025
4 0.6854755282402039 0.39503470063209534 0.013889880952380952 0.023014285714285713
4 0.6321001052856445 0.38817697763442993 0.013639880952380952 0.023014285714285713
4 0.5143918395042419 0.46206456422805786 0.01512797619047619 0.025795238095238097
4 0.415363609790802 0.4602273404598236 0.015872023809523808 0.025395238095238096
4 0.38200828433036804 0.5458084344863892 0.018601190476190476 0.02976190476190476
4 0.18786396086215973 0.5765572786331177 0.019592261904761904 0.032538095238095234
