2 0.3709048330783844 0.7509202361106873 0.006139880952380952 0.005357142857142857
2 0.5156420469284058 0.7538530826568604 0.006416666666666666 0.005804761904761905
2 0.6610063314437866 0.7568016052246094 0.006416666666666666 0.005357142857142857
2 0.8264409303665161 0.6501968502998352 0.006139880952380952 0.00490952380952381
2 0.8118830919265747 0.5731683969497681 0.005580357142857143 0.004761904761904762
2 0.7986462712287903 0.5033615827560425 0.005952380952380952 0.004761904761904762
2 0.7752432227134705 0.38087695837020874 0.005672619047619047 0.00490952380952381
2 0.7647040486335754 0.32659482955932617 0.005395833333333333 0.005357142857142857
2 0.7550121545791626 0.2763286828994751 0.005300595238095238 0.004761904761904762
2 0.6149735450744629 0.21564513444900513 0.005860119047619048 0.005209523809523809
2 0.5148432850837708 0.2140735536813736 0.005395833333333333 0.004166666666666667
2 0.41471943259239197 0.21257802844047546 0.005300595238095238 0.004166666666666667
2 0.27669763565063477 0.26969587802886963 0.005580357142857143 0.005504761904761905
2 0.26706981658935547 0.3190627098083496 0.004556547619047619 0.004466666666666667
2 0.2571108937263489 0.3728991150856018 0.005208333333333333 0.00490952380952381
2 0.23404055833816528 0.4935859143733978 0.005672619047619047 0.005357142857142857
2 0.22108693420886993 0.5627366304397583 0.005767857142857142 0.005061904761904762
2 0.2071354240179062 0.6386445164680481 0.006139880952380952 0.005357142857142857
3 0.38953715562820435 0.6507907509803772 0.024404761904761905 0.040952380952380955
3 0.4004622995853424 0.4834560751914978 0.021726190476190475 0.03571428571428571
3 0.3681725859642029 0.32136452198028564 0.019345238095238096 0.03190476190476191
3 0.3569597601890564 0.308478981256485 0.019345238095238096 0.03238095238095238
3 0.33965861797332764 0.2813608646392822 0.01904761904761905 0.030476190476190476
3 0.7343615293502808 0.4360465407371521 0.020535714285714286 0.034761904761904765
4 0.6418625116348267 0.27315184473991394 0.01875 0.03238095238095238
4 0.5705238580703735 0.2604465186595917 0.018154761904761906 0.03142857142857143
4 0.6255054473876953 0.42007625102996826 0.020535714285714286 0.03571428571428571
4 0.6062561273574829 0.5730827450752258 0.022916666666666665 0.03857142857142857
4 0.7408351302146912 0.46362408995628357 0.02142857142857143 0.03666666666666667
4 0.7543359398841858 0.7021430730819702 0.025595238095238095 0.04285714285714286
0 0.5077208876609802 0.591289758682251 0.02261904761904762 0.04
1 0.24748986959457397 0.7244383692741394 0.024404761904761905 0.029047619047619048
