2 0.42038360238075256 0.19442617893218994 0.004092261904761905 0.006695238095238095
2 0.33640056848526 0.19434548914432526 0.00418452380952381 0.0063999999999999994
2 0.25241681933403015 0.19426503777503967 0.00362797619047619 0.0061
2 0.14417177438735962 0.3632846176624298 0.003907738095238095 0.006252380952380953
2 0.1439226269721985 0.496065616607666 0.0038125000000000004 0.0061
2 0.14394979178905487 0.6287975907325745 0.003907738095238095 0.005804761904761905
2 0.2522217333316803 0.7989359498023987 0.0038125000000000004 0.005952380952380952
2 0.3363584578037262 0.7994167804718018 0.003907738095238095 0.006252380952380953
2 0.42058461904525757 0.8001226782798767 0.003907738095238095 0.0061
2 0.5882861018180847 0.8010066747665405 0.0034404761904761904 0.006547619047619048
2 0.6723634004592896 0.8011969327926636 0.00362797619047619 0.006847619047619048
2 0.7563870549201965 0.8011673092842102 0.0032559523809523806 0.0061
2 0.8635234236717224 0.6323168873786926 0.003535714285714286 0.005952380952380952
2 0.8634566068649292 0.4997018575668335 0.0038125000000000004 0.006695238095238095
2 0.8633419871330261 0.36732882261276245 0.0038125000000000004 0.0063999999999999994
2 0.7559956312179565 0.19734564423561096 0.004092261904761905 0.0063999999999999994
2 0.6722095012664795 0.1963265985250473 0.004 0.006252380952380953
2 0.5882872343063354 0.19545382261276245 0.004092261904761905 0.005804761904761905
3 0.48984572291374207 0.25190335512161255 0.014485119047619049 0.023809523809523808
3 0.5607748031616211 0.6242255568504333 0.013491071428571429 0.02349047619047619
3 0.7546111345291138 0.6221681833267212 0.015476190476190477 0.02444285714285714
3 0.25919708609580994 0.7172886729240417 0.014086309523809524 0.023809523809523808
3 0.3037136495113373 0.6917847990989685 0.015476190476190477 0.02349047619047619
3 0.3255176842212677 0.6770935654640198 0.015276785714285713 0.02444285714285714
4 0.21640095114707947 0.42510786652565 0.01607142857142857 0.024761904761904763
4 0.23799431324005127 0.33671626448631287 0.015080357142857144 0.02317619047619048
4 0.4682058095932007 0.37302058935165405 0.015080357142857144 0.025395238095238096
4 0.525746762752533 0.24919568002223969 0.014681547619047618 0.02412857142857143
4 0.6639759540557861 0.4057168662548065 0.015080357142857144 0.02508095238095238
4 0.7979964017868042 0.27432167530059814 0.01567559523809524 0.02444285714285714
0 0.686867356300354 0.5067360997200012 0.01488095238095238 0.02349047619047619
1 0.8353437185287476 0.7488378286361694 0.016467261904761905 0.025395238095238096
