4 0.778769850730896 0.626688539981842 0.016145833333333335 0.026851851851851852
3 0.7595168948173523 0.3392352759838104 0.015625 0.026851851851851852
4 0.7154398560523987 0.4826827347278595 0.015104166666666667 0.026851851851851852
0 0.687630832195282 0.4969800114631653 0.015104166666666667 0.026851851851851852
4 0.6002543568611145 0.4707380533218384 0.015625 0.027777777777777776
1 0.45314401388168335 0.7002630233764648 0.015625 0.027777777777777776
4 0.45879024267196655 0.5062610507011414 0.015104166666666667 0.027777777777777776
4 0.3594091236591339 0.6062720417976379 0.015104166666666667 0.027777777777777776
4 0.30531445145606995 0.4372948110103607 0.016145833333333335 0.026851851851851852
4 0.2995040714740753 0.29616355895996094 0.015104166666666667 0.026851851851851852
2 0.1480598747730255 0.6372880339622498 0.007291666666666667 0.012962962962962963
2 0.14562983810901642 0.49544084072113037 0.007291666666666667 0.012962962962962963
2 0.14213211834430695 0.35104113817214966 0.007291666666666667 0.012962962962962963
2 0.24699397385120392 0.16947583854198456 0.007291666666666667 0.012962962962962963
2 0.33075419068336487 0.17088061571121216 0.007291666666666667 0.012962962962962963
2 0.41453248262405396 0.17228706181049347 0.007291666666666667 0.012962962962962963
2 0.58087557554245 0.17551417648792267 0.007291666666666667 0.012962962962962963
2 0.6637071371078491 0.17821282148361206 0.007291666666666667 0.012962962962962963
2 0.7462949156761169 0.18003153800964355 0.007291666666666667 0.012962962962962963
2 0.852509081363678 0.3662043511867523 0.007291666666666667 0.012962962962962963
2 0.8538187742233276 0.5049318671226501 0.007291666666666667 0.012962962962962963
2 0.8546655774116516 0.6476534008979797 0.007291666666666667 0.012962962962962963
2 0.7511916756629944 0.8255119323730469 0.007291666666666667 0.012962962962962963
2 0.6690508127212524 0.8246096968650818 0.007291666666666667 0.012962962962962963
2 0.5874455571174622 0.8245787024497986 0.007291666666666667 0.012962962962962963
2 0.4232781231403351 0.8227779269218445 0.007291666666666667 0.012962962962962963
2 0.3404436707496643 0.8201314210891724 0.007291666666666667 0.012962962962962963
