4 0.22115688025951385 0.6341432929039001 0.016145833333333335 0.026851851851851852
3 0.2379448562860489 0.3338112533092499 0.015625 0.026851851851851852
4 0.284499853849411 0.48439913988113403 0.015104166666666667 0.026851851851851852
0 0.3130541443824768 0.49976468086242676 0.015104166666666667 0.026851851851851852
4 0.40180015563964844 0.4737586975097656 0.015625 0.027777777777777776
1 0.553625226020813 0.7147976160049438 0.015625 0.027777777777777776
4 0.5456565618515015 0.5129178166389465 0.015104166666666667 0.027777777777777776
4 0.647146463394165 0.6181912422180176 0.015104166666666667 0.027777777777777776
4 0.6995039582252502 0.44379130005836487 0.016145833333333335 0.026851851851851852
4 0.7036024332046509 0.2978757619857788 0.015104166666666667 0.026851851851851852
2 0.859539806842804 0.6529572010040283 0.007291666666666667 0.012962962962962963
2 0.8601216673851013 0.5064283609390259 0.007291666666666667 0.012962962962962963
2 0.8617343306541443 0.35749465227127075 0.007291666666666667 0.012962962962962963
2 0.754655659198761 0.16813282668590546 0.007291666666666667 0.012962962962962963
2 0.6706979274749756 0.16773003339767456 0.007291666666666667 0.012962962962962963
2 0.5864286422729492 0.1673271507024765 0.007291666666666667 0.012962962962962963
2 0.4182397723197937 0.1669744998216629 0.007291666666666667 0.012962962962962963
2 0.33406302332878113 0.16793395578861237 0.007291666666666667 0.012962962962962963
2 0.24983246624469757 0.1679849624633789 0.007291666666666667 0.012962962962962963
2 0.14287535846233368 0.3602718710899353 0.007291666666666667 0.012962962962962963
2 0.14289003610610962 0.5055292844772339 0.007291666666666667 0.012962962962962963
2 0.14342008531093597 0.6551815271377563 0.007291666666666667 0.012962962962962963
2 0.25146663188934326 0.8428306579589844 0.007291666666666667 0.012962962962962963
2 0.33551210165023804 0.8425620198249817 0.007291666666666667 0.012962962962962963
2 0.41873225569725037 0.8432005047798157 0.007291666666666667 0.012962962962962963
2 0.5852705836296082 0.8426676392555237 0.007291666666666667 0.012962962962962963
2 0.6688471436500549 0.8405929803848267 0.007291666666666667 0.012962962962962963
