4 0.5698662996292114 0.7009828686714172 0.02649702380952381 0.04313809523809524
4 0.6253141164779663 0.6526696681976318 0.02533630952380952 0.044257142857142856
4 0.5357807874679565 0.46257203817367554 0.02161607142857143 0.03941904761904762
4 0.35093069076538086 0.4880720376968384 0.02208035714285714 0.03793333333333333
4 0.3393649160861969 0.32488206028938293 0.01905952380952381 0.03421428571428571
4 0.6486285924911499 0.2888461649417877 0.0206875 0.035328571428571424
4 0.6037343144416809 0.26238954067230225 0.018595238095238095 0.03421428571428571
0 0.6240952014923096 0.2644701898097992 0.01905952380952381 0.033100000000000004
1 0.5636867880821228 0.2476605772972107 0.01975595238095238 0.033100000000000004
2 0.37057018280029297 0.7544286847114563 0.006794642857142857 0.006252380952380953
2 0.5161400437355042 0.7526331543922424 0.0072589285714285716 0.0079
2 0.6612370610237122 0.7503173351287842 0.007113095238095238 0.006738095238095238
2 0.8245146870613098 0.6400964260101318 0.0076934523809523815 0.006738095238095238
2 0.8103159666061401 0.5653323531150818 0.00537202380952381 0.006504761904761905
2 0.7966105937957764 0.49672892689704895 0.006532738095238095 0.006966666666666667
2 0.7731140851974487 0.3770512342453003 0.006711309523809524 0.00599047619047619
2 0.7627835869789124 0.3242311179637909 0.0064523809523809525 0.005576190476190477
2 0.7526786923408508 0.27549171447753906 0.005550595238095237 0.005371428571428571
2 0.6138315200805664 0.21895058453083038 0.005440476190476191 0.006385714285714285
2 0.5143651962280273 0.2191149741411209 0.0053125 0.00550952380952381
2 0.41414761543273926 0.21949610114097595 0.005705357142857143 0.004566666666666667
2 0.2746838331222534 0.27838441729545593 0.005508928571428572 0.005352380952380952
2 0.26534637808799744 0.3273932933807373 0.006592261904761905 0.006614285714285715
2 0.25485289096832275 0.38111427426338196 0.005116071428571429 0.005823809523809524
2 0.2318519651889801 0.5019506216049194 0.00669047619047619 0.006614285714285715
2 0.21842128038406372 0.5709450840950012 0.0068869047619047625 0.006928571428571429
2 0.20403528213500977 0.6478474140167236 0.0068869047619047625 0.007557142857142857
