2 0.2516924738883972 0.20611585676670074 0.004068452380952381 0.006666666666666667
2 0.33549749851226807 0.2053307443857193 0.004264880952380952 0.006823809523809524
2 0.4195517897605896 0.204853355884552 0.0037708333333333335 0.006033333333333333
2 0.5874316692352295 0.20460963249206543 0.004464285714285714 0.006823809523809524
2 0.6720892190933228 0.20514805614948273 0.003967261904761905 0.006190476190476191
2 0.7563130259513855 0.20545309782028198 0.004166666666666667 0.006666666666666667
2 0.8631541132926941 0.3777481019496918 0.004068452380952381 0.007142857142857143
2 0.8622092604637146 0.5120505690574646 0.004264880952380952 0.006823809523809524
2 0.8612685203552246 0.6459741592407227 0.003669642857142857 0.006666666666666667
2 0.7523214221000671 0.8160097002983093 0.003869047619047619 0.006190476190476191
2 0.6685230135917664 0.816266655921936 0.003967261904761905 0.006347619047619047
2 0.5845840573310852 0.8162833452224731 0.003967261904761905 0.006666666666666667
2 0.4179966449737549 0.8155477046966553 0.003967261904761905 0.006666666666666667
2 0.33441904187202454 0.8147087693214417 0.003869047619047619 0.006190476190476191
2 0.251039981842041 0.8141096830368042 0.003967261904761905 0.006190476190476191
2 0.14419250190258026 0.6442142724990845 0.004068452380952381 0.006666666666666667
2 0.14394009113311768 0.5112316608428955 0.003967261904761905 0.006347619047619047
2 0.14408233761787415 0.3774775266647339 0.003869047619047619 0.006347619047619047
4 0.2613637149333954 0.3415117561817169 0.016169642857142858 0.026033333333333335
4 0.21334904432296753 0.39564722776412964 0.01636904761904762 0.02650952380952381
4 0.31762978434562683 0.7259228229522705 0.015574404761904762 0.02491904761904762
4 0.5245522856712341 0.4880092144012451 0.014651785714285713 0.02344285714285714
4 0.5573338270187378 0.6904372572898865 0.01511011904761905 0.024542857142857144
4 0.801835298538208 0.4610455632209778 0.016026785714285716 0.02600952380952381
4 0.7540090084075928 0.40433672070503235 0.016711309523809524 0.025276190476190476
0 0.21748650074005127 0.37063637375831604 0.014181547619047618 0.02437142857142857
1 0.18519821763038635 0.44621118903160095 0.01663095238095238 0.02492857142857143
