2 0.24965177476406097 0.19653961062431335 0.004068452380952381 0.006666666666666667
2 0.33385321497917175 0.1963179111480713 0.004264880952380952 0.006823809523809524
2 0.4182365834712982 0.19640791416168213 0.0037708333333333335 0.006033333333333333
2 0.5865679979324341 0.19730141758918762 0.004464285714285714 0.006823809523809524
2 0.6713511943817139 0.19841642677783966 0.003967261904761905 0.006190476190476191
2 0.755628764629364 0.19929300248622894 0.004166666666666667 0.006666666666666667
2 0.8634395599365234 0.3731474280357361 0.004068452380952381 0.007142857142857143
2 0.863278329372406 0.5081586837768555 0.004264880952380952 0.006823809523809524
2 0.8631190061569214 0.6428437232971191 0.003669642857142857 0.006666666666666667
2 0.7550995349884033 0.8135214447975159 0.003869047619047619 0.006190476190476191
2 0.6711733937263489 0.8134666681289673 0.003967261904761905 0.006347619047619047
2 0.5870355367660522 0.8131691217422485 0.003967261904761905 0.006666666666666667
2 0.4198428988456726 0.8118025064468384 0.003967261904761905 0.006666666666666667
2 0.33585572242736816 0.8106419444084167 0.003869047619047619 0.006190476190476191
2 0.2520003616809845 0.8097232580184937 0.003967261904761905 0.006190476190476191
2 0.14363187551498413 0.637771725654602 0.004068452380952381 0.006666666666666667
2 0.1427413374185562 0.503554105758667 0.003967261904761905 0.006347619047619047
2 0.14224466681480408 0.36861321330070496 0.003869047619047619 0.006347619047619047
4 0.2600434422492981 0.33305540680885315 0.016169642857142858 0.026033333333333335
4 0.21202747523784637 0.3873467445373535 0.01636904761904762 0.02650952380952381
4 0.3185289800167084 0.7209947109222412 0.015574404761904762 0.02491904761904762
4 0.5250645875930786 0.48217254877090454 0.014651785714285713 0.02344285714285714
4 0.5590270161628723 0.6862459778785706 0.01511011904761905 0.024542857142857144
4 0.8026173710823059 0.45654433965682983 0.016026785714285716 0.02600952380952381
4 0.7544521689414978 0.3992426097393036 0.016711309523809524 0.025276190476190476
0 0.21606671810150146 0.36215174198150635 0.014181547619047618 0.02437142857142857
1 0.18395288288593292 0.43818095326423645 0.01663095238095238 0.02492857142857143
