2 0.2579949200153351 0.1997755616903305 0.004068452380952381 0.006666666666666667
2 0.34117159247398376 0.20047177374362946 0.004264880952380952 0.006823809523809524
2 0.42427557706832886 0.20147135853767395 0.0037708333333333335 0.006033333333333333
2 0.5893052816390991 0.20414948463439941 0.004464285714285714 0.006823809523809524
2 0.6720495223999023 0.20613686740398407 0.003967261904761905 0.006190476190476191
2 0.7540526390075684 0.2078821063041687 0.004166666666666667 0.006666666666666667
2 0.8584482669830322 0.3769843578338623 0.004068452380952381 0.007142857142857143
2 0.8581769466400146 0.5074334740638733 0.004264880952380952 0.006823809523809524
2 0.8579077124595642 0.6375818848609924 0.003669642857142857 0.006666666666666667
2 0.7529879808425903 0.8025301098823547 0.003869047619047619 0.006190476190476191
2 0.67130446434021 0.8024759292602539 0.003967261904761905 0.006347619047619047
2 0.5891690850257874 0.8021858334541321 0.003967261904761905 0.006666666666666667
2 0.42522069811820984 0.8008513450622559 0.003967261904761905 0.006666666666666667
2 0.34249234199523926 0.7997154593467712 0.003869047619047619 0.006190476190476191
2 0.2596442401409149 0.7988125681877136 0.003967261904761905 0.006190476190476191
2 0.15240198373794556 0.6304692029953003 0.004068452380952381 0.006666666666666667
2 0.15167100727558136 0.49908575415611267 0.003967261904761905 0.006347619047619047
2 0.15133213996887207 0.3670072853565216 0.003869047619047619 0.006347619047619047
4 0.2681241035461426 0.3332045078277588 0.016169642857142858 0.026033333333333335
4 0.2205342948436737 0.38586699962615967 0.01636904761904762 0.02650952380952381
4 0.3254900872707367 0.712225615978241 0.015574404761904762 0.02491904761904762
4 0.5288417339324951 0.48038169741630554 0.014651785714285713 0.02344285714285714
4 0.5618959069252014 0.6788526177406311 0.01511011904761905 0.024542857142857144
4 0.7994410991668701 0.4571877121925354 0.016026785714285716 0.02600952380952381
4 0.7527303099632263 0.4014178514480591 0.016711309523809524 0.025276190476190476
0 0.22456392645835876 0.3612712323665619 0.014181547619047618 0.02437142857142857
1 0.1926482915878296 0.43537259101867676 0.01663095238095238 0.02492857142857143
