2 0.24468524754047394 0.2014697790145874 0.004068452380952381 0.006666666666666667
2 0.3272577226161957 0.19994588196277618 0.004264880952380952 0.006823809523809524
2 0.4101691246032715 0.19872574508190155 0.0037708333333333335 0.006033333333333333
2 0.5760420560836792 0.1969950795173645 0.004464285714285714 0.006823809523809524
2 0.6598269939422607 0.19678311049938202 0.003967261904761905 0.006190476190476191
2 0.7432716488838196 0.19634097814559937 0.004166666666666667 0.006666666666666667
2 0.8496294021606445 0.36776411533355713 0.004068452380952381 0.007142857142857143
2 0.8489874005317688 0.5016307830810547 0.004264880952380952 0.006823809523809524
2 0.8483506441116333 0.6346820592880249 0.003669642857142857 0.006666666666666667
2 0.7414563894271851 0.8035145401954651 0.003869047619047619 0.006190476190476191
2 0.6590542197227478 0.8041808009147644 0.003967261904761905 0.006347619047619047
2 0.5766015648841858 0.8046100735664368 0.003967261904761905 0.006666666666666667
2 0.4132201671600342 0.8047035336494446 0.003967261904761905 0.006666666666666667
2 0.33137694001197815 0.8042877912521362 0.003869047619047619 0.006190476190476191
2 0.2498156726360321 0.8041076064109802 0.003967261904761905 0.006190476190476191
2 0.14361228048801422 0.6372454762458801 0.004068452380952381 0.006666666666666667
2 0.14193621277809143 0.5057464838027954 0.003967261904761905 0.006347619047619047
2 0.1406337320804596 0.3730526864528656 0.003869047619047619 0.006347619047619047
4 0.2554868161678314 0.3363680839538574 0.016169642857142858 0.026033333333333335
4 0.20882633328437805 0.3905784785747528 0.01636904761904762 0.02650952380952381
4 0.314179927110672 0.7168850898742676 0.015574404761904762 0.02491904761904762
4 0.5156464576721191 0.48007529973983765 0.014651785714285713 0.02344285714285714
4 0.5491215586662292 0.6804983615875244 0.01511011904761905 0.024542857142857144
4 0.7891571521759033 0.45128166675567627 0.016026785714285716 0.02600952380952381
4 0.7416847348213196 0.3951280415058136 0.016711309523809524 0.025276190476190476
0 0.2126416116952896 0.3656858503818512 0.014181547619047618 0.02437142857142857
1 0.18170516192913055 0.4409966766834259 0.01663095238095238 0.02492857142857143
