3 0.6469053626060486 0.6051652431488037 0.015625 0.026851851851851852
0 0.6799247860908508 0.5058842897415161 0.015104166666666667 0.026851851851851852
3 0.7108359932899475 0.2816961407661438 0.015625 0.026851851851851852
3 0.6220918893814087 0.22908098995685577 0.014583333333333334 0.026851851851851852
4 0.5972391366958618 0.4485105872154236 0.015625 0.027777777777777776
4 0.5165495276451111 0.32303738594055176 0.015104166666666667 0.027777777777777776
1 0.43054473400115967 0.3012450933456421 0.016145833333333335 0.028703703703703703
3 0.3935913145542145 0.27564406394958496 0.015625 0.028703703703703703
3 0.43150341510772705 0.6174411177635193 0.015104166666666667 0.027777777777777776
3 0.3991503417491913 0.6748855113983154 0.015625 0.027777777777777776
3 0.37038373947143555 0.6704397201538086 0.015104166666666667 0.025925925925925925
4 0.23255237936973572 0.726391613483429 0.015625 0.028703703703703703
2 0.13983923196792603 0.6518605351448059 0.007291666666666667 0.012962962962962963
2 0.13955338299274445 0.5082359910011292 0.007291666666666667 0.012962962962962963
2 0.1397850215435028 0.3623751699924469 0.007291666666666667 0.012962962962962963
2 0.24695320427417755 0.17574265599250793 0.007291666666666667 0.012962962962962963
2 0.3312686085700989 0.1746336668729782 0.007291666666666667 0.012962962962962963
2 0.4152914881706238 0.17352581024169922 0.007291666666666667 0.012962962962962963
2 0.5834767818450928 0.17264506220817566 0.007291666666666667 0.012962962962962963
2 0.6686784625053406 0.17197325825691223 0.007291666666666667 0.012962962962962963
2 0.7535841464996338 0.1717514991760254 0.007291666666666667 0.012962962962962963
2 0.860705554485321 0.3596847653388977 0.007291666666666667 0.012962962962962963
2 0.8601661324501038 0.5058438777923584 0.007291666666666667 0.012962962962962963
2 0.8591035008430481 0.652430534362793 0.007291666666666667 0.012962962962962963
2 0.7488256692886353 0.8368244767189026 0.007291666666666667 0.012962962962962963
2 0.6647282242774963 0.8379620909690857 0.007291666666666667 0.012962962962962963
2 0.5800802111625671 0.8373099565505981 0.007291666666666667 0.012962962962962963
2 0.41324567794799805 0.8369051218032837 0.007291666666666667 0.012962962962962963
2 0.3297670781612396 0.8367026448249817 0.007291666666666667 0.012962962962962963
2 0.24624909460544586 0.8364999890327454 0.007291666666666667 0.012962962962962963
