3 0.6393754482269287 0.6071922779083252 0.015625 0.026851851851851852
0 0.6734771728515625 0.5099464654922485 0.015104166666666667 0.026851851851851852
3 0.7079430222511292 0.2891870439052582 0.015625 0.026851851851851852
3 0.6223795413970947 0.2354501187801361 0.014583333333333334 0.026851851851851852
4 0.5939726233482361 0.4514799416065216 0.015625 0.027777777777777776
4 0.5178331136703491 0.32600921392440796 0.015104166666666667 0.027777777777777776
1 0.4346787631511688 0.3027670383453369 0.016145833333333335 0.028703703703703703
3 0.3993014097213745 0.2768023908138275 0.015625 0.028703703703703703
3 0.42961132526397705 0.6142269372940063 0.015104166666666667 0.027777777777777776
3 0.39713090658187866 0.6700157523155212 0.015625 0.027777777777777776
3 0.3693210780620575 0.6649478077888489 0.015104166666666667 0.025925925925925925
4 0.23484192788600922 0.7166250944137573 0.015625 0.028703703703703703
2 0.146701380610466 0.6411781311035156 0.007291666666666667 0.012962962962962963
2 0.1491188108921051 0.5001412630081177 0.007291666666666667 0.012962962962962963
2 0.15207797288894653 0.3568968176841736 0.007291666666666667 0.012962962962962963
2 0.25913530588150024 0.17561334371566772 0.007291666666666667 0.012962962962962963
2 0.3407873511314392 0.17613175511360168 0.007291666666666667 0.012962962962962963
2 0.4222945272922516 0.17664656043052673 0.007291666666666667 0.012962962962962963
2 0.5858350992202759 0.17899881303310394 0.007291666666666667 0.012962962962962963
2 0.6689006686210632 0.17997069656848907 0.007291666666666667 0.012962962962962963
2 0.751811683177948 0.1813834011554718 0.007291666666666667 0.012962962962962963
2 0.8529887795448303 0.3693981468677521 0.007291666666666667 0.012962962962962963
2 0.849640965461731 0.5139768123626709 0.007291666666666667 0.012962962962962963
2 0.8457733988761902 0.6589400768280029 0.007291666666666667 0.012962962962962963
2 0.7343884706497192 0.8384308218955994 0.007291666666666667 0.012962962962962963
2 0.6522982120513916 0.837378978729248 0.007291666666666667 0.012962962962962963
2 0.5698459148406982 0.8345500230789185 0.007291666666666667 0.012962962962962963
2 0.40773430466651917 0.8298552632331848 0.007291666666666667 0.012962962962962963
2 0.32682356238365173 0.8275120258331299 0.007291666666666667 0.012962962962962963
2 0.24601082503795624 0.8251717686653137 0.007291666666666667 0.012962962962962963
