3 0.5394418239593506 0.620205283164978 0.025830357142857144 0.039342857142857145
4 0.4129280745983124 0.5649359226226807 0.025208333333333333 0.04066666666666667
0 0.4290010631084442 0.5130099654197693 0.02107738095238095 0.03537619047619048
4 0.6526777148246765 0.5151086449623108 0.02272916666666667 0.036699999999999997
4 0.7705392241477966 0.4642993211746216 0.021282738095238098 0.03504761904761904
4 0.8013378977775574 0.4532821774482727 0.020458333333333332 0.03537619047619048
1 0.7703059315681458 0.4385419487953186 0.021491071428571425 0.028104761904761907
3 0.9045953750610352 0.35482528805732727 0.017770833333333333 0.031409523809523804
3 0.6988487839698792 0.29417645931243896 0.016642857142857143 0.02791904761904762
3 0.6513805389404297 0.2624380588531494 0.01463095238095238 0.02662857142857143
4 0.6344074010848999 0.2682056725025177 0.015705357142857142 0.02577142857142857
3 0.5742996335029602 0.33607858419418335 0.01879166666666667 0.030923809523809524
4 0.4548257291316986 0.4274452328681946 0.02026785714285714 0.03371904761904762
3 0.38384363055229187 0.41948655247688293 0.019464285714285715 0.032
3 0.30464035272598267 0.4900095462799072 0.02174404761904762 0.03608095238095238
4 0.30804479122161865 0.5680590271949768 0.024428571428571428 0.03844285714285715
2 0.27923163771629333 0.7380527853965759 0.007550595238095238 0.006966666666666667
2 0.18427196145057678 0.6732543706893921 0.0064523809523809525 0.006552380952380952
2 0.10053703933954239 0.6160695552825928 0.007074404761904762 0.006157142857142857
2 0.13795216381549835 0.4841063320636749 0.0069494047619047625 0.005361904761904762
2 0.22772333025932312 0.4382506310939789 0.007321428571428572 0.0047666666666666664
2 0.30910834670066833 0.39690306782722473 0.0060803571428571426 0.004171428571428572
2 0.44812917709350586 0.3257753551006317 0.004904761904761905 0.004076190476190476
2 0.5085788369178772 0.29513418674468994 0.00556547619047619 0.004376190476190476
2 0.5641130805015564 0.26685652136802673 0.0051875 0.004076190476190476
2 0.7181141376495361 0.26032283902168274 0.004997023809523809 0.004
2 0.7936712503433228 0.28254976868629456 0.004755952380952381 0.005547619047619048
2 0.8756325840950012 0.30688658356666565 0.0057232142857142855 0.005419047619047619
2 0.9358917474746704 0.3873946964740753 0.005964285714285714 0.005676190476190476
2 0.8884299397468567 0.42828476428985596 0.005803571428571429 0.005676190476190476
2 0.8362065553665161 0.4736919105052948 0.005803571428571429 0.00529047619047619
2 0.7119954228401184 0.580971896648407 0.006919642857142857 0.006961904761904761
2 0.636603057384491 0.6459875106811523 0.0067232142857142855 0.006009523809523809
2 0.5503449440002441 0.7202136516571045 0.0074136904761904765 0.0068
