3 0.5338110327720642 0.6154374480247498 0.025830357142857144 0.039342857142857145
4 0.4088180661201477 0.5626768469810486 0.025208333333333333 0.04066666666666667
0 0.42532095313072205 0.5117200613021851 0.02107738095238095 0.03537619047619048
4 0.6490119695663452 0.5109319090843201 0.02272916666666667 0.036699999999999997
4 0.7694203853607178 0.45896032452583313 0.021282738095238098 0.03504761904761904
4 0.8010630011558533 0.4475330114364624 0.020458333333333332 0.03537619047619048
1 0.7697024345397949 0.4333372712135315 0.021491071428571425 0.028104761904761907
3 0.9092802405357361 0.34725645184516907 0.017770833333333333 0.031409523809523804
3 0.6997080445289612 0.2906044125556946 0.016642857142857143 0.02791904761904762
3 0.6520299315452576 0.259896844625473 0.01463095238095238 0.02662857142857143
4 0.6347169280052185 0.2660374939441681 0.015705357142857142 0.02577142857142857
3 0.5729016065597534 0.33489349484443665 0.01879166666666667 0.030923809523809524
4 0.451992392539978 0.42734360694885254 0.02026785714285714 0.03371904761904762
3 0.38155966997146606 0.42065006494522095 0.019464285714285715 0.032
3 0.30271169543266296 0.4908578097820282 0.02174404761904762 0.03608095238095238
4 0.3054082989692688 0.5668399930000305 0.024428571428571428 0.03844285714285715
2 0.27585622668266296 0.7315528988838196 0.007550595238095238 0.006966666666666667
2 0.1838732808828354 0.6696906685829163 0.0064523809523809525 0.006552380952380952
2 0.10304819792509079 0.6152884364128113 0.007074404761904762 0.006157142857142857
2 0.13979506492614746 0.4873513877391815 0.0069494047619047625 0.005361904761904762
2 0.2276083081960678 0.4414556324481964 0.007321428571428572 0.0047666666666666664
2 0.30789023637771606 0.3997151255607605 0.0060803571428571426 0.004171428571428572
2 0.44653600454330444 0.32714012265205383 0.004904761904761905 0.004076190476190476
2 0.5074196457862854 0.2955530285835266 0.00556547619047619 0.004376190476190476
2 0.5636788606643677 0.2662385404109955 0.0051875 0.004076190476190476
2 0.7199716567993164 0.25628525018692017 0.004997023809523809 0.004
2 0.7968003749847412 0.27691730856895447 0.004755952380952381 0.005547619047619048
2 0.8805326819419861 0.29963207244873047 0.0057232142857142855 0.005419047619047619
2 0.94081050157547 0.37939709424972534 0.005964285714285714 0.005676190476190476
2 0.8908897638320923 0.4212024211883545 0.005803571428571429 0.005676190476190476
2 0.8362758755683899 0.4673437774181366 0.005803571428571429 0.00529047619047619
2 0.7077430486679077 0.5752386450767517 0.006919642857142857 0.006961904761904761
2 0.6306408047676086 0.6398640871047974 0.0067232142857142855 0.006009523809523809
2 0.5432588458061218 0.7129523754119873 0.0074136904761904765 0.0068
