2 0.2555333375930786 0.20327650010585785 0.003967261904761905 0.006547619047619048
2 0.3397015631198883 0.20316463708877563 0.003845238095238095 0.006547619047619048
2 0.42380622029304504 0.2027667909860611 0.003967261904761905 0.006747619047619047
2 0.5910690426826477 0.2035132646560669 0.004217261904761905 0.006347619047619047
2 0.6746030449867249 0.20407938957214355 0.0035952380952380954 0.006152380952380953
2 0.7579503655433655 0.20473626255989075 0.003967261904761905 0.006547619047619048
2 0.8627533912658691 0.3741486668586731 0.003967261904761905 0.007142857142857143
2 0.8616688847541809 0.506166934967041 0.003720238095238095 0.006942857142857143
2 0.8605864644050598 0.6381125450134277 0.003967261904761905 0.007142857142857143
2 0.7528249025344849 0.806968092918396 0.003720238095238095 0.006347619047619047
2 0.6695672273635864 0.8079487085342407 0.003967261904761905 0.006347619047619047
2 0.5861839056015015 0.8085395693778992 0.003845238095238095 0.006347619047619047
2 0.4192969501018524 0.8088541626930237 0.003967261904761905 0.006547619047619048
2 0.3351741135120392 0.8089670538902283 0.003967261904761905 0.006747619047619047
2 0.2511063814163208 0.8092710375785828 0.003967261904761905 0.006547619047619048
3 0.20182932913303375 0.726967453956604 0.01612202380952381 0.02400952380952381
3 0.21241433918476105 0.4068503677845001 0.014651785714285713 0.024176190476190476
3 0.17950449883937836 0.28360646963119507 0.01625595238095238 0.024542857142857144
3 0.35530710220336914 0.34516242146492004 0.013505952380952382 0.02344285714285714
3 0.5682573914527893 0.30437910556793213 0.01511011904761905 0.025276190476190476
3 0.6774706244468689 0.34792348742485046 0.01488095238095238 0.024542857142857144
3 0.6796702146530151 0.7016870379447937 0.016026785714285716 0.025642857142857144
4 0.20375527441501617 0.27776798605918884 0.01648214285714286 0.025642857142857144
4 0.4004743993282318 0.7457060813903809 0.015797619047619046 0.024909523809523812
4 0.42759189009666443 0.7290887832641602 0.01488095238095238 0.025642857142857144
4 0.5402565598487854 0.684068500995636 0.01511011904761905 0.024542857142857144
4 0.6899805068969727 0.5415430665016174 0.015797619047619046 0.025276190476190476
4 0.7376900911331177 0.46120119094848633 0.016026785714285716 0.026371428571428573
4 0.5413326621055603 0.38566482067108154 0.015568452380952382 0.025642857142857144
0 0.6397387385368347 0.4897213280200958 0.015797619047619046 0.024909523809523812
1 0.40071526169776917 0.7044188380241394 0.016026785714285716 0.026371428571428573
2 0.14565470814704895 0.37341615557670593 0.004166666666666667 0.006666666666666667
2 0.14473605155944824 0.5067574977874756 0.004005952380952381 0.006042857142857142
2 0.14391006529331207 0.6398752331733704 0.003892857142857143 0.00640952380952381
