2 0.24728813767433167 0.2055143266916275 0.003967261904761905 0.006547619047619048
2 0.3300900459289551 0.20391501486301422 0.003845238095238095 0.006547619047619048
2 0.41325902938842773 0.20201937854290009 0.003967261904761905 0.006747619047619047
2 0.5799699425697327 0.19978243112564087 0.004217261904761905 0.006347619047619047
2 0.6638821363449097 0.19885343313217163 0.0035952380952380954 0.006152380952380953
2 0.7480448484420776 0.1980157196521759 0.003967261904761905 0.006547619047619048
2 0.8555552959442139 0.36958566308021545 0.003967261904761905 0.007142857142857143
2 0.8552780151367188 0.5045776963233948 0.003720238095238095 0.006942857142857143
2 0.855002760887146 0.6393096446990967 0.003967261904761905 0.007142857142857143
2 0.7469425797462463 0.8113439083099365 0.003720238095238095 0.006347619047619047
2 0.6631473898887634 0.8122461438179016 0.003967261904761905 0.006347619047619047
2 0.5796585083007812 0.8127499222755432 0.003845238095238095 0.006347619047619047
2 0.41384750604629517 0.8128781318664551 0.003967261904761905 0.006547619047619048
2 0.3309139013290405 0.8128965497016907 0.003967261904761905 0.006747619047619047
2 0.24846532940864563 0.8131058812141418 0.003967261904761905 0.006547619047619048
3 0.1995677947998047 0.7308750748634338 0.01612202380952381 0.02400952380952381
3 0.20692844688892365 0.4105128347873688 0.014651785714285713 0.024176190476190476
3 0.17362090945243835 0.2874097228050232 0.01625595238095238 0.024542857142857144
3 0.346719354391098 0.3467753529548645 0.013505952380952382 0.02344285714285714
3 0.5579063892364502 0.3025636374950409 0.01511011904761905 0.025276190476190476
3 0.6678001880645752 0.3452606201171875 0.01488095238095238 0.024542857142857144
3 0.6725371479988098 0.7045666575431824 0.016026785714285716 0.025642857142857144
4 0.1972595453262329 0.28118711709976196 0.01648214285714286 0.025642857142857144
4 0.3947222828865051 0.7494259476661682 0.015797619047619046 0.024909523809523812
4 0.42138758301734924 0.7326909899711609 0.01488095238095238 0.025642857142857144
4 0.5328881144523621 0.6870884895324707 0.01511011904761905 0.024542857142857144
4 0.6817697882652283 0.5419802069664001 0.015797619047619046 0.025276190476190476
4 0.729308545589447 0.4598560333251953 0.016026785714285716 0.026371428571428573
4 0.5316387414932251 0.38531655073165894 0.015568452380952382 0.025642857142857144
0 0.6309031844139099 0.48977020382881165 0.015797619047619046 0.024909523809523812
1 0.39461278915405273 0.7079319357872009 0.016026785714285716 0.026371428571428573
2 0.14147038757801056 0.3778162896633148 0.004166666666666667 0.006666666666666667
2 0.14185452461242676 0.5111512541770935 0.004005952380952381 0.006042857142857142
2 0.14232616126537323 0.64408278465271 0.003892857142857143 0.00640952380952381
