3 0.18285159766674042 0.6234254240989685 0.015104166666666667 0.025925925925925925
3 0.19672991335391998 0.3368241488933563 0.016145833333333335 0.027777777777777776
4 0.2601240873336792 0.4452531635761261 0.015104166666666667 0.025
4 0.2741698622703552 0.37831825017929077 0.016145833333333335 0.028703703703703703
4 0.30138155817985535 0.5586511492729187 0.015625 0.027777777777777776
1 0.3235893249511719 0.5083603858947754 0.015625 0.027777777777777776
0 0.44560641050338745 0.49521321058273315 0.015104166666666667 0.026851851851851852
3 0.4481697082519531 0.4655233919620514 0.015104166666666667 0.026851851851851852
3 0.5974644422531128 0.5222099423408508 0.015104166666666667 0.028703703703703703
3 0.6532853245735168 0.4241687059402466 0.015104166666666667 0.026851851851851852
4 0.6371657252311707 0.37458524107933044 0.015625 0.026851851851851852
3 0.6407744884490967 0.2453354150056839 0.015625 0.025925925925925925
4 0.7076142430305481 0.23055844008922577 0.015104166666666667 0.026851851851851852
3 0.7467607855796814 0.6614950895309448 0.016145833333333335 0.030555555555555555
2 0.8550119996070862 0.6546847820281982 0.007291666666666667 0.012962962962962963
2 0.8557929992675781 0.5071874260902405 0.007291666666666667 0.012962962962962963
2 0.8560606837272644 0.36016255617141724 0.007291666666666667 0.012962962962962963
2 0.7486206293106079 0.17158113420009613 0.007291666666666667 0.012962962962962963
2 0.6653658151626587 0.17015370726585388 0.007291666666666667 0.012962962962962963
2 0.5811682343482971 0.16962705552577972 0.007291666666666667 0.012962962962962963
2 0.4140412509441376 0.16902592778205872 0.007291666666666667 0.012962962962962963
2 0.3311093747615814 0.16984999179840088 0.007291666666666667 0.012962962962962963
2 0.2474934309720993 0.16977402567863464 0.007291666666666667 0.012962962962962963
2 0.14223690330982208 0.35782867670059204 0.007291666666666667 0.012962962962962963
2 0.14165928959846497 0.5051412582397461 0.007291666666666667 0.012962962962962963
2 0.1421000212430954 0.6520313620567322 0.007291666666666667 0.012962962962962963
2 0.24925994873046875 0.838549792766571 0.007291666666666667 0.012962962962962963
2 0.3326532244682312 0.8389506340026855 0.007291666666666667 0.012962962962962963
2 0.4151060879230499 0.8393470048904419 0.007291666666666667 0.012962962962962963
2 0.5805054306983948 0.8405925631523132 0.007291666666666667 0.012962962962962963
2 0.6642213463783264 0.8405444622039795 0.007291666666666667 0.012962962962962963
2 0.7480186223983765 0.8404963612556458 0.007291666666666667 0.012962962962962963
