3 0.7974143624305725 0.6372119188308716 0.015104166666666667 0.025925925925925925
3 0.7869539856910706 0.3632183372974396 0.016145833333333335 0.027777777777777776
4 0.7214372158050537 0.466942697763443 0.015104166666666667 0.025
4 0.7078056931495667 0.4026772081851959 0.016145833333333335 0.028703703703703703
4 0.679340124130249 0.5734955668449402 0.015625 0.027777777777777776
1 0.657515287399292 0.5257446765899658 0.015625 0.027777777777777776
0 0.5372526049613953 0.5112015604972839 0.015104166666666667 0.026851851851851852
3 0.5346622467041016 0.48333051800727844 0.015104166666666667 0.026851851851851852
3 0.3907855749130249 0.5335386991500854 0.015104166666666667 0.028703703703703703
3 0.33630767464637756 0.44187217950820923 0.015104166666666667 0.026851851851851852
4 0.35099348425865173 0.3957838714122772 0.015625 0.026851851851851852
3 0.34572485089302063 0.27384641766548157 0.015625 0.025925925925925925
4 0.2813553810119629 0.2598591148853302 0.015104166666666667 0.026851851851851852
3 0.252505362033844 0.6569033861160278 0.016145833333333335 0.030555555555555555
2 0.15278135240077972 0.6479063034057617 0.007291666666666667 0.012962962962962963
2 0.14839302003383636 0.5151522159576416 0.007291666666666667 0.012962962962962963
2 0.14441826939582825 0.38057035207748413 0.007291666666666667 0.012962962962962963
2 0.2411080002784729 0.20399461686611176 0.007291666666666667 0.012962962962962963
2 0.3208932876586914 0.2021990716457367 0.007291666666666667 0.012962962962962963
2 0.4026062786579132 0.20124372839927673 0.007291666666666667 0.012962962962962963
2 0.5678731799125671 0.19974491000175476 0.007291666666666667 0.012962962962962963
2 0.6514288783073425 0.20008882880210876 0.007291666666666667 0.012962962962962963
2 0.7367387413978577 0.19954419136047363 0.007291666666666667 0.012962962962962963
2 0.8426465392112732 0.3840487599372864 0.007291666666666667 0.012962962962962963
2 0.8409096598625183 0.5261005163192749 0.007291666666666667 0.012962962962962963
2 0.8381789326667786 0.6652122139930725 0.007291666666666667 0.012962962962962963
2 0.7289177179336548 0.8339418768882751 0.007291666666666667 0.012962962962962963
2 0.6472395658493042 0.8309222459793091 0.007291666666666667 0.012962962962962963
2 0.5674508213996887 0.8279725313186646 0.007291666666666667 0.012962962962962963
2 0.4102344512939453 0.8225610852241516 0.007291666666666667 0.012962962962962963
2 0.33206143975257874 0.8192702531814575 0.007291666666666667 0.012962962962962963
2 0.254733681678772 0.8160150051116943 0.007291666666666667 0.012962962962962963
