3 0.2658901512622833 0.6974053978919983 0.02533630952380952 0.04313809523809524
4 0.3397701680660248 0.5993845462799072 0.02556845238095238 0.041280952380952377
1 0.35621148347854614 0.5676179528236389 0.025104166666666664 0.042023809523809526
0 0.5109313130378723 0.6053776741027832 0.02593452380952381 0.03935714285714286
3 0.5075597167015076 0.7235230207443237 0.026172619047619045 0.027204761904761905
4 0.569866418838501 0.6437706351280212 0.025982142857142856 0.04096190476190476
4 0.6881189942359924 0.7130143046379089 0.025601190476190475 0.04493333333333333
4 0.5546386241912842 0.4903310537338257 0.02086607142857143 0.037809523809523814
4 0.6892959475517273 0.4335232973098755 0.022375000000000003 0.035800000000000005
4 0.31239214539527893 0.3245619237422943 0.019648809523809523 0.035242857142857145
2 0.36472877860069275 0.7536288499832153 0.006839285714285714 0.007019047619047619
2 0.5081921219825745 0.7565885186195374 0.0064523809523809525 0.00599047619047619
2 0.6522620916366577 0.7592554688453674 0.007226190476190476 0.007228571428571429
2 0.8170114159584045 0.6524810194969177 0.007616071428571429 0.00599047619047619
2 0.803437352180481 0.5760284662246704 0.006583333333333333 0.005780952380952381
2 0.7907847762107849 0.5054694414138794 0.0063750000000000005 0.005333333333333333
2 0.769099771976471 0.38291946053504944 0.006178571428571429 0.005490476190476191
2 0.7590380907058716 0.32881271839141846 0.0063750000000000005 0.004866666666666667
2 0.7498733401298523 0.2780556380748749 0.0060803571428571426 0.006490476190476191
2 0.6119604706764221 0.21780824661254883 0.005874999999999999 0.0055000000000000005
2 0.512270987033844 0.2165151983499527 0.005541666666666667 0.0051428571428571435
2 0.41293635964393616 0.2150530070066452 0.006318452380952381 0.004080952380952381
2 0.27489566802978516 0.2722001373767853 0.006428571428571429 0.006738095238095238
2 0.2653970420360565 0.3216398060321808 0.0049880952380952385 0.0051428571428571435
2 0.254594087600708 0.37519505620002747 0.005098214285714286 0.005319047619047619
2 0.2312966138124466 0.49673160910606384 0.006318452380952381 0.006738095238095238
2 0.21728749573230743 0.565802276134491 0.006541666666666667 0.007095238095238095
2 0.2028963565826416 0.6416398882865906 0.005985119047619047 0.005852380952380952
