3 0.19006170332431793 0.6256658434867859 0.015104166666666667 0.025925925925925925
3 0.2036455124616623 0.3423502743244171 0.015625 0.027777777777777776
3 0.4545755386352539 0.46513211727142334 0.015625 0.025925925925925925
0 0.45240435004234314 0.495269775390625 0.014583333333333334 0.027777777777777776
1 0.4908408224582672 0.5449041724205017 0.016145833333333335 0.027777777777777776
3 0.6026016473770142 0.5201578140258789 0.015104166666666667 0.028703703703703703
3 0.6568881273269653 0.42209920287132263 0.015625 0.026851851851851852
4 0.6412944793701172 0.37380358576774597 0.016145833333333335 0.025925925925925925
3 0.6438443660736084 0.24808256328105927 0.015625 0.025925925925925925
4 0.7091091871261597 0.2341281771659851 0.015104166666666667 0.027777777777777776
3 0.750433087348938 0.6534832715988159 0.015625 0.027777777777777776
2 0.8561943173408508 0.6444929838180542 0.007291666666666667 0.012962962962962963
2 0.8548101186752319 0.5014802813529968 0.007291666666666667 0.012962962962962963
2 0.8541767001152039 0.3588983416557312 0.007291666666666667 0.012962962962962963
2 0.7491737604141235 0.17484645545482635 0.007291666666666667 0.012962962962962963
2 0.6677178740501404 0.17474482953548431 0.007291666666666667 0.012962962962962963
2 0.5849800109863281 0.1746469885110855 0.007291666666666667 0.012962962962962963
2 0.42092540860176086 0.17576169967651367 0.007291666666666667 0.012962962962962963
2 0.33758702874183655 0.1761050820350647 0.007291666666666667 0.012962962962962963
2 0.2542152404785156 0.17733216285705566 0.007291666666666667 0.012962962962962963
2 0.14863255620002747 0.3636537492275238 0.007291666666666667 0.012962962962962963
2 0.14919611811637878 0.5092363357543945 0.007291666666666667 0.012962962962962963
2 0.14924722909927368 0.6548325419425964 0.007291666666666667 0.012962962962962963
2 0.25776317715644836 0.8397983908653259 0.007291666666666667 0.012962962962962963
2 0.34069666266441345 0.8374219536781311 0.007291666666666667 0.012962962962962963
2 0.4236045777797699 0.8368353247642517 0.007291666666666667 0.012962962962962963
2 0.588054895401001 0.8334521651268005 0.007291666666666667 0.012962962962962963
2 0.6701066493988037 0.8310984373092651 0.007291666666666667 0.012962962962962963
2 0.752384603023529 0.8296307325363159 0.007291666666666667 0.012962962962962963
