2 0.3680681586265564 0.7587911486625671 0.00637797619047619 0.0054428571428571425
2 0.5124678015708923 0.7586804628372192 0.006270833333333333 0.005614285714285714
2 0.6560835242271423 0.7591512799263 0.006589285714285714 0.005614285714285714
2 0.8188102841377258 0.6499847769737244 0.006485119047619048 0.0054428571428571425
2 0.8043429255485535 0.5737828612327576 0.005741071428571429 0.0051
2 0.7911967635154724 0.5043761134147644 0.006163690476190476 0.005271428571428572
2 0.7680866718292236 0.38289061188697815 0.005741071428571429 0.0051
2 0.7576518654823303 0.3290069103240967 0.004997023809523809 0.004761904761904762
2 0.7479610443115234 0.2790709137916565 0.004889880952380952 0.0051
2 0.6100799441337585 0.2196110337972641 0.005101190476190476 0.0044238095238095234
2 0.5106693506240845 0.2187907099723816 0.005526785714285714 0.004761904761904762
2 0.41108572483062744 0.21805231273174286 0.004675595238095238 0.004252380952380952
2 0.2726362943649292 0.2758912444114685 0.005526785714285714 0.004761904761904762
2 0.26336899399757385 0.32599034905433655 0.004889880952380952 0.004080952380952381
2 0.2533482015132904 0.38001373410224915 0.004997023809523809 0.004933333333333333
2 0.23052504658699036 0.5019017457962036 0.00531547619047619 0.004590476190476191
2 0.21748095750808716 0.5718536376953125 0.005419642857142857 0.004590476190476191
2 0.20333503186702728 0.6483940482139587 0.005741071428571429 0.004761904761904762
3 0.34599581360816956 0.6084781289100647 0.02338392857142857 0.03877619047619048
3 0.30010277032852173 0.5134907960891724 0.021470238095238094 0.03707619047619048
3 0.441571444272995 0.5101359486579895 0.02274702380952381 0.03775714285714286
3 0.6834962368011475 0.6850433945655823 0.02550892857142857 0.0414952380952381
3 0.6422169208526611 0.609322190284729 0.023172619047619046 0.03877619047619048
3 0.6660476922988892 0.5238375067710876 0.02211011904761905 0.03707619047619048
1 0.59881991147995 0.3236839771270752 0.019982142857142858 0.034352380952380954
0 0.5216956734657288 0.583381712436676 0.02338392857142857 0.03843333333333333
4 0.7592130303382874 0.6022480130195618 0.024660714285714286 0.04081428571428571
4 0.7045139670372009 0.5368313193321228 0.022532738095238092 0.03673333333333333
4 0.4927157163619995 0.5101758241653442 0.023172619047619046 0.0380952380952381
4 0.5753527879714966 0.4224182963371277 0.020833333333333332 0.03503333333333333
4 0.5323148965835571 0.419149249792099 0.021470238095238094 0.0363952380952381
4 0.370750367641449 0.32482972741127014 0.019345238095238096 0.03265238095238095
4 0.3518303632736206 0.3301662504673004 0.019982142857142858 0.03333333333333333
