2 0.3673069179058075 0.7403619885444641 0.00637797619047619 0.0054428571428571425
2 0.5089478492736816 0.7407380938529968 0.006270833333333333 0.005614285714285714
2 0.6511647701263428 0.7416835427284241 0.006589285714285714 0.005614285714285714
2 0.8143691420555115 0.6348288059234619 0.006485119047619048 0.0054428571428571425
2 0.8000872731208801 0.5597456693649292 0.005741071428571429 0.0051
2 0.7871026396751404 0.49131783843040466 0.006163690476190476 0.005271428571428572
2 0.7642573118209839 0.3714548349380493 0.005741071428571429 0.0051
2 0.7539317607879639 0.3182554841041565 0.004997023809523809 0.004761904761904762
2 0.7443382143974304 0.2689341902732849 0.004889880952380952 0.0051
2 0.6063514351844788 0.21198512613773346 0.005101190476190476 0.0044238095238095234
2 0.5075171589851379 0.2125868946313858 0.005526785714285714 0.004761904761904762
2 0.4091610610485077 0.2132674753665924 0.004675595238095238 0.004252380952380952
2 0.2735911011695862 0.2716224193572998 0.005526785714285714 0.004761904761904762
2 0.2646515667438507 0.32053089141845703 0.004889880952380952 0.004080952380952381
2 0.2550013065338135 0.3731813430786133 0.004997023809523809 0.004933333333333333
2 0.23308280110359192 0.49163341522216797 0.00531547619047619 0.004590476190476191
2 0.22059543430805206 0.5594009757041931 0.005419642857142857 0.004590476190476191
2 0.207086980342865 0.6333749294281006 0.005741071428571429 0.004761904761904762
3 0.34562182426452637 0.594624400138855 0.02338392857142857 0.03877619047619048
3 0.30074343085289 0.5025505423545837 0.021470238095238094 0.03707619047619048
3 0.4392213821411133 0.4986410140991211 0.02274702380952381 0.03775714285714286
3 0.6786422729492188 0.6692137122154236 0.02550892857142857 0.0414952380952381
3 0.637669563293457 0.5950163006782532 0.023172619047619046 0.03877619047619048
3 0.6616044640541077 0.5110586285591125 0.02211011904761905 0.03707619047619048
1 0.5949634909629822 0.3147091269493103 0.019982142857142858 0.034352380952380954
0 0.518175482749939 0.5698617696762085 0.02338392857142857 0.03843333333333333
4 0.754628598690033 0.5878843665122986 0.024660714285714286 0.04081428571428571
4 0.7000115513801575 0.5236772894859314 0.022532738095238092 0.03673333333333333
4 0.4896051287651062 0.49844273924827576 0.023172619047619046 0.0380952380952381
4 0.5714881420135498 0.4119857847690582 0.020833333333333332 0.03503333333333333
4 0.528810441493988 0.4091048240661621 0.021470238095238094 0.0363952380952381
4 0.3695899546146393 0.318268746137619 0.019345238095238096 0.03265238095238095
4 0.3510512113571167 0.32367900013923645 0.019982142857142858 0.03333333333333333
