1 0.683535099029541 0.3945539891719818 0.01525297619047619 0.024404761904761905
4 0.5304150581359863 0.43143996596336365 0.01525297619047619 0.025
4 0.5356320142745972 0.4809455871582031 0.014508928571428572 0.024404761904761905
4 0.4122949242591858 0.5265535116195679 0.014508928571428572 0.024404761904761905
3 0.41291874647140503 0.5822168588638306 0.014285714285714285 0.024285714285714285
3 0.40758344531059265 0.7366712689399719 0.01488095238095238 0.023809523809523808
3 0.29674777388572693 0.6762714982032776 0.013988095238095239 0.023809523809523808
0 0.3249095380306244 0.49686551094055176 0.013988095238095239 0.023809523809523808
4 0.6785122752189636 0.678157389163971 0.015773809523809523 0.025238095238095237
4 0.6700942516326904 0.7017865180969238 0.01488095238095238 0.024285714285714285
4 0.3046678900718689 0.25300589203834534 0.01488095238095238 0.025714285714285714
3 0.295874685049057 0.3740529716014862 0.013988095238095239 0.023809523809523808
4 0.3789224624633789 0.3003189265727997 0.013988095238095239 0.024761904761904763
3 0.39599519968032837 0.3396461009979248 0.013988095238095239 0.024285714285714285
3 0.21636541187763214 0.3406485617160797 0.013889880952380952 0.023014285714285713
2 0.7472022175788879 0.19691623747348785 0.003663690476190476 0.005495238095238095
2 0.6624599099159241 0.19757188856601715 0.0035714285714285713 0.005952380952380952
2 0.577856719493866 0.1978198140859604 0.003720238095238095 0.005952380952380952
2 0.40919873118400574 0.19994612038135529 0.0040178571428571425 0.005952380952380952
2 0.32492050528526306 0.20147472620010376 0.0034226190476190476 0.005714285714285714
2 0.24092137813568115 0.20241688191890717 0.003720238095238095 0.005714285714285714
2 0.1339566856622696 0.3750254809856415 0.0034226190476190476 0.0054761904761904765
2 0.13394369184970856 0.5086535811424255 0.003720238095238095 0.005952380952380952
2 0.13429884612560272 0.6422109603881836 0.0035714285714285713 0.006190476190476191
2 0.24195419251918793 0.8118721842765808 0.0040178571428571425 0.0064285714285714285
2 0.32584425806999207 0.8117616176605225 0.003869047619047619 0.006190476190476191
2 0.409940242767334 0.8117681741714478 0.0035714285714285713 0.005714285714285714
2 0.5780836343765259 0.8104860186576843 0.003869047619047619 0.0064285714285714285
2 0.6625753045082092 0.8096650838851929 0.003869047619047619 0.006190476190476191
2 0.7472741007804871 0.8089606165885925 0.0040178571428571425 0.006666666666666667
2 0.8562002778053284 0.6369540691375732 0.004315476190476191 0.0064285714285714285
2 0.8561877012252808 0.5023755431175232 0.004315476190476191 0.006904761904761905
2 0.8562486171722412 0.3678458333015442 0.003869047619047619 0.006904761904761905
