1 0.3125883936882019 0.3999016582965851 0.01525297619047619 0.024404761904761905
4 0.4637645184993744 0.4321294128894806 0.01525297619047619 0.025
4 0.45889922976493835 0.48037078976631165 0.014508928571428572 0.024404761904761905
4 0.5808391571044922 0.5218152403831482 0.014508928571428572 0.024404761904761905
3 0.5805518627166748 0.5759640336036682 0.014285714285714285 0.024285714285714285
3 0.5867301821708679 0.7261146903038025 0.01488095238095238 0.023809523809523808
3 0.6957928538322449 0.66475909948349 0.013988095238095239 0.023809523809523808
0 0.6668978929519653 0.49089333415031433 0.013988095238095239 0.023809523809523808
4 0.31906262040138245 0.6754727959632874 0.015773809523809523 0.025238095238095237
4 0.3274928033351898 0.6982613801956177 0.01488095238095238 0.024285714285714285
4 0.6853861212730408 0.25339221954345703 0.01488095238095238 0.025714285714285714
3 0.6948023438453674 0.3708096146583557 0.013988095238095239 0.023809523809523808
4 0.6124223470687866 0.3011268079280853 0.013988095238095239 0.024761904761904763
3 0.5958151817321777 0.3397444188594818 0.013988095238095239 0.024285714285714285
3 0.7730599641799927 0.3364565968513489 0.013889880952380952 0.023014285714285713
2 0.24880260229110718 0.2094864547252655 0.003663690476190476 0.005495238095238095
2 0.3323002755641937 0.2080981582403183 0.0035714285714285713 0.005952380952380952
2 0.4156791567802429 0.2063169926404953 0.003720238095238095 0.005952380952380952
2 0.5819669961929321 0.20434989035129547 0.0040178571428571425 0.005952380952380952
2 0.6650945544242859 0.20381926000118256 0.0034226190476190476 0.005714285714285714
2 0.7479639053344727 0.20272549986839294 0.003720238095238095 0.005714285714285714
2 0.8546242713928223 0.3679196834564209 0.0034226190476190476 0.0054761904761904765
2 0.8554989695549011 0.4978681802749634 0.003720238095238095 0.005952380952380952
2 0.8560101389884949 0.6278260946273804 0.0035714285714285713 0.006190476190476191
2 0.7507460117340088 0.795491099357605 0.0040178571428571425 0.0064285714285714285
2 0.6678878664970398 0.7973201870918274 0.003869047619047619 0.006190476190476191
2 0.5848473906517029 0.7992678284645081 0.0035714285714285713 0.005714285714285714
2 0.4188673794269562 0.8018997311592102 0.003869047619047619 0.0064285714285714285
2 0.3354926109313965 0.8030498027801514 0.003869047619047619 0.006190476190476191
2 0.251934677362442 0.8043177723884583 0.0040178571428571425 0.006666666666666667
2 0.1436469554901123 0.6395387053489685 0.004315476190476191 0.0064285714285714285
2 0.14298400282859802 0.5087300539016724 0.004315476190476191 0.006904761904761905
2 0.1422492116689682 0.3780411183834076 0.003869047619047619 0.006904761904761905
