3 0.8248345255851746 0.6168714761734009 0.015625 0.025925925925925925
3 0.8101129531860352 0.3377869725227356 0.015625 0.027777777777777776
0 0.5682315230369568 0.4959685802459717 0.015104166666666667 0.026851851851851852
3 0.5655671954154968 0.46597015857696533 0.015104166666666667 0.026851851851851852
3 0.4178254306316376 0.5238747596740723 0.015104166666666667 0.026851851851851852
3 0.36158397793769836 0.4281880557537079 0.015625 0.026851851851851852
3 0.373013436794281 0.2504332959651947 0.015625 0.026851851851851852
1 0.32933691143989563 0.2386426031589508 0.015625 0.028703703703703703
4 0.305414080619812 0.23834319412708282 0.015625 0.02962962962962963
3 0.26916414499282837 0.6646162271499634 0.016666666666666666 0.027777777777777776
2 0.16018396615982056 0.6596002578735352 0.007291666666666667 0.012962962962962963
2 0.15830445289611816 0.5155646204948425 0.007291666666666667 0.012962962962962963
2 0.15638002753257751 0.3658483326435089 0.007291666666666667 0.012962962962962963
2 0.2644985616207123 0.1770869642496109 0.007291666666666667 0.012962962962962963
2 0.3481982350349426 0.17678268253803253 0.007291666666666667 0.012962962962962963
2 0.4318242371082306 0.1760326325893402 0.007291666666666667 0.012962962962962963
2 0.5968419909477234 0.17587873339653015 0.007291666666666667 0.012962962962962963
2 0.6794955730438232 0.1755782514810562 0.007291666666666667 0.012962962962962963
2 0.7605832815170288 0.17528346180915833 0.007291666666666667 0.012962962962962963
2 0.8635666966438293 0.3590720295906067 0.007291666666666667 0.012962962962962963
2 0.8635063767433167 0.5005105137825012 0.007291666666666667 0.012962962962962963
2 0.8639413714408875 0.6434246301651001 0.007291666666666667 0.012962962962962963
2 0.7612741589546204 0.8279706239700317 0.007291666666666667 0.012962962962962963
2 0.6805239915847778 0.829627275466919 0.007291666666666667 0.012962962962962963
2 0.5994758009910583 0.833044171333313 0.007291666666666667 0.012962962962962963
2 0.4369553029537201 0.8372557759284973 0.007291666666666667 0.012962962962962963
2 0.35319259762763977 0.838991641998291 0.007291666666666667 0.012962962962962963
2 0.2698803246021271 0.8424885272979736 0.007291666666666667 0.012962962962962963
