4 0.7078434228897095 0.47888296842575073 0.021875 0.040740740740740744
4 0.688173234462738 0.5705633759498596 0.022916666666666665 0.04351851851851852
3 0.6727750897407532 0.5866748690605164 0.0234375 0.04259259259259259
3 0.5569032430648804 0.6102124452590942 0.0234375 0.04259259259259259
3 0.5169700384140015 0.6096876263618469 0.023958333333333335 0.041666666666666664
4 0.5884244441986084 0.5775612592697144 0.0234375 0.041666666666666664
4 0.5136769413948059 0.5550686717033386 0.022916666666666665 0.041666666666666664
0 0.47458916902542114 0.5466419458389282 0.022916666666666665 0.041666666666666664
3 0.578144371509552 0.49979129433631897 0.021875 0.03888888888888889
4 0.5126608610153198 0.5035761594772339 0.022395833333333334 0.03888888888888889
4 0.43130233883857727 0.47152942419052124 0.021354166666666667 0.03981481481481482
4 0.6341127157211304 0.3654904365539551 0.0203125 0.03611111111111111
3 0.6621004939079285 0.24226142466068268 0.01875 0.03333333333333333
1 0.5615352392196655 0.24608495831489563 0.01875 0.03333333333333333
3 0.3679051399230957 0.2662375867366791 0.01875 0.03333333333333333
3 0.36847659945487976 0.3073046803474426 0.019270833333333334 0.03518518518518519
2 0.19235049188137054 0.6509655714035034 0.007291666666666667 0.012962962962962963
2 0.20541773736476898 0.5728440284729004 0.007291666666666667 0.012962962962962963
2 0.21619705855846405 0.5020924210548401 0.007291666666666667 0.012962962962962963
2 0.23536674678325653 0.3770037591457367 0.007291666666666667 0.012962962962962963
2 0.24413029849529266 0.31999677419662476 0.007291666666666667 0.012962962962962963
2 0.25232455134391785 0.26682519912719727 0.007291666666666667 0.012962962962962963
2 0.3859708607196808 0.2040463238954544 0.007291666666666667 0.012962962962962963
2 0.4848749041557312 0.20302210748195648 0.007291666666666667 0.012962962962962963
2 0.5864995718002319 0.2019696980714798 0.007291666666666667 0.012962962962962963
2 0.7290736436843872 0.26756107807159424 0.007291666666666667 0.012962962962962963
2 0.7376496195793152 0.32243266701698303 0.007291666666666667 0.012962962962962963
2 0.7479918599128723 0.3819250464439392 0.007291666666666667 0.012962962962962963
2 0.7696595788002014 0.5148785710334778 0.007291666666666667 0.012962962962962963
2 0.7817307710647583 0.5898995399475098 0.007291666666666667 0.012962962962962963
2 0.795208752155304 0.6708946824073792 0.007291666666666667 0.012962962962962963
2 0.6274460554122925 0.7798546552658081 0.007291666666666667 0.012962962962962963
2 0.48642921447753906 0.7732868790626526 0.007291666666666667 0.012962962962962963
2 0.34794655442237854 0.7676636576652527 0.007291666666666667 0.012962962962962963
