4 0.2705422043800354 0.46190714836120605 0.021875 0.040740740740740744
4 0.28981226682662964 0.5555115938186646 0.022916666666666665 0.04351851851851852
3 0.3050593137741089 0.5725627541542053 0.0234375 0.04259259259259259
3 0.4212696850299835 0.6014626026153564 0.0234375 0.04259259259259259
3 0.4618300795555115 0.602581799030304 0.023958333333333335 0.041666666666666664
4 0.38925012946128845 0.5664610266685486 0.0234375 0.041666666666666664
4 0.46461403369903564 0.5460736751556396 0.022916666666666665 0.041666666666666664
0 0.5043579936027527 0.5387885570526123 0.022916666666666665 0.041666666666666664
3 0.399095356464386 0.4870739281177521 0.021875 0.03888888888888889
4 0.4651065766811371 0.49305257201194763 0.022395833333333334 0.03888888888888889
4 0.5475947260856628 0.4626307189464569 0.021354166666666667 0.03981481481481482
4 0.34288328886032104 0.3499371409416199 0.0203125 0.03611111111111111
3 0.3152383863925934 0.2273673415184021 0.01875 0.03333333333333333
1 0.4139160215854645 0.2321833074092865 0.01875 0.03333333333333333
3 0.6089088916778564 0.2545938193798065 0.01875 0.03333333333333333
3 0.6091164946556091 0.29615917801856995 0.019270833333333334 0.03518518518518519
2 0.8032292127609253 0.660817563533783 0.007291666666666667 0.012962962962962963
2 0.7866863012313843 0.5766578912734985 0.007291666666666667 0.012962962962962963
2 0.7730001211166382 0.5013518929481506 0.007291666666666667 0.012962962962962963
2 0.7490426301956177 0.3701748251914978 0.007291666666666667 0.012962962962962963
2 0.7382452487945557 0.3112109899520874 0.007291666666666667 0.012962962962962963
2 0.7282362580299377 0.256667822599411 0.007291666666666667 0.012962962962962963
2 0.5893439650535583 0.1918981522321701 0.007291666666666667 0.012962962962962963
2 0.48971614241600037 0.19015447795391083 0.007291666666666667 0.012962962962962963
2 0.3890221416950226 0.18839214742183685 0.007291666666666667 0.012962962962962963
2 0.2503553330898285 0.2514592111110687 0.007291666666666667 0.012962962962962963
2 0.24191837012767792 0.30529123544692993 0.007291666666666667 0.012962962962962963
2 0.23171094059944153 0.3639507591724396 0.007291666666666667 0.012962962962962963
2 0.21010087430477142 0.4962562918663025 0.007291666666666667 0.012962962962962963
2 0.19793815910816193 0.5716522336006165 0.007291666666666667 0.012962962962962963
2 0.18427403271198273 0.6536373496055603 0.007291666666666667 0.012962962962962963
2 0.35084158182144165 0.775224506855011 0.007291666666666667 0.012962962962962963
2 0.4950672388076782 0.7762598395347595 0.007291666666666667 0.012962962962962963
2 0.6399863958358765 0.7781900763511658 0.007291666666666667 0.012962962962962963
