0 0.38142305612564087 0.5162982940673828 0.015104166666666667 0.026851851851851852
3 0.31150925159454346 0.4677142798900604 0.014583333333333334 0.026851851851851852
3 0.3122285306453705 0.4206572473049164 0.015104166666666667 0.025925925925925925
3 0.2607700228691101 0.34308376908302307 0.015625 0.026851851851851852
4 0.3715415298938751 0.46972596645355225 0.015104166666666667 0.028703703703703703
4 0.3497259020805359 0.3825881779193878 0.015104166666666667 0.028703703703703703
3 0.31592032313346863 0.28074800968170166 0.015104166666666667 0.026851851851851852
4 0.3599262833595276 0.2676393389701843 0.015104166666666667 0.026851851851851852
4 0.4677062928676605 0.23025360703468323 0.015104166666666667 0.025925925925925925
4 0.43172913789749146 0.469925194978714 0.015625 0.026851851851851852
4 0.470291405916214 0.5701689124107361 0.014583333333333334 0.028703703703703703
4 0.6144816875457764 0.3072710633277893 0.016145833333333335 0.028703703703703703
3 0.6978182196617126 0.663758397102356 0.015625 0.027777777777777776
1 0.7177779078483582 0.471422016620636 0.016145833333333335 0.028703703703703703
2 0.7491175532341003 0.16537000238895416 0.007291666666666667 0.012962962962962963
2 0.6661361455917358 0.16533136367797852 0.007291666666666667 0.012962962962962963
2 0.5826879143714905 0.1648453027009964 0.007291666666666667 0.012962962962962963
2 0.4156593978404999 0.1647663712501526 0.007291666666666667 0.012962962962962963
2 0.33207809925079346 0.16517576575279236 0.007291666666666667 0.012962962962962963
2 0.24750925600528717 0.16558587551116943 0.007291666666666667 0.012962962962962963
2 0.13951829075813293 0.35512152314186096 0.007291666666666667 0.012962962962962963
2 0.1387893110513687 0.5034025311470032 0.007291666666666667 0.012962962962962963
2 0.13857726752758026 0.6522754430770874 0.007291666666666667 0.012962962962962963
2 0.2463258057832718 0.8405481576919556 0.007291666666666667 0.012962962962962963
2 0.33088812232017517 0.8397144079208374 0.007291666666666667 0.012962962962962963
2 0.4149709641933441 0.8397985100746155 0.007291666666666667 0.012962962962962963
2 0.5819829106330872 0.8372387290000916 0.007291666666666667 0.012962962962962963
2 0.6659364104270935 0.8359562158584595 0.007291666666666667 0.012962962962962963
2 0.7486502528190613 0.8351413011550903 0.007291666666666667 0.012962962962962963
2 0.8555777072906494 0.6463757753372192 0.007291666666666667 0.012962962962962963
2 0.855388343334198 0.499586820602417 0.007291666666666667 0.012962962962962963
2 0.8551996946334839 0.35337910056114197 0.007291666666666667 0.012962962962962963
