0 0.38099828362464905 0.5193189978599548 0.015104166666666667 0.026851851851851852
3 0.31059467792510986 0.47024479508399963 0.014583333333333334 0.026851851851851852
3 0.3109673857688904 0.42255470156669617 0.015104166666666667 0.025925925925925925
3 0.25860971212387085 0.3437214493751526 0.015625 0.026851851851851852
4 0.3708253800868988 0.4722432792186737 0.015104166666666667 0.028703703703703703
4 0.3483811616897583 0.3838619291782379 0.015104166666666667 0.028703703703703703
3 0.3136465847492218 0.2800704538822174 0.015104166666666667 0.026851851851851852
4 0.35792261362075806 0.26663175225257874 0.015104166666666667 0.026851851851851852
4 0.46648871898651123 0.22826361656188965 0.015104166666666667 0.025925925925925925
4 0.4312041699886322 0.47240719199180603 0.015625 0.026851851851851852
4 0.47022029757499695 0.5735897421836853 0.014583333333333334 0.028703703703703703
4 0.614648699760437 0.3069296181201935 0.016145833333333335 0.028703703703703703
3 0.6977009177207947 0.6675020456314087 0.015625 0.027777777777777776
1 0.7182379961013794 0.47374317049980164 0.016145833333333335 0.028703703703703703
2 0.7509192228317261 0.1613941341638565 0.007291666666666667 0.012962962962962963
2 0.6669677495956421 0.16142956912517548 0.007291666666666667 0.012962962962962963
2 0.5825560688972473 0.16100522875785828 0.007291666666666667 0.012962962962962963
2 0.4136342406272888 0.1610754281282425 0.007291666666666667 0.012962962962962963
2 0.3291270434856415 0.1615721583366394 0.007291666666666667 0.012962962962962963
2 0.24363581836223602 0.16207042336463928 0.007291666666666667 0.012962962962962963
2 0.13676077127456665 0.35606956481933594 0.007291666666666667 0.012962962962962963
2 0.1377977430820465 0.5064383745193481 0.007291666666666667 0.012962962962962963
2 0.13934962451457977 0.6562487483024597 0.007291666666666667 0.012962962962962963
2 0.24858219921588898 0.8440334796905518 0.007291666666666667 0.012962962962962963
2 0.3325815200805664 0.8431802988052368 0.007291666666666667 0.012962962962962963
2 0.4161246716976166 0.8432385325431824 0.007291666666666667 0.012962962962962963
2 0.5820985436439514 0.8406458497047424 0.007291666666666667 0.012962962962962963
2 0.6655564904212952 0.8393463492393494 0.007291666666666667 0.012962962962962963
2 0.7477976083755493 0.83851158618927 0.007291666666666667 0.012962962962962963
2 0.8553854823112488 0.6499969959259033 0.007291666666666667 0.012962962962962963
2 0.8561806082725525 0.5021530985832214 0.007291666666666667 0.012962962962962963
2 0.8569786548614502 0.35377129912376404 0.007291666666666667 0.012962962962962963
