1 0.30453041195869446 0.32601162791252136 0.016145833333333335 0.027777777777777776
3 0.35440418124198914 0.425738126039505 0.014583333333333334 0.026851851851851852
3 0.3534499406814575 0.47084712982177734 0.015104166666666667 0.026851851851851852
0 0.42323920130729675 0.5172106027603149 0.015625 0.026851851851851852
4 0.39172205328941345 0.3894190192222595 0.016145833333333335 0.02962962962962963
4 0.40149280428886414 0.2797689735889435 0.015625 0.027777777777777776
4 0.4133356213569641 0.4728839099407196 0.015104166666666667 0.028703703703703703
4 0.507944643497467 0.2462918609380722 0.015625 0.025925925925925925
4 0.47338804602622986 0.4714570939540863 0.015625 0.027777777777777776
4 0.5106785297393799 0.5676887035369873 0.015625 0.028703703703703703
4 0.6489009857177734 0.3196757137775421 0.016145833333333335 0.027777777777777776
3 0.7287854552268982 0.6496431827545166 0.016145833333333335 0.027777777777777776
2 0.77344810962677 0.19299949705600739 0.007291666666666667 0.012962962962962963
2 0.6964413523674011 0.191042959690094 0.007291666666666667 0.012962962962962963
2 0.6181606650352478 0.18822720646858215 0.007291666666666667 0.012962962962962963
2 0.4571723937988281 0.18369878828525543 0.007291666666666667 0.012962962962962963
2 0.37334683537483215 0.18240807950496674 0.007291666666666667 0.012962962962962963
2 0.28858116269111633 0.18068040907382965 0.007291666666666667 0.012962962962962963
2 0.17652009427547455 0.36327239871025085 0.007291666666666667 0.012962962962962963
2 0.17574627697467804 0.5071098208427429 0.007291666666666667 0.012962962962962963
2 0.17577572166919708 0.6530347466468811 0.007291666666666667 0.012962962962962963
2 0.28742796182632446 0.8332502841949463 0.007291666666666667 0.012962962962962963
2 0.3735509216785431 0.828751802444458 0.007291666666666667 0.012962962962962963
2 0.6201712489128113 0.8162992000579834 0.007291666666666667 0.012962962962962963
2 0.6993942856788635 0.8108819127082825 0.007291666666666667 0.012962962962962963
2 0.7770897150039673 0.8076736330986023 0.007291666666666667 0.012962962962962963
2 0.8737702965736389 0.6305891275405884 0.007291666666666667 0.012962962962962963
2 0.8722438812255859 0.4974690079689026 0.007291666666666667 0.012962962962962963
2 0.8707109093666077 0.36377018690109253 0.007291666666666667 0.012962962962962963
