1 0.7381832599639893 0.33376747369766235 0.016145833333333335 0.027777777777777776
3 0.6895425915718079 0.4319984018802643 0.014583333333333334 0.026851851851851852
3 0.6906028985977173 0.4765099883079529 0.015104166666666667 0.026851851851851852
0 0.6216338872909546 0.5229666233062744 0.015625 0.026851851851851852
4 0.6524882912635803 0.3958677351474762 0.016145833333333335 0.02962962962962963
4 0.6422708034515381 0.2860575020313263 0.015625 0.027777777777777776
4 0.6313089728355408 0.47888877987861633 0.015104166666666667 0.028703703703703703
4 0.5337661504745483 0.24969781935214996 0.015625 0.025925925925925925
4 0.5708521008491516 0.4778393805027008 0.015625 0.027777777777777776
4 0.5335978269577026 0.5746164321899414 0.015625 0.028703703703703703
4 0.3862384855747223 0.3223446011543274 0.016145833333333335 0.027777777777777776
3 0.30514705181121826 0.6632435321807861 0.016145833333333335 0.027777777777777776
2 0.24793238937854767 0.1859516054391861 0.007291666666666667 0.012962962962962963
2 0.33291736245155334 0.18662117421627045 0.007291666666666667 0.012962962962962963
2 0.4174049496650696 0.18642491102218628 0.007291666666666667 0.012962962962962963
2 0.5854452848434448 0.18732139468193054 0.007291666666666667 0.012962962962962963
2 0.6700267791748047 0.18884798884391785 0.007291666666666667 0.012962962962962963
2 0.7536076307296753 0.18993571400642395 0.007291666666666667 0.012962962962962963
2 0.8606455326080322 0.3716123700141907 0.007291666666666667 0.012962962962962963
2 0.8609350919723511 0.5103336572647095 0.007291666666666667 0.012962962962962963
2 0.8604678511619568 0.6497164964675903 0.007291666666666667 0.012962962962962963
2 0.7550550103187561 0.8257445693016052 0.007291666666666667 0.012962962962962963
2 0.6719964146614075 0.8259484767913818 0.007291666666666667 0.012962962962962963
2 0.4230165183544159 0.8269878625869751 0.007291666666666667 0.012962962962962963
2 0.3393058180809021 0.8259074687957764 0.007291666666666667 0.012962962962962963
2 0.25538602471351624 0.8269711136817932 0.007291666666666667 0.012962962962962963
2 0.1443968266248703 0.64813232421875 0.007291666666666667 0.012962962962962963
2 0.1430874466896057 0.5079809427261353 0.007291666666666667 0.012962962962962963
2 0.14176008105278015 0.3659042716026306 0.007291666666666667 0.012962962962962963
