1 0.7426268458366394 0.33168959617614746 0.016145833333333335 0.027777777777777776
3 0.6929391026496887 0.43479007482528687 0.014583333333333334 0.026851851851851852
3 0.6934654116630554 0.48154568672180176 0.015104166666666667 0.026851851851851852
0 0.6240605115890503 0.5303358435630798 0.015625 0.026851851851851852
4 0.6563947200775146 0.3968154489994049 0.016145833333333335 0.02962962962962963
4 0.647519052028656 0.2814948260784149 0.015625 0.027777777777777776
4 0.6342532634735107 0.48401880264282227 0.015104166666666667 0.028703703703703703
4 0.5396429300308228 0.24317237734794617 0.015625 0.025925925925925925
4 0.5738922953605652 0.4828895330429077 0.015625 0.027777777777777776
4 0.535486102104187 0.5846226215362549 0.015625 0.028703703703703703
4 0.39130833745002747 0.3193129897117615 0.016145833333333335 0.027777777777777776
3 0.3058357536792755 0.6779186129570007 0.016145833333333335 0.027777777777777776
2 0.25467854738235474 0.17575758695602417 0.007291666666666667 0.012962962962962963
2 0.33969780802726746 0.17660382390022278 0.007291666666666667 0.012962962962962963
2 0.4241727590560913 0.17653915286064148 0.007291666666666667 0.012962962962962963
2 0.5920011401176453 0.1777614951133728 0.007291666666666667 0.012962962962962963
2 0.6763774156570435 0.17950452864170074 0.007291666666666667 0.012962962962962963
2 0.7597044706344604 0.18078435957431793 0.007291666666666667 0.012962962962962963
2 0.8642495274543762 0.37152618169784546 0.007291666666666667 0.012962962962962963
2 0.8629316091537476 0.5171312689781189 0.007291666666666667 0.012962962962962963
2 0.8608506917953491 0.6635155081748962 0.007291666666666667 0.012962962962962963
2 0.7536390423774719 0.8486164808273315 0.007291666666666667 0.012962962962962963
2 0.6707059741020203 0.8489169478416443 0.007291666666666667 0.012962962962962963
2 0.4217633008956909 0.8502697944641113 0.007291666666666667 0.012962962962962963
2 0.3379705548286438 0.8492187857627869 0.007291666666666667 0.012962962962962963
2 0.2538844048976898 0.850426971912384 0.007291666666666667 0.012962962962962963
2 0.14495307207107544 0.6620531678199768 0.007291666666666667 0.012962962962962963
2 0.14547912776470184 0.5144367218017578 0.007291666666666667 0.012962962962962963
2 0.1460120975971222 0.3648791015148163 0.007291666666666667 0.012962962962962963
