4 0.40799444913864136 0.4871349632740021 0.0078125 0.009259259259259259
3 0.3978354036808014 0.48970162868499756 0.0078125 0.013888888888888888
3 0.4088036119937897 0.49647578597068787 0.0078125 0.014814814814814815
0 0.40551522374153137 0.5000001192092896 0.0078125 0.012037037037037037
4 0.3757743835449219 0.5059396028518677 0.008854166666666666 0.016666666666666666
3 0.354140967130661 0.5084022879600525 0.008854166666666666 0.01574074074074074
4 0.35699698328971863 0.5213363766670227 0.008854166666666666 0.011111111111111112
4 0.40481123328208923 0.5119985342025757 0.008854166666666666 0.016666666666666666
3 0.45941245555877686 0.5040748715400696 0.0078125 0.014814814814814815
1 0.5317975282669067 0.5536269545555115 0.010416666666666666 0.019444444444444445
3 0.4845190942287445 0.5830180644989014 0.010416666666666666 0.016666666666666666
2 0.4532104432582855 0.5751811265945435 0.007291666666666667 0.009259259259259259
2 0.42490488290786743 0.5615765452384949 0.007291666666666667 0.009259259259259259
2 0.39990413188934326 0.5493322610855103 0.007291666666666667 0.009259259259259259
2 0.35422223806381226 0.527988612651825 0.007291666666666667 0.009259259259259259
2 0.33404776453971863 0.5175594091415405 0.007291666666666667 0.009259259259259259
2 0.31539973616600037 0.5075874328613281 0.007291666666666667 0.009259259259259259
2 0.33191171288490295 0.4921693503856659 0.007291666666666667 0.009259259259259259
2 0.3614344894886017 0.4866766035556793 0.007291666666666667 0.009259259259259259
2 0.38915130496025085 0.4820605218410492 0.007291666666666667 0.009259259259259259
2 0.44609832763671875 0.48484542965888977 0.007291666666666667 0.009259259259259259
2 0.46619853377342224 0.4921482801437378 0.007291666666666667 0.009259259259259259
2 0.4883299469947815 0.5008004307746887 0.007291666666666667 0.009259259259259259
2 0.5376319289207458 0.5172551274299622 0.007291666666666667 0.009259259259259259
2 0.5645557641983032 0.5268299579620361 0.007291666666666667 0.009259259259259259
2 0.593242347240448 0.5368605256080627 0.007291666666666667 0.009259259259259259
2 0.5974797606468201 0.5608751773834229 0.007291666666666667 0.009259259259259259
2 0.5679031610488892 0.5686129331588745 0.007291666666666667 0.009259259259259259
2 0.5347645878791809 0.5794421434402466 0.007291666666666667 0.009259259259259259
