4 0.4145891070365906 0.4838469326496124 0.0078125 0.009259259259259259
3 0.40437451004981995 0.486593633890152 0.0078125 0.013888888888888888
3 0.41543662548065186 0.493293821811676 0.0078125 0.014814814814814815
0 0.4121406674385071 0.4969092607498169 0.0078125 0.012037037037037037
4 0.38224056363105774 0.5033531785011292 0.008854166666666666 0.016666666666666666
3 0.36048373579978943 0.506160318851471 0.008854166666666666 0.01574074074074074
4 0.36341920495033264 0.5192039012908936 0.008854166666666666 0.011111111111111112
4 0.4114760160446167 0.509061336517334 0.008854166666666666 0.016666666666666666
3 0.4663669466972351 0.5002501010894775 0.0078125 0.014814814814814815
1 0.5391753911972046 0.5492694973945618 0.010416666666666666 0.019444444444444445
3 0.4917527139186859 0.5796124935150146 0.010416666666666666 0.016666666666666666
2 0.46030762791633606 0.5721727609634399 0.007291666666666667 0.009259259259259259
2 0.4318423569202423 0.558864176273346 0.007291666666666667 0.009259259259259259
2 0.406680166721344 0.5468698740005493 0.007291666666666667 0.009259259259259259
2 0.36065998673439026 0.5259712934494019 0.007291666666666667 0.009259259259259259
2 0.34031161665916443 0.515718400478363 0.007291666666666667 0.009259259259259259
2 0.32148972153663635 0.5058996677398682 0.007291666666666667 0.009259259259259259
2 0.3380264937877655 0.49004894495010376 0.007291666666666667 0.009259259259259259
2 0.3677216172218323 0.48405715823173523 0.007291666666666667 0.009259259259259259
2 0.39560386538505554 0.4789794981479645 0.007291666666666667 0.009259259259259259
2 0.4529256820678711 0.48097631335258484 0.007291666666666667 0.009259259259259259
2 0.47316497564315796 0.48808011412620544 0.007291666666666667 0.009259259259259259
2 0.495439350605011 0.49651652574539185 0.007291666666666667 0.009259259259259259
2 0.5450138449668884 0.5124428868293762 0.007291666666666667 0.009259259259259259
2 0.5720634460449219 0.521727979183197 0.007291666666666667 0.009259259259259259
2 0.6008653044700623 0.5314416289329529 0.007291666666666667 0.009259259259259259
2 0.6050984859466553 0.555618405342102 0.007291666666666667 0.009259259259259259
2 0.5754179358482361 0.5638580918312073 0.007291666666666667 0.009259259259259259
2 0.5421696901321411 0.575265645980835 0.007291666666666667 0.009259259259259259
