4 0.5885228514671326 0.48499739170074463 0.0078125 0.009259259259259259
3 0.5984846353530884 0.48744189739227295 0.0078125 0.013888888888888888
3 0.5877780914306641 0.49433445930480957 0.0078125 0.014814814814814815
0 0.5910153985023499 0.4978138208389282 0.0078125 0.012037037037037037
4 0.6201566457748413 0.5033933520317078 0.008854166666666666 0.016666666666666666
3 0.6413429975509644 0.5055976510047913 0.008854166666666666 0.01574074074074074
4 0.6385921835899353 0.5185292363166809 0.008854166666666666 0.011111111111111112
4 0.5917643904685974 0.5097761750221252 0.008854166666666666 0.016666666666666666
3 0.5382855534553528 0.5025098919868469 0.0078125 0.014814814814814815
1 0.46790555119514465 0.5527034401893616 0.010416666666666666 0.019444444444444445
3 0.5143082737922668 0.5813565850257874 0.010416666666666666 0.016666666666666666
2 0.5448172092437744 0.5732161402702332 0.007291666666666667 0.009259259259259259
2 0.5723800659179688 0.5593727827072144 0.007291666666666667 0.009259259259259259
2 0.5967466235160828 0.5469072461128235 0.007291666666666667 0.009259259259259259
2 0.6413298845291138 0.525126576423645 0.007291666666666667 0.009259259259259259
2 0.6610387563705444 0.5144964456558228 0.007291666666666667 0.009259259259259259
2 0.6792689561843872 0.5043323040008545 0.007291666666666667 0.009259259259259259
2 0.6630610823631287 0.4891338646411896 0.007291666666666667 0.009259259259259259
2 0.6341246962547302 0.4839933514595032 0.007291666666666667 0.009259259259259259
2 0.6069548726081848 0.4797065556049347 0.007291666666666667 0.009259259259259259
2 0.5511941313743591 0.48315730690956116 0.007291666666666667 0.009259259259259259
2 0.5315621495246887 0.4906860888004303 0.007291666666666667 0.009259259259259259
2 0.5099636316299438 0.4995807707309723 0.007291666666666667 0.009259259259259259
2 0.4618737995624542 0.516564667224884 0.007291666666666667 0.009259259259259259
2 0.43564367294311523 0.5264169573783875 0.007291666666666667 0.009259259259259259
2 0.40771564841270447 0.5367359519004822 0.007291666666666667 0.009259259259259259
2 0.4038406312465668 0.560666024684906 0.007291666666666667 0.009259259259259259
2 0.4327939748764038 0.5680124163627625 0.007291666666666667 0.009259259259259259
2 0.46524110436439514 0.5783841609954834 0.007291666666666667 0.009259259259259259
