4 0.5804378986358643 0.4899652600288391 0.0078125 0.009259259259259259
3 0.5906437635421753 0.492605984210968 0.0078125 0.013888888888888888
3 0.5797205567359924 0.49942293763160706 0.0078125 0.014814814814814815
0 0.5830495357513428 0.5030047297477722 0.0078125 0.012037037037037037
4 0.6129084825515747 0.509143590927124 0.008854166666666666 0.016666666666666666
3 0.6346244215965271 0.5117301344871521 0.008854166666666666 0.01574074074074074
4 0.6318677067756653 0.5248104929924011 0.008854166666666666 0.011111111111111112
4 0.5838730931282043 0.5151503086090088 0.008854166666666666 0.016666666666666666
3 0.5291584730148315 0.5069016814231873 0.0078125 0.014814814814814815
1 0.45756715536117554 0.5565648674964905 0.010416666666666666 0.019444444444444445
3 0.505043089389801 0.5863921642303467 0.010416666666666666 0.016666666666666666
2 0.5361670851707458 0.5786779522895813 0.007291666666666667 0.009259259259259259
2 0.5642791986465454 0.5651222467422485 0.007291666666666667 0.009259259259259259
2 0.5891492366790771 0.5528985261917114 0.007291666666666667 0.009259259259259259
2 0.6347049474716187 0.5315530896186829 0.007291666666666667 0.009259259259259259
2 0.6548580527305603 0.5210909247398376 0.007291666666666667 0.009259259259259259
2 0.6735080480575562 0.5110715627670288 0.007291666666666667 0.009259259259259259
2 0.6568094491958618 0.49537190794944763 0.007291666666666667 0.009259259259259259
2 0.6271238327026367 0.48968416452407837 0.007291666666666667 0.009259259259259259
2 0.5992770791053772 0.48489588499069214 0.007291666666666667 0.009259259259259259
2 0.5422571301460266 0.48749682307243347 0.007291666666666667 0.009259259259259259
2 0.5222344398498535 0.494809627532959 0.007291666666666667 0.009259259259259259
2 0.5002225041389465 0.5034697651863098 0.007291666666666667 0.009259259259259259
2 0.45124953985214233 0.5198766589164734 0.007291666666666667 0.009259259259259259
2 0.4245699346065521 0.5294114351272583 0.007291666666666667 0.009259259259259259
2 0.3961852788925171 0.5393822193145752 0.007291666666666667 0.009259259259259259
2 0.3923528790473938 0.5635215044021606 0.007291666666666667 0.009259259259259259
2 0.42186102271080017 0.5714548230171204 0.007291666666666667 0.009259259259259259
2 0.45497092604637146 0.5825192928314209 0.007291666666666667 0.009259259259259259
