4 0.5997472405433655 0.4668480455875397 0.0078125 0.009259259259259259
3 0.6098372340202332 0.4695441722869873 0.0078125 0.013888888888888888
3 0.5990198254585266 0.4759121835231781 0.0078125 0.014814814814814815
0 0.6023080348968506 0.47940075397491455 0.0078125 0.012037037037037037
4 0.6317917704582214 0.48573750257492065 0.008854166666666666 0.016666666666666666
3 0.6531727910041809 0.4885352849960327 0.008854166666666666 0.01574074074074074
4 0.6504440307617188 0.5010133981704712 0.008854166666666666 0.011111111111111112
4 0.6031011343002319 0.4910687506198883 0.008854166666666666 0.016666666666666666
3 0.5487984418869019 0.4823247194290161 0.0078125 0.014814814814814815
1 0.47702735662460327 0.529279351234436 0.010416666666666666 0.019444444444444445
3 0.5245372653007507 0.5586626529693604 0.010416666666666666 0.016666666666666666
2 0.5556127429008484 0.5515561103820801 0.007291666666666667 0.009259259259259259
2 0.583589494228363 0.5388241410255432 0.007291666666666667 0.009259259259259259
2 0.6082546710968018 0.5273772478103638 0.007291666666666667 0.009259259259259259
2 0.6532265543937683 0.5075061917304993 0.007291666666666667 0.009259259259259259
2 0.6730377078056335 0.4977787733078003 0.007291666666666667 0.009259259259259259
2 0.6913251876831055 0.4884774684906006 0.007291666666666667 0.009259259259259259
2 0.674979567527771 0.4732336401939392 0.007291666666666667 0.009259259259259259
2 0.6458228826522827 0.4673271179199219 0.007291666666666667 0.009259259259259259
2 0.6183794736862183 0.46229222416877747 0.007291666666666667 0.009259259259259259
2 0.5618776679039001 0.46385934948921204 0.007291666666666667 0.009259259259259259
2 0.541928231716156 0.47057414054870605 0.007291666666666667 0.009259259259259259
2 0.5199357271194458 0.4785747528076172 0.007291666666666667 0.009259259259259259
2 0.47078970074653625 0.4936889111995697 0.007291666666666667 0.009259259259259259
2 0.44388335943222046 0.502541184425354 0.007291666666666667 0.009259259259259259
2 0.41515615582466125 0.5118244886398315 0.007291666666666667 0.009259259259259259
2 0.41118356585502625 0.5352283120155334 0.007291666666666667 0.009259259259259259
2 0.44100430607795715 0.543281614780426 0.007291666666666667 0.009259259259259259
2 0.47433629631996155 0.5543797612190247 0.007291666666666667 0.009259259259259259
