4 0.5910748243331909 0.4842362701892853 0.0078125 0.009259259259259259
3 0.60134357213974 0.4868421256542206 0.0078125 0.013888888888888888
3 0.5902945399284363 0.4937714636325836 0.0078125 0.014814814814814815
0 0.5936288833618164 0.49736282229423523 0.0078125 0.012037037037037037
4 0.6236667633056641 0.5033749341964722 0.008854166666666666 0.016666666666666666
3 0.6454929113388062 0.5058509111404419 0.008854166666666666 0.01574074074074074
4 0.6426523327827454 0.5190379619598389 0.008854166666666666 0.011111111111111112
4 0.5943862795829773 0.5096015930175781 0.008854166666666666 0.016666666666666666
3 0.5391935706138611 0.5016053318977356 0.0078125 0.014814814814814815
1 0.4662582278251648 0.5523058772087097 0.010416666666666666 0.019444444444444445
3 0.5142252445220947 0.5821463465690613 0.010416666666666666 0.016666666666666666
2 0.5458016991615295 0.5740877389907837 0.007291666666666667 0.009259259259259259
2 0.5743085145950317 0.5601673126220703 0.007291666666666667 0.009259259259259259
2 0.5994812250137329 0.5476422309875488 0.007291666666666667 0.009259259259259259
2 0.6454691290855408 0.5258103013038635 0.007291666666666667 0.009259259259259259
2 0.665770947933197 0.5151491761207581 0.007291666666666667 0.009259259259259259
2 0.6845337748527527 0.5049575567245483 0.007291666666666667 0.009259259259259259
2 0.6678580641746521 0.4892665147781372 0.007291666666666667 0.009259259259259259
2 0.6380711197853088 0.4837050139904022 0.007291666666666667 0.009259259259259259
2 0.6100832223892212 0.4790310263633728 0.007291666666666667 0.009259259259259259
2 0.5525619983673096 0.4819498658180237 0.007291666666666667 0.009259259259259259
2 0.5322729349136353 0.4894368350505829 0.007291666666666667 0.009259259259259259
2 0.5099314451217651 0.4983067810535431 0.007291666666666667 0.009259259259259259
2 0.4601250886917114 0.5151939988136292 0.007291666666666667 0.009259259259259259
2 0.4329167306423187 0.5250220894813538 0.007291666666666667 0.009259259259259259
2 0.4039163291454315 0.5353221893310547 0.007291666666666667 0.009259259259259259
2 0.39979827404022217 0.5598484873771667 0.007291666666666667 0.009259259259259259
2 0.4298115074634552 0.5676731467247009 0.007291666666666667 0.009259259259259259
2 0.46341705322265625 0.5786316394805908 0.007291666666666667 0.009259259259259259
