4 0.5885717868804932 0.4698546528816223 0.0078125 0.009259259259259259
3 0.5987768173217773 0.4725460112094879 0.0078125 0.013888888888888888
3 0.5877895951271057 0.4793030321598053 0.0078125 0.014814814814814815
0 0.5911014080047607 0.4829006493091583 0.0078125 0.012037037037037037
4 0.6209703087806702 0.48918548226356506 0.008854166666666666 0.016666666666666666
3 0.6426910161972046 0.4918765723705292 0.008854166666666666 0.01574074074074074
4 0.6398633122444153 0.5049416422843933 0.008854166666666666 0.011111111111111112
4 0.5918463468551636 0.49505192041397095 0.008854166666666666 0.016666666666666666
3 0.5370221734046936 0.48653122782707214 0.0078125 0.014814814814814815
1 0.4645645320415497 0.5360111594200134 0.010416666666666666 0.019444444444444445
3 0.5121033787727356 0.5661791563034058 0.010416666666666666 0.016666666666666666
2 0.5434874296188354 0.5585400462150574 0.007291666666666667 0.009259259259259259
2 0.571842610836029 0.5450372695922852 0.007291666666666667 0.009259259259259259
2 0.5968897938728333 0.5328786373138428 0.007291666666666667 0.009259259259259259
2 0.6426681280136108 0.5116996765136719 0.007291666666666667 0.009259259259259259
2 0.6628856062889099 0.5013295412063599 0.007291666666666667 0.009259259259259259
2 0.681574285030365 0.4914070963859558 0.007291666666666667 0.009259259259259259
2 0.6649557948112488 0.47564804553985596 0.007291666666666667 0.009259259259259259
2 0.6353048086166382 0.46981698274612427 0.007291666666666667 0.009259259259259259
2 0.6074693202972412 0.4648899734020233 0.007291666666666667 0.009259259259259259
2 0.550319492816925 0.4671879708766937 0.007291666666666667 0.009259259259259259
2 0.530170738697052 0.47439664602279663 0.007291666666666667 0.009259259259259259
2 0.5079900026321411 0.482951819896698 0.007291666666666667 0.009259259259259259
2 0.45857536792755127 0.49915364384651184 0.007291666666666667 0.009259259259259259
2 0.4315962791442871 0.5085961222648621 0.007291666666666667 0.009259259259259259
2 0.40285348892211914 0.5184823870658875 0.007291666666666667 0.009259259259259259
2 0.3986973762512207 0.5427398681640625 0.007291666666666667 0.009259259259259259
2 0.42839840054512024 0.5508396625518799 0.007291666666666667 0.009259259259259259
2 0.4616835415363312 0.5620992183685303 0.007291666666666667 0.009259259259259259
