2 0.6697381734848022 0.4642082750797272 0.0034434523809523812 0.0034095238095238098
2 0.6108762621879578 0.4519194960594177 0.0034434523809523812 0.0029714285714285715
2 0.49925094842910767 0.46529749035835266 0.003660714285714286 0.003761904761904762
2 0.4633588492870331 0.4898589253425598 0.0039880952380952385 0.003495238095238095
2 0.42315542697906494 0.5177062153816223 0.0034970238095238097 0.0032333333333333333
2 0.32875773310661316 0.5823513865470886 0.004208333333333334 0.003933333333333333
2 0.27151918411254883 0.6214473843574524 0.004699404761904761 0.003933333333333333
2 0.20636364817619324 0.6663670539855957 0.005300595238095238 0.004457142857142857
2 0.20184122025966644 0.7791123390197754 0.005574404761904762 0.005419047619047619
2 0.2842402756214142 0.8179306983947754 0.005901785714285714 0.006380952380952381
2 0.37580573558807373 0.861113965511322 0.006175595238095238 0.00690952380952381
2 0.5853829979896545 0.817879319190979 0.006392857142857143 0.006380952380952381
2 0.6337704658508301 0.7508710622787476 0.005136904761904763 0.006119047619047619
2 0.6748837232589722 0.6940001249313354 0.005136904761904763 0.005333333333333333
2 0.7406800985336304 0.6030945777893066 0.004589285714285714 0.0048095238095238095
2 0.7669510841369629 0.5655680298805237 0.004318452380952381 0.004023809523809523
2 0.790736198425293 0.5323840975761414 0.004318452380952381 0.003761904761904762
4 0.646490752696991 0.48290136456489563 0.011866071428571427 0.02036190476190476
4 0.6994180083274841 0.5121020078659058 0.012294642857142858 0.0215047619047619
4 0.7019534111022949 0.5618702173233032 0.014011904761904762 0.022876190476190477
4 0.7185025811195374 0.5679779052734375 0.01386904761904762 0.023790476190476192
4 0.34102559089660645 0.6224116086959839 0.015726190476190477 0.02630952380952381
4 0.34843283891677856 0.6864506006240845 0.018157738095238095 0.030195238095238094
4 0.3685132563114166 0.6999732851982117 0.017157738095238094 0.030880952380952377
3 0.5930731892585754 0.7176037430763245 0.017729166666666667 0.030652380952380955
3 0.3214586675167084 0.7213286757469177 0.01787202380952381 0.030880952380952377
3 0.4975035786628723 0.49227121472358704 0.013011904761904761 0.021961904761904762
3 0.5264453887939453 0.5406262278556824 0.01286904761904762 0.02264761904761905
3 0.5586829781532288 0.47789230942726135 0.012008928571428571 0.019671428571428572
3 0.686612606048584 0.5518602132797241 0.013011904761904761 0.02356190476190476
3 0.7368354201316833 0.56464022397995 0.014440476190476191 0.02356190476190476
0 0.419465571641922 0.6926735639572144 0.017151785714285717 0.030366666666666667
1 0.21598365902900696 0.7333970665931702 0.01813690476190476 0.0314952380952381
