3 0.3132239282131195 0.25367599725723267 0.015476190476190477 0.026595238095238095
3 0.23872198164463043 0.32447949051856995 0.013946428571428571 0.023538095238095236
3 0.4051686227321625 0.40346574783325195 0.01662202380952381 0.02781428571428571
4 0.6362481713294983 0.2874152362346649 0.01575595238095238 0.028190476190476193
4 0.7136366963386536 0.4020123779773712 0.01637797619047619 0.02752857142857143
4 0.7196643352508545 0.44382524490356445 0.016169642857142858 0.02587142857142857
3 0.7609546184539795 0.4186478853225708 0.01575595238095238 0.02487619047619048
1 0.8150435090065002 0.3166903853416443 0.017827380952380952 0.02587142857142857
0 0.6896130442619324 0.4951094090938568 0.015961309523809523 0.028523809523809524
3 0.6464933753013611 0.7277854681015015 0.015547619047619048 0.028523809523809524
4 0.20034492015838623 0.4917937219142914 0.018449404761904764 0.025957142857142856
4 0.24502301216125488 0.6317274570465088 0.016860119047619047 0.02900952380952381
4 0.35436052083969116 0.7033651471138 0.016886904761904763 0.027133333333333332
4 0.3575640022754669 0.7342679500579834 0.016532738095238093 0.02762857142857143
3 0.34225159883499146 0.7587900161743164 0.01763392857142857 0.026157142857142858
3 0.3412059247493744 0.6668537259101868 0.017267857142857144 0.02703809523809524
2 0.2551077902317047 0.8111090064048767 0.004633928571428572 0.007414285714285714
2 0.3399132192134857 0.8105650544166565 0.004744047619047619 0.007061904761904762
2 0.4248606264591217 0.811325192451477 0.005294642857142857 0.008295238095238097
2 0.5926156640052795 0.8105899095535278 0.00518452380952381 0.00759047619047619
2 0.6764662265777588 0.8097882866859436 0.004854166666666666 0.007766666666666666
2 0.7598651051521301 0.8089063763618469 0.005074404761904762 0.00811904761904762
2 0.8667502403259277 0.6399841904640198 0.004744047619047619 0.00847142857142857
2 0.8670668601989746 0.5082531571388245 0.004523809523809524 0.008647619047619048
2 0.8670617938041687 0.37586328387260437 0.004523809523809524 0.008647619047619048
2 0.7611117362976074 0.20595796406269073 0.004633928571428572 0.007766666666666666
2 0.6778635382652283 0.20476768910884857 0.00518452380952381 0.007766666666666666
2 0.5938910841941833 0.20374099910259247 0.005074404761904762 0.00847142857142857
2 0.4253422021865845 0.2022828906774521 0.0049642857142857145 0.008295238095238097
2 0.3407059907913208 0.20245321094989777 0.005294642857142857 0.008647619047619048
2 0.25583335757255554 0.20150142908096313 0.005074404761904762 0.007414285714285714
2 0.1461230367422104 0.37235575914382935 0.005294642857142857 0.008647619047619048
2 0.14560925960540771 0.5060280561447144 0.004744047619047619 0.009004761904761904
2 0.14575864374637604 0.640347957611084 0.005074404761904762 0.009004761904761904
