4 0.825929582118988 0.32477980852127075 0.015104166666666667 0.026851851851851852
4 0.71792072057724 0.4224661588668823 0.0171875 0.026851851851851852
3 0.6840229630470276 0.28079119324684143 0.015104166666666667 0.026851851851851852
0 0.6675151586532593 0.39343422651290894 0.015104166666666667 0.026851851851851852
3 0.6751079559326172 0.785088062286377 0.015104166666666667 0.028703703703703703
3 0.6330215930938721 0.7030780911445618 0.014583333333333334 0.025925925925925925
4 0.5569791197776794 0.6586887240409851 0.015104166666666667 0.026851851851851852
1 0.571794867515564 0.423517644405365 0.015625 0.026851851851851852
4 0.5661153197288513 0.3292851448059082 0.015104166666666667 0.027777777777777776
4 0.42253637313842773 0.48076996207237244 0.015625 0.027777777777777776
3 0.3845524489879608 0.23032554984092712 0.015625 0.02962962962962963
2 0.24809418618679047 0.1684126853942871 0.007291666666666667 0.012962962962962963
2 0.3330712616443634 0.16937589645385742 0.007291666666666667 0.012962962962962963
2 0.41860106587409973 0.1689731329679489 0.007291666666666667 0.012962962962962963
2 0.586935818195343 0.1695229858160019 0.007291666666666667 0.012962962962962963
2 0.6712912917137146 0.17093558609485626 0.007291666666666667 0.012962962962962963
2 0.7551714777946472 0.1718893051147461 0.007291666666666667 0.012962962962962963
2 0.8610219955444336 0.36190980672836304 0.007291666666666667 0.012962962962962963
2 0.8600873351097107 0.5091782212257385 0.007291666666666667 0.012962962962962963
2 0.8589028716087341 0.6555350422859192 0.007291666666666667 0.012962962962962963
2 0.7519654631614685 0.841646134853363 0.007291666666666667 0.012962962962962963
2 0.6689369082450867 0.8424559235572815 0.007291666666666667 0.012962962962962963
2 0.5859521627426147 0.8428183197975159 0.007291666666666667 0.012962962962962963
2 0.4198596179485321 0.8435436487197876 0.007291666666666667 0.012962962962962963
2 0.3357209861278534 0.8434610962867737 0.007291666666666667 0.012962962962962963
2 0.2521408498287201 0.8438255190849304 0.007291666666666667 0.012962962962962963
2 0.1433430016040802 0.6561526656150818 0.007291666666666667 0.012962962962962963
2 0.1415853649377823 0.5081766843795776 0.007291666666666667 0.012962962962962963
2 0.1403408944606781 0.359267920255661 0.007291666666666667 0.012962962962962963
