4 0.18267600238323212 0.32957518100738525 0.015104166666666667 0.026851851851851852
4 0.2903829514980316 0.42573264241218567 0.0171875 0.026851851851851852
3 0.32656416296958923 0.28435665369033813 0.015104166666666667 0.026851851851851852
0 0.34148189425468445 0.39611995220184326 0.015104166666666667 0.026851851851851852
3 0.32812759280204773 0.787288248538971 0.015104166666666667 0.028703703703703703
3 0.3716331422328949 0.7040826082229614 0.014583333333333334 0.025925925925925925
4 0.44830378890037537 0.6579504013061523 0.015104166666666667 0.026851851851851852
1 0.43672460317611694 0.4246624708175659 0.015625 0.026851851851851852
4 0.44365188479423523 0.3312704265117645 0.015104166666666667 0.027777777777777776
4 0.583783745765686 0.4789731204509735 0.015625 0.027777777777777776
3 0.6240702271461487 0.23222702741622925 0.015625 0.02962962962962963
2 0.7576377391815186 0.170970618724823 0.007291666666666667 0.012962962962962963
2 0.6750686168670654 0.17227740585803986 0.007291666666666667 0.012962962962962963
2 0.59142005443573 0.17225582897663116 0.007291666666666667 0.012962962962962963
2 0.4251163601875305 0.17353831231594086 0.007291666666666667 0.012962962962962963
2 0.34092482924461365 0.17531375586986542 0.007291666666666667 0.012962962962962963
2 0.25665098428726196 0.17664290964603424 0.007291666666666667 0.012962962962962963
2 0.14639052748680115 0.3671322166919708 0.007291666666666667 0.012962962962962963
2 0.14491577446460724 0.5148372650146484 0.007291666666666667 0.012962962962962963
2 0.14370721578598022 0.6620184183120728 0.007291666666666667 0.012962962962962963
2 0.24957039952278137 0.8464126586914062 0.007291666666666667 0.012962962962962963
2 0.33350399136543274 0.8446187973022461 0.007291666666666667 0.012962962962962963
2 0.4168457090854645 0.8423908352851868 0.007291666666666667 0.012962962962962963
2 0.5820099711418152 0.8379756212234497 0.007291666666666667 0.012962962962962963
2 0.6648582220077515 0.8353156447410583 0.007291666666666667 0.012962962962962963
2 0.7466089725494385 0.8331311345100403 0.007291666666666667 0.012962962962962963
2 0.8540229797363281 0.6458204984664917 0.007291666666666667 0.012962962962962963
2 0.8571264147758484 0.5011395812034607 0.007291666666666667 0.012962962962962963
2 0.8597362041473389 0.35596901178359985 0.007291666666666667 0.012962962962962963
