4 0.17592817544937134 0.31339263916015625 0.015104166666666667 0.026851851851851852
4 0.28341343998908997 0.41264596581459045 0.0171875 0.026851851851851852
3 0.31783172488212585 0.272609680891037 0.015104166666666667 0.026851851851851852
0 0.33379390835762024 0.3846687376499176 0.015104166666666667 0.026851851851851852
3 0.3246123492717743 0.7761227488517761 0.015104166666666667 0.028703703703703703
3 0.36702975630760193 0.6941760182380676 0.014583333333333334 0.025925925925925925
4 0.4429384171962738 0.6506035327911377 0.015104166666666667 0.026851851851851852
1 0.4287910461425781 0.4162335991859436 0.015625 0.026851851851851852
4 0.4346480667591095 0.32298579812049866 0.015104166666666667 0.027777777777777776
4 0.5762256383895874 0.4754648208618164 0.015625 0.027777777777777776
3 0.6135157346725464 0.22920435667037964 0.015625 0.02962962962962963
2 0.7465999722480774 0.17161516845226288 0.007291666666666667 0.012962962962962963
2 0.6638120412826538 0.17060355842113495 0.007291666666666667 0.012962962962962963
2 0.5801435112953186 0.16823531687259674 0.007291666666666667 0.012962962962962963
2 0.4144671857357025 0.16486787796020508 0.007291666666666667 0.012962962962962963
2 0.33093324303627014 0.16429205238819122 0.007291666666666667 0.012962962962962963
2 0.24753175675868988 0.16327129304409027 0.007291666666666667 0.012962962962962963
2 0.14047056436538696 0.34969598054885864 0.007291666666666667 0.012962962962962963
2 0.1403699815273285 0.49689891934394836 0.007291666666666667 0.012962962962962963
2 0.14052753150463104 0.6438664793968201 0.007291666666666667 0.012962962962962963
2 0.24714508652687073 0.8325067162513733 0.007291666666666667 0.012962962962962963
2 0.3305617570877075 0.8339335322380066 0.007291666666666667 0.012962962962962963
2 0.413601815700531 0.8349043130874634 0.007291666666666667 0.012962962962962963
2 0.5788071751594543 0.8368357419967651 0.007291666666666667 0.012962962962962963
2 0.6619920134544373 0.8373583555221558 0.007291666666666667 0.012962962962962963
2 0.7442918419837952 0.8383209109306335 0.007291666666666667 0.012962962962962963
2 0.8501620888710022 0.6528924107551575 0.007291666666666667 0.012962962962962963
2 0.8512709140777588 0.5068655014038086 0.007291666666666667 0.012962962962962963
2 0.8518730998039246 0.36059582233428955 0.007291666666666667 0.012962962962962963
