4 0.8245049118995667 0.32600799202919006 0.015104166666666667 0.026851851851851852
4 0.7148287892341614 0.42302078008651733 0.0171875 0.026851851851851852
3 0.68180912733078 0.2827361822128296 0.015104166666666667 0.026851851851851852
0 0.6644193530082703 0.3941887319087982 0.015104166666666667 0.026851851851851852
3 0.6690963506698608 0.7833487391471863 0.015104166666666667 0.028703703703703703
3 0.6274508833885193 0.7011706829071045 0.014583333333333334 0.025925925925925925
4 0.5517749786376953 0.6563259959220886 0.015104166666666667 0.026851851851851852
1 0.5685245990753174 0.4238148331642151 0.015625 0.026851851851851852
4 0.5636584162712097 0.3308674097061157 0.015104166666666667 0.027777777777777776
4 0.4200300872325897 0.479829341173172 0.015625 0.027777777777777776
3 0.3850781321525574 0.23428812623023987 0.015625 0.02962962962962963
2 0.2523527145385742 0.17469756305217743 0.007291666666666667 0.012962962962962963
2 0.3352324068546295 0.1750694215297699 0.007291666666666667 0.012962962962962963
2 0.4191442131996155 0.17410403490066528 0.007291666666666667 0.012962962962962963
2 0.5856999754905701 0.1735079437494278 0.007291666666666667 0.012962962962962963
2 0.6698716282844543 0.1743280589580536 0.007291666666666667 0.012962962962962963
2 0.7540531158447266 0.17470227181911469 0.007291666666666667 0.012962962962962963
2 0.8598692417144775 0.3629184663295746 0.007291666666666667 0.012962962962962963
2 0.8580545783042908 0.5097775459289551 0.007291666666666667 0.012962962962962963
2 0.855986475944519 0.6560944318771362 0.007291666666666667 0.012962962962962963
2 0.7462548017501831 0.8409931659698486 0.007291666666666667 0.012962962962962963
2 0.6624528169631958 0.8404774069786072 0.007291666666666667 0.012962962962962963
2 0.5791707634925842 0.8395200967788696 0.007291666666666667 0.012962962962962963
2 0.41388610005378723 0.837620198726654 0.007291666666666667 0.012962962962962963
2 0.3308674991130829 0.8362218141555786 0.007291666666666667 0.012962962962962963
2 0.24886052310466766 0.8352798819541931 0.007291666666666667 0.012962962962962963
2 0.14504079520702362 0.6499361395835876 0.007291666666666667 0.012962962962962963
2 0.14509722590446472 0.5055347084999084 0.007291666666666667 0.012962962962962963
2 0.1456608921289444 0.3606109321117401 0.007291666666666667 0.012962962962962963
