3 0.1790836900472641 0.669043242931366 0.0171875 0.02962962962962963
1 0.2501128017902374 0.5092132091522217 0.016145833333333335 0.02962962962962963
0 0.3285549283027649 0.3992778956890106 0.015625 0.027777777777777776
4 0.42964795231819153 0.33666354417800903 0.015625 0.027777777777777776
2 0.7465089559555054 0.18326418101787567 0.007291666666666667 0.012962962962962963
2 0.6612910032272339 0.181061252951622 0.007291666666666667 0.012962962962962963
2 0.5765440464019775 0.17977602779865265 0.007291666666666667 0.012962962962962963
2 0.40846094489097595 0.17813022434711456 0.007291666666666667 0.012962962962962963
2 0.3235810697078705 0.17775222659111023 0.007291666666666667 0.012962962962962963
2 0.23994210362434387 0.17738527059555054 0.007291666666666667 0.012962962962962963
2 0.1359107345342636 0.36494576930999756 0.007291666666666667 0.012962962962962963
2 0.1375778168439865 0.5115629434585571 0.007291666666666667 0.012962962962962963
2 0.13998349010944366 0.6564174890518188 0.007291666666666667 0.012962962962962963
2 0.24755312502384186 0.8416252136230469 0.007291666666666667 0.012962962962962963
2 0.330056756734848 0.8432521820068359 0.007291666666666667 0.012962962962962963
2 0.41276633739471436 0.8453243970870972 0.007291666666666667 0.012962962962962963
2 0.5777693390846252 0.8476946353912354 0.007291666666666667 0.012962962962962963
2 0.6608337163925171 0.8493320941925049 0.007291666666666667 0.012962962962962963
2 0.7443598508834839 0.850978672504425 0.007291666666666667 0.012962962962962963
2 0.8526713252067566 0.6680729389190674 0.007291666666666667 0.012962962962962963
2 0.8537091612815857 0.5208227634429932 0.007291666666666667 0.012962962962962963
2 0.854748547077179 0.374021053314209 0.007291666666666667 0.012962962962962963
