3 0.1727912276983261 0.6650036573410034 0.0171875 0.02962962962962963
1 0.24606482684612274 0.5016991496086121 0.016145833333333335 0.02962962962962963
0 0.32578933238983154 0.3895353376865387 0.015625 0.027777777777777776
4 0.4274654984474182 0.32473522424697876 0.015625 0.027777777777777776
2 0.7437660098075867 0.16558478772640228 0.007291666666666667 0.012962962962962963
2 0.6589521765708923 0.16519233584403992 0.007291666666666667 0.012962962962962963
2 0.5745641589164734 0.16569791734218597 0.007291666666666667 0.012962962962962963
2 0.40705209970474243 0.1675957888364792 0.007291666666666667 0.012962962962962963
2 0.32238560914993286 0.16900381445884705 0.007291666666666667 0.012962962962962963
2 0.23890775442123413 0.17039750516414642 0.007291666666666667 0.012962962962962963
2 0.132777601480484 0.3593783974647522 0.007291666666666667 0.012962962962962963
2 0.13270282745361328 0.5065886378288269 0.007291666666666667 0.012962962962962963
2 0.13339558243751526 0.6530821919441223 0.007291666666666667 0.012962962962962963
2 0.24041341245174408 0.8394629955291748 0.007291666666666667 0.012962962962962963
2 0.3241357207298279 0.8391647934913635 0.007291666666666667 0.012962962962962963
2 0.4080209732055664 0.839317798614502 0.007291666666666667 0.012962962962962963
2 0.5752456188201904 0.8378175497055054 0.007291666666666667 0.012962962962962963
2 0.6593602299690247 0.8375174403190613 0.007291666666666667 0.012962962962962963
2 0.7438980340957642 0.8372158408164978 0.007291666666666667 0.012962962962962963
2 0.8523066639900208 0.6485092639923096 0.007291666666666667 0.012962962962962963
2 0.852441132068634 0.49988189339637756 0.007291666666666667 0.012962962962962963
2 0.8525789380073547 0.3527996838092804 0.007291666666666667 0.012962962962962963
