3 0.80854731798172 0.6746428608894348 0.016145833333333335 0.025925925925925925
4 0.7061724066734314 0.4364738464355469 0.016145833333333335 0.027777777777777776
0 0.6564802527427673 0.4079909324645996 0.015104166666666667 0.028703703703703703
4 0.5564407110214233 0.3473013639450073 0.014583333333333334 0.026851851851851852
1 0.5192144513130188 0.6781015992164612 0.015625 0.027777777777777776
2 0.2474205493927002 0.1991633027791977 0.007291666666666667 0.012962962962962963
2 0.3291756808757782 0.1984483301639557 0.007291666666666667 0.012962962962962963
2 0.4120466113090515 0.19684834778308868 0.007291666666666667 0.012962962962962963
2 0.5778630971908569 0.19407916069030762 0.007291666666666667 0.012962962962962963
2 0.6615713834762573 0.1929011195898056 0.007291666666666667 0.012962962962962963
2 0.7456430792808533 0.19259685277938843 0.007291666666666667 0.012962962962962963
2 0.8510187864303589 0.37556982040405273 0.007291666666666667 0.012962962962962963
2 0.849511981010437 0.5188377499580383 0.007291666666666667 0.012962962962962963
2 0.8482621908187866 0.6623114347457886 0.007291666666666667 0.012962962962962963
2 0.7394744157791138 0.8441797494888306 0.007291666666666667 0.012962962962962963
2 0.6562291979789734 0.8439306616783142 0.007291666666666667 0.012962962962962963
2 0.5738531947135925 0.8436841368675232 0.007291666666666667 0.012962962962962963
2 0.4096607565879822 0.8431929349899292 0.007291666666666667 0.012962962962962963
2 0.3280981183052063 0.8420856595039368 0.007291666666666667 0.012962962962962963
2 0.24663256108760834 0.8418437838554382 0.007291666666666667 0.012962962962962963
2 0.1429726928472519 0.6631226539611816 0.007291666666666667 0.012962962962962963
2 0.14289306104183197 0.523157000541687 0.007291666666666667 0.012962962962962963
2 0.143064484000206 0.3821107745170593 0.007291666666666667 0.012962962962962963
