4 0.35467591881752014 0.6963008642196655 0.023958333333333335 0.04259259259259259
0 0.6322593688964844 0.5130642652511597 0.0234375 0.041666666666666664
1 0.7780414819717407 0.526325523853302 0.024479166666666666 0.041666666666666664
3 0.8327537178993225 0.5491344928741455 0.024479166666666666 0.040740740740740744
3 0.8663148880004883 0.5145464539527893 0.025 0.04259259259259259
3 0.8893354535102844 0.38170039653778076 0.024479166666666666 0.041666666666666664
2 0.9329594969749451 0.66852867603302 0.007291666666666667 0.012962962962962963
2 0.9298641085624695 0.4900805950164795 0.007291666666666667 0.012962962962962963
2 0.9272840023040771 0.3121183216571808 0.007291666666666667 0.012962962962962963
2 0.8006918430328369 0.09782092273235321 0.007291666666666667 0.012962962962962963
2 0.6992038488388062 0.09879543632268906 0.007291666666666667 0.012962962962962963
2 0.5976427793502808 0.09933324158191681 0.007291666666666667 0.012962962962962963
2 0.39300867915153503 0.09599120169878006 0.007291666666666667 0.012962962962962963
2 0.29046428203582764 0.09519868344068527 0.007291666666666667 0.012962962962962963
2 0.18681150674819946 0.09307045489549637 0.007291666666666667 0.012962962962962963
2 0.057549286633729935 0.31163665652275085 0.007291666666666667 0.012962962962962963
2 0.05687008053064346 0.4920402765274048 0.007291666666666667 0.012962962962962963
2 0.05618896335363388 0.6729578375816345 0.007291666666666667 0.012962962962962963
2 0.186373770236969 0.8945994973182678 0.007291666666666667 0.012962962962962963
2 0.29223233461380005 0.8940938711166382 0.007291666666666667 0.012962962962962963
2 0.3959197402000427 0.8909205794334412 0.007291666666666667 0.012962962962962963
2 0.6030903458595276 0.890397846698761 0.007291666666666667 0.012962962962962963
2 0.7050241827964783 0.8903708457946777 0.007291666666666667 0.012962962962962963
2 0.8089276552200317 0.8894338011741638 0.007291666666666667 0.012962962962962963
