4 0.3674233853816986 0.707974910736084 0.023958333333333335 0.04259259259259259
0 0.6371753811836243 0.5221964716911316 0.0234375 0.041666666666666664
1 0.7761046886444092 0.5311473608016968 0.024479166666666666 0.041666666666666664
3 0.827739417552948 0.551711916923523 0.024479166666666666 0.040740740740740744
3 0.8602014183998108 0.5174246430397034 0.025 0.04259259259259259
3 0.8843691945075989 0.388542115688324 0.024479166666666666 0.041666666666666664
2 0.9206268191337585 0.6639885306358337 0.007291666666666667 0.012962962962962963
2 0.9208657145500183 0.4921562373638153 0.007291666666666667 0.012962962962962963
2 0.9215847849845886 0.3204112648963928 0.007291666666666667 0.012962962962962963
2 0.8050004243850708 0.11546498537063599 0.007291666666666667 0.012962962962962963
2 0.7080524563789368 0.11835324019193649 0.007291666666666667 0.012962962962962963
2 0.6106775999069214 0.12082809209823608 0.007291666666666667 0.012962962962962963
2 0.4134283661842346 0.12151311337947845 0.007291666666666667 0.012962962962962963
2 0.31400272250175476 0.12272314727306366 0.007291666666666667 0.012962962962962963
2 0.21313272416591644 0.12264753133058548 0.007291666666666667 0.012962962962962963
2 0.08386370539665222 0.34007880091667175 0.007291666666666667 0.012962962962962963
2 0.08081995695829391 0.5170741081237793 0.007291666666666667 0.012962962962962963
2 0.07777385413646698 0.6942059397697449 0.007291666666666667 0.012962962962962963
2 0.20158621668815613 0.9062546491622925 0.007291666666666667 0.012962962962962963
2 0.30418428778648376 0.9021798372268677 0.007291666666666667 0.012962962962962963
2 0.4043284058570862 0.895608127117157 0.007291666666666667 0.012962962962962963
2 0.60318922996521 0.8881706595420837 0.007291666666666667 0.012962962962962963
2 0.700473964214325 0.8847540020942688 0.007291666666666667 0.012962962962962963
2 0.7992786169052124 0.880409300327301 0.007291666666666667 0.012962962962962963
