4 0.35917872190475464 0.7038248777389526 0.023958333333333335 0.04259259259259259
0 0.6320685148239136 0.5269263386726379 0.0234375 0.041666666666666664
1 0.774938702583313 0.5411445498466492 0.024479166666666666 0.041666666666666664
3 0.8282595276832581 0.5639108419418335 0.024479166666666666 0.040740740740740744
3 0.8614904284477234 0.5303496718406677 0.025 0.04259259259259259
3 0.8856728672981262 0.4000442624092102 0.024479166666666666 0.041666666666666664
2 0.9245995283126831 0.6809980869293213 0.007291666666666667 0.012962962962962963
2 0.9239805340766907 0.5069247484207153 0.007291666666666667 0.012962962962962963
2 0.9238556027412415 0.33170464634895325 0.007291666666666667 0.012962962962962963
2 0.8015347719192505 0.11710521578788757 0.007291666666666667 0.012962962962962963
2 0.7009567022323608 0.1169135794043541 0.007291666666666667 0.012962962962962963
2 0.6001649498939514 0.11628295481204987 0.007291666666666667 0.012962962962962963
2 0.3966352343559265 0.11056504398584366 0.007291666666666667 0.012962962962962963
2 0.2944047152996063 0.10857973992824554 0.007291666666666667 0.012962962962962963
2 0.1909017562866211 0.10523469001054764 0.007291666666666667 0.012962962962962963
2 0.06359449774026871 0.32258132100105286 0.007291666666666667 0.012962962962962963
2 0.06453882902860641 0.5013279914855957 0.007291666666666667 0.012962962962962963
2 0.06547699123620987 0.6788972020149231 0.007291666666666667 0.012962962962962963
2 0.1949349045753479 0.8949240446090698 0.007291666666666667 0.012962962962962963
2 0.2984362244606018 0.8950450420379639 0.007291666666666667 0.012962962962962963
2 0.3996652066707611 0.8925832509994507 0.007291666666666667 0.012962962962962963
2 0.6014958620071411 0.8932721018791199 0.007291666666666667 0.012962962962962963
2 0.7005838751792908 0.8938316106796265 0.007291666666666667 0.012962962962962963
2 0.801447868347168 0.8935272693634033 0.007291666666666667 0.012962962962962963
