3 0.3025835156440735 0.3689250946044922 0.0203125 0.03611111111111111
3 0.4426809251308441 0.27202579379081726 0.018229166666666668 0.03148148148148148
4 0.4339720904827118 0.28415510058403015 0.0203125 0.03425925925925926
3 0.5865323543548584 0.26583409309387207 0.019270833333333334 0.03518518518518519
1 0.5762554407119751 0.38684380054473877 0.021354166666666667 0.03796296296296296
3 0.5710620880126953 0.4389568567276001 0.021875 0.03796296296296296
3 0.6231451630592346 0.4607903063297272 0.022395833333333334 0.03888888888888889
4 0.27481573820114136 0.46406668424606323 0.022395833333333334 0.03888888888888889
0 0.31801638007164 0.5042076110839844 0.022916666666666665 0.03796296296296296
4 0.5731308460235596 0.533385157585144 0.022916666666666665 0.040740740740740744
4 0.6376619935035706 0.524734377861023 0.022395833333333334 0.041666666666666664
3 0.6631138324737549 0.535097599029541 0.0234375 0.03981481481481482
4 0.3796790540218353 0.620066225528717 0.023958333333333335 0.044444444444444446
4 0.4973292052745819 0.6995146870613098 0.026041666666666668 0.046296296296296294
3 0.6199812293052673 0.7152708172798157 0.024479166666666666 0.04259259259259259
4 0.6746057868003845 0.6577441096305847 0.023958333333333335 0.044444444444444446
2 0.7879678010940552 0.6343405246734619 0.007291666666666667 0.012962962962962963
2 0.7714368104934692 0.5515449047088623 0.007291666666666667 0.012962962962962963
2 0.7569790482521057 0.4784979820251465 0.007291666666666667 0.012962962962962963
2 0.7314096093177795 0.35063862800598145 0.007291666666666667 0.012962962962962963
2 0.7205055356025696 0.2947272062301636 0.007291666666666667 0.012962962962962963
2 0.7099596261978149 0.24337418377399445 0.007291666666666667 0.012962962962962963
2 0.5715978145599365 0.19117026031017303 0.007291666666666667 0.012962962962962963
2 0.47409072518348694 0.19748473167419434 0.007291666666666667 0.012962962962962963
2 0.3780503571033478 0.2041160613298416 0.007291666666666667 0.012962962962962963
2 0.24654528498649597 0.27129390835762024 0.007291666666666667 0.012962962962962963
2 0.2369077056646347 0.3230763077735901 0.007291666666666667 0.012962962962962963
2 0.22697608172893524 0.37788474559783936 0.007291666666666667 0.012962962962962963
2 0.20470485091209412 0.5025621056556702 0.007291666666666667 0.012962962962962963
2 0.19210344552993774 0.5729494094848633 0.007291666666666667 0.012962962962962963
2 0.17789535224437714 0.6532617807388306 0.007291666666666667 0.012962962962962963
2 0.3348974287509918 0.7636228203773499 0.007291666666666667 0.012962962962962963
2 0.4767087399959564 0.7595977187156677 0.007291666666666667 0.012962962962962963
2 0.6219989657402039 0.7567914724349976 0.007291666666666667 0.012962962962962963
