0 0.38796883821487427 0.5942900776863098 0.023958333333333335 0.041666666666666664
1 0.47848841547966003 0.4289188086986542 0.021354166666666667 0.03888888888888889
3 0.6361551880836487 0.7460065484046936 0.025 0.03518518518518519
2 0.7936956882476807 0.6646633744239807 0.007291666666666667 0.012962962962962963
2 0.7796217203140259 0.5829208493232727 0.007291666666666667 0.012962962962962963
2 0.7670129537582397 0.5075292587280273 0.007291666666666667 0.012962962962962963
2 0.7458201050758362 0.37860915064811707 0.007291666666666667 0.012962962962962963
2 0.7370456457138062 0.3210706412792206 0.007291666666666667 0.012962962962962963
2 0.728441059589386 0.26841431856155396 0.007291666666666667 0.012962962962962963
2 0.5916479229927063 0.2109782099723816 0.007291666666666667 0.012962962962962963
2 0.49367567896842957 0.21385028958320618 0.007291666666666667 0.012962962962962963
2 0.3973596692085266 0.21752117574214935 0.007291666666666667 0.012962962962962963
2 0.26365604996681213 0.2828060984611511 0.007291666666666667 0.012962962962962963
2 0.25333282351493835 0.33479446172714233 0.007291666666666667 0.012962962962962963
2 0.2424403578042984 0.39014431834220886 0.007291666666666667 0.012962962962962963
2 0.21805724501609802 0.5172476768493652 0.007291666666666667 0.012962962962962963
2 0.2040511518716812 0.590262234210968 0.007291666666666667 0.012962962962962963
2 0.18844617903232574 0.6691546440124512 0.007291666666666667 0.012962962962962963
2 0.3435021638870239 0.7828441262245178 0.007291666666666667 0.012962962962962963
2 0.48422104120254517 0.7815729379653931 0.007291666666666667 0.012962962962962963
2 0.6263913512229919 0.7820101976394653 0.007291666666666667 0.012962962962962963
