0 0.6108530163764954 0.59423828125 0.023958333333333335 0.041666666666666664
1 0.5197268724441528 0.42670881748199463 0.021354166666666667 0.03888888888888889
3 0.357902467250824 0.7525085210800171 0.025 0.03518518518518519
2 0.20247167348861694 0.6729608178138733 0.007291666666666667 0.012962962962962963
2 0.21667298674583435 0.5907593965530396 0.007291666666666667 0.012962962962962963
2 0.22945711016654968 0.5146463513374329 0.007291666666666667 0.012962962962962963
2 0.251067578792572 0.3838235139846802 0.007291666666666667 0.012962962962962963
2 0.2600788474082947 0.3251829147338867 0.007291666666666667 0.012962962962962963
2 0.2689198851585388 0.2713487148284912 0.007291666666666667 0.012962962962962963
2 0.4065667688846588 0.206996887922287 0.007291666666666667 0.012962962962962963
2 0.5062517523765564 0.20570600032806396 0.007291666666666667 0.012962962962962963
2 0.6053574085235596 0.20530301332473755 0.007291666666666667 0.012962962962962963
2 0.7439843416213989 0.26771286129951477 0.007291666666666667 0.012962962962962963
2 0.7541255354881287 0.3216252624988556 0.007291666666666667 0.012962962962962963
2 0.7648138403892517 0.378998339176178 0.007291666666666667 0.012962962962962963
2 0.7886741161346436 0.5106501579284668 0.007291666666666667 0.012962962962962963
2 0.8023660182952881 0.5862016081809998 0.007291666666666667 0.012962962962962963
2 0.8176451325416565 0.6677648425102234 0.007291666666666667 0.012962962962962963
2 0.6545179486274719 0.7868863344192505 0.007291666666666667 0.012962962962962963
2 0.5105203986167908 0.7869095206260681 0.007291666666666667 0.012962962962962963
2 0.3673958480358124 0.7886658310890198 0.007291666666666667 0.012962962962962963
