4 0.8127301335334778 0.7584801316261292 0.015625 0.027777777777777776
1 0.8148945569992065 0.6874822378158569 0.016666666666666666 0.027777777777777776
3 0.8131476044654846 0.6513873338699341 0.015625 0.026851851851851852
4 0.7934675812721252 0.5275790691375732 0.016145833333333335 0.027777777777777776
4 0.713643491268158 0.4014793634414673 0.015625 0.027777777777777776
4 0.6252086758613586 0.6695878505706787 0.015104166666666667 0.026851851851851852
4 0.6283694505691528 0.6202552914619446 0.015625 0.027777777777777776
0 0.5822173357009888 0.31931591033935547 0.015625 0.026851851851851852
4 0.5288121104240417 0.26072338223457336 0.015104166666666667 0.027777777777777776
3 0.3988105058670044 0.2826048731803894 0.015104166666666667 0.027777777777777776
4 0.27684372663497925 0.4542158544063568 0.015625 0.028703703703703703
2 0.14221136271953583 0.6544134616851807 0.007291666666666667 0.012962962962962963
2 0.14272035658359528 0.5118457078933716 0.007291666666666667 0.012962962962962963
2 0.14194875955581665 0.36754971742630005 0.007291666666666667 0.012962962962962963
2 0.24953290820121765 0.18370190262794495 0.007291666666666667 0.012962962962962963
2 0.3332105875015259 0.1831246167421341 0.007291666666666667 0.012962962962962963
2 0.4168611466884613 0.18211162090301514 0.007291666666666667 0.012962962962962963
2 0.5840815901756287 0.1805223822593689 0.007291666666666667 0.012962962962962963
2 0.6681651473045349 0.18037810921669006 0.007291666666666667 0.012962962962962963
2 0.7514541149139404 0.17980358004570007 0.007291666666666667 0.012962962962962963
2 0.8588436841964722 0.3627921938896179 0.007291666666666667 0.012962962962962963
2 0.859226405620575 0.5064575672149658 0.007291666666666667 0.012962962962962963
2 0.8590860366821289 0.6488286852836609 0.007291666666666667 0.012962962962962963
2 0.7526878714561462 0.8327136635780334 0.007291666666666667 0.012962962962962963
2 0.6687917709350586 0.8338385224342346 0.007291666666666667 0.012962962962962963
2 0.5851256251335144 0.8349615931510925 0.007291666666666667 0.012962962962962963
2 0.41796746850013733 0.8363222479820251 0.007291666666666667 0.012962962962962963
2 0.33421993255615234 0.8374463319778442 0.007291666666666667 0.012962962962962963
2 0.2504459321498871 0.8368009924888611 0.007291666666666667 0.012962962962962963
