4 0.8064368963241577 0.7533819675445557 0.015625 0.027777777777777776
1 0.8091514110565186 0.6824502944946289 0.016666666666666666 0.027777777777777776
3 0.8077496886253357 0.6463971734046936 0.015625 0.026851851851851852
4 0.7895265221595764 0.5227475762367249 0.016145833333333335 0.027777777777777776
4 0.7122440934181213 0.3975967466831207 0.015625 0.027777777777777776
4 0.6238254308700562 0.6685371398925781 0.015104166666666667 0.026851851851851852
4 0.6272157430648804 0.6190953254699707 0.015625 0.027777777777777776
0 0.5836805105209351 0.3174096345901489 0.015625 0.026851851851851852
4 0.5314565896987915 0.25927603244781494 0.015104166666666667 0.027777777777777776
3 0.40342751145362854 0.2840304970741272 0.015104166666666667 0.027777777777777776
4 0.2830943465232849 0.45965731143951416 0.015625 0.028703703703703703
2 0.15083694458007812 0.6634768843650818 0.007291666666666667 0.012962962962962963
2 0.151289165019989 0.5204033851623535 0.007291666666666667 0.012962962962962963
2 0.15048208832740784 0.3750627636909485 0.007291666666666667 0.012962962962962963
2 0.2565518319606781 0.18688616156578064 0.007291666666666667 0.012962962962962963
2 0.33906665444374084 0.1846238076686859 0.007291666666666667 0.012962962962962963
2 0.42152681946754456 0.1819210797548294 0.007291666666666667 0.012962962962962963
2 0.5862800478935242 0.17696264386177063 0.007291666666666667 0.012962962962962963
2 0.6690751314163208 0.1751343160867691 0.007291666666666667 0.012962962962962963
2 0.7510610222816467 0.17288661003112793 0.007291666666666667 0.012962962962962963
2 0.8550454378128052 0.355653315782547 0.007291666666666667 0.012962962962962963
2 0.8541107177734375 0.5001854300498962 0.007291666666666667 0.012962962962962963
2 0.8526800870895386 0.6428773403167725 0.007291666666666667 0.012962962962962963
2 0.7472451329231262 0.8286312818527222 0.007291666666666667 0.012962962962962963
2 0.665378212928772 0.8315353989601135 0.007291666666666667 0.012962962962962963
2 0.5837079286575317 0.834433913230896 0.007291666666666667 0.012962962962962963
2 0.42045772075653076 0.8393480181694031 0.007291666666666667 0.012962962962962963
2 0.33862408995628357 0.8422519564628601 0.007291666666666667 0.012962962962962963
2 0.2567387819290161 0.8433944582939148 0.007291666666666667 0.012962962962962963
