4 0.8134395480155945 0.7694129943847656 0.015625 0.027777777777777776
1 0.8161761164665222 0.6969382762908936 0.016666666666666666 0.027777777777777776
3 0.8147266507148743 0.6600043773651123 0.015625 0.026851851851851852
4 0.7960360646247864 0.5328461527824402 0.016145833333333335 0.027777777777777776
4 0.7168664932250977 0.4022679924964905 0.015625 0.027777777777777776
4 0.626714289188385 0.6776735782623291 0.015104166666666667 0.026851851851851852
4 0.6301087737083435 0.6271106004714966 0.015625 0.027777777777777776
0 0.5850151181221008 0.3161675035953522 0.015625 0.026851851851851852
4 0.5313227772712708 0.2548328936100006 0.015104166666666667 0.027777777777777776
3 0.3998964726924896 0.276573121547699 0.015104166666666667 0.027777777777777776
4 0.27677688002586365 0.4538417160511017 0.015625 0.028703703703703703
2 0.14160731434822083 0.6596037149429321 0.007291666666666667 0.012962962962962963
2 0.1414743810892105 0.5125965476036072 0.007291666666666667 0.012962962962962963
2 0.14003515243530273 0.3629882037639618 0.007291666666666667 0.012962962962962963
2 0.24851226806640625 0.17211949825286865 0.007291666666666667 0.012962962962962963
2 0.3334285616874695 0.17224107682704926 0.007291666666666667 0.012962962962962963
2 0.4182208478450775 0.1719069927930832 0.007291666666666667 0.012962962962962963
2 0.5874366760253906 0.17169508337974548 0.007291666666666667 0.012962962962962963
2 0.6723755598068237 0.17227183282375336 0.007291666666666667 0.012962962962962963
2 0.7564176917076111 0.17239247262477875 0.007291666666666667 0.012962962962962963
2 0.8629596829414368 0.36329081654548645 0.007291666666666667 0.012962962962962963
2 0.8620384335517883 0.5115223526954651 0.007291666666666667 0.012962962962962963
2 0.8606117367744446 0.6576250791549683 0.007291666666666667 0.012962962962962963
2 0.7530552744865417 0.8447596430778503 0.007291666666666667 0.012962962962962963
2 0.6694327592849731 0.8455744385719299 0.007291666666666667 0.012962962962962963
2 0.5859472751617432 0.8463892340660095 0.007291666666666667 0.012962962962962963
2 0.41887426376342773 0.8471195101737976 0.007291666666666667 0.012962962962962963
2 0.3350287973880768 0.8479371666908264 0.007291666666666667 0.012962962962962963
2 0.2510595917701721 0.8469499945640564 0.007291666666666667 0.012962962962962963
