1 0.7847015261650085 0.3943493366241455 0.016145833333333335 0.028703703703703703
4 0.7880172729492188 0.5333585143089294 0.016145833333333335 0.028703703703703703
0 0.5780095458030701 0.31790417432785034 0.015625 0.028703703703703703
4 0.5952919125556946 0.7261434197425842 0.016145833333333335 0.028703703703703703
4 0.5395117998123169 0.5056811571121216 0.016145833333333335 0.027777777777777776
3 0.25053346157073975 0.5548490285873413 0.016145833333333335 0.027777777777777776
2 0.14360298216342926 0.6528738737106323 0.007291666666666667 0.012962962962962963
2 0.14215412735939026 0.5085740089416504 0.007291666666666667 0.012962962962962963
2 0.14069734513759613 0.36356255412101746 0.007291666666666667 0.012962962962962963
2 0.24570441246032715 0.17466965317726135 0.007291666666666667 0.012962962962962963
2 0.32931044697761536 0.17394433915615082 0.007291666666666667 0.012962962962962963
2 0.41312652826309204 0.17367029190063477 0.007291666666666667 0.012962962962962963
2 0.5811269283294678 0.17312102019786835 0.007291666666666667 0.012962962962962963
2 0.6658257842063904 0.1732988953590393 0.007291666666666667 0.012962962962962963
2 0.7507383823394775 0.1730218529701233 0.007291666666666667 0.012962962962962963
2 0.8563001155853271 0.3641350269317627 0.007291666666666667 0.012962962962962963
2 0.854122519493103 0.5102272033691406 0.007291666666666667 0.012962962962962963
2 0.8519574403762817 0.6555916666984558 0.007291666666666667 0.012962962962962963
2 0.7430943250656128 0.8382650017738342 0.007291666666666667 0.012962962962962963
2 0.6602424383163452 0.8381621241569519 0.007291666666666667 0.012962962962962963
2 0.577596127986908 0.8376216888427734 0.007291666666666667 0.012962962962962963
2 0.4141659140586853 0.8361160755157471 0.007291666666666667 0.012962962962962963
2 0.33211687207221985 0.8355801105499268 0.007291666666666667 0.012962962962962963
2 0.250264436006546 0.8346095681190491 0.007291666666666667 0.012962962962962963
