1 0.7801645398139954 0.39882099628448486 0.016145833333333335 0.028703703703703703
4 0.786085844039917 0.5368620157241821 0.016145833333333335 0.028703703703703703
0 0.5727762579917908 0.31847867369651794 0.015625 0.028703703703703703
4 0.5951071381568909 0.7253166437149048 0.016145833333333335 0.028703703703703703
4 0.5364373922348022 0.503112256526947 0.016145833333333335 0.027777777777777776
3 0.2472425103187561 0.5448455214500427 0.016145833333333335 0.027777777777777776
2 0.1399454027414322 0.6401157379150391 0.007291666666666667 0.012962962962962963
2 0.13880863785743713 0.4961177110671997 0.007291666666666667 0.012962962962962963
2 0.1376761943101883 0.3527615964412689 0.007291666666666667 0.012962962962962963
2 0.24196764826774597 0.17055325210094452 0.007291666666666667 0.012962962962962963
2 0.32471275329589844 0.17182491719722748 0.007291666666666667 0.012962962962962963
2 0.40770387649536133 0.17354105412960052 0.007291666666666667 0.012962962962962963
2 0.5741639733314514 0.17698319256305695 0.007291666666666667 0.012962962962962963
2 0.6581501364707947 0.17916253209114075 0.007291666666666667 0.012962962962962963
2 0.742381751537323 0.18090496957302094 0.007291666666666667 0.012962962962962963
2 0.8511165380477905 0.37074533104896545 0.007291666666666667 0.012962962962962963
2 0.851990282535553 0.5154659152030945 0.007291666666666667 0.012962962962962963
2 0.8528693914413452 0.6608338952064514 0.007291666666666667 0.012962962962962963
2 0.7463333010673523 0.8427035212516785 0.007291666666666667 0.012962962962962963
2 0.6623464226722717 0.8404353260993958 0.007291666666666667 0.012962962962962963
2 0.5786029696464539 0.8377289175987244 0.007291666666666667 0.012962962962962963
2 0.41312581300735474 0.8319376111030579 0.007291666666666667 0.012962962962962963
2 0.3301146924495697 0.8292555212974548 0.007291666666666667 0.012962962962962963
2 0.2473437488079071 0.826138973236084 0.007291666666666667 0.012962962962962963
