1 0.4155600965023041 0.24793170392513275 0.023958333333333335 0.04259259259259259
4 0.18332017958164215 0.8151516318321228 0.025520833333333333 0.044444444444444446
4 0.5103141665458679 0.27213531732559204 0.023958333333333335 0.04259259259259259
4 0.6462420225143433 0.8159515261650085 0.024479166666666666 0.041666666666666664
3 0.6904109716415405 0.8291901350021362 0.023958333333333335 0.04259259259259259
0 0.8085764646530151 0.8212377429008484 0.0234375 0.04259259259259259
4 0.80809086561203 0.7788988947868347 0.025 0.041666666666666664
4 0.7707709670066833 0.372419536113739 0.025 0.04259259259259259
2 0.9221506714820862 0.6743037700653076 0.007291666666666667 0.012962962962962963
2 0.9221286773681641 0.49343132972717285 0.007291666666666667 0.012962962962962963
2 0.9213100671768188 0.31368201971054077 0.007291666666666667 0.012962962962962963
2 0.7921789884567261 0.09794959425926208 0.007291666666666667 0.012962962962962963
2 0.6878677606582642 0.10346897691488266 0.007291666666666667 0.012962962962962963
2 0.5850692391395569 0.10846919566392899 0.007291666666666667 0.012962962962962963
2 0.3823786973953247 0.1156919002532959 0.007291666666666667 0.012962962962962963
2 0.2822096645832062 0.11970086395740509 0.007291666666666667 0.012962962962962963
2 0.18198877573013306 0.12415151298046112 0.007291666666666667 0.012962962962962963
2 0.05890382081270218 0.3427651822566986 0.007291666666666667 0.012962962962962963
2 0.05876922607421875 0.5150078535079956 0.007291666666666667 0.012962962962962963
2 0.0583978034555912 0.690459668636322 0.007291666666666667 0.012962962962962963
2 0.18148460984230042 0.903441846370697 0.007291666666666667 0.012962962962962963
2 0.28213170170783997 0.9009519815444946 0.007291666666666667 0.012962962962962963
2 0.3827403485774994 0.8997558951377869 0.007291666666666667 0.012962962962962963
2 0.5858265161514282 0.8991006016731262 0.007291666666666667 0.012962962962962963
2 0.6883112788200378 0.8983290791511536 0.007291666666666667 0.012962962962962963
2 0.7936060428619385 0.897981584072113 0.007291666666666667 0.012962962962962963
