1 0.5592199563980103 0.22885707020759583 0.023958333333333335 0.04259259259259259
4 0.8098939061164856 0.8142971396446228 0.025520833333333333 0.044444444444444446
4 0.46489840745925903 0.25734996795654297 0.023958333333333335 0.04259259259259259
4 0.34112629294395447 0.8135594725608826 0.024479166666666666 0.041666666666666664
3 0.29830920696258545 0.826836109161377 0.023958333333333335 0.04259259259259259
0 0.18434444069862366 0.8183434009552002 0.0234375 0.04259259259259259
4 0.18408653140068054 0.7758028507232666 0.025 0.041666666666666664
4 0.2127896100282669 0.3674919009208679 0.025 0.04259259259259259
2 0.07440690696239471 0.6716195940971375 0.007291666666666667 0.012962962962962963
2 0.07150746881961823 0.49189403653144836 0.007291666666666667 0.012962962962962963
2 0.0693783387541771 0.31368061900138855 0.007291666666666667 0.012962962962962963
2 0.18766286969184875 0.09407258033752441 0.007291666666666667 0.012962962962962963
2 0.2877974510192871 0.09444458782672882 0.007291666666666667 0.012962962962962963
2 0.38799163699150085 0.09437243640422821 0.007291666666666667 0.012962962962962963
2 0.5900485515594482 0.09151818603277206 0.007291666666666667 0.012962962962962963
2 0.6922109127044678 0.09053018689155579 0.007291666666666667 0.012962962962962963
2 0.7960041761398315 0.08998510986566544 0.007291666666666667 0.012962962962962963
2 0.9306158423423767 0.3141094148159027 0.007291666666666667 0.012962962962962963
2 0.9347604513168335 0.49626079201698303 0.007291666666666667 0.012962962962962963
2 0.9392427802085876 0.6822613477706909 0.007291666666666667 0.012962962962962963
2 0.8137830495834351 0.9073567986488342 0.007291666666666667 0.012962962962962963
2 0.7088916301727295 0.9036914110183716 0.007291666666666667 0.012962962962962963
2 0.6056643724441528 0.9014257788658142 0.007291666666666667 0.012962962962962963
2 0.4020388722419739 0.8987550139427185 0.007291666666666667 0.012962962962962963
2 0.3015930950641632 0.8969902396202087 0.007291666666666667 0.012962962962962963
2 0.199973002076149 0.8956530690193176 0.007291666666666667 0.012962962962962963
