1 0.42544320225715637 0.2433270514011383 0.023958333333333335 0.04259259259259259
4 0.19520092010498047 0.8139280676841736 0.025520833333333333 0.044444444444444446
4 0.5211620330810547 0.268033891916275 0.023958333333333335 0.04259259259259259
4 0.6660130620002747 0.8002995848655701 0.024479166666666666 0.041666666666666664
3 0.7095577120780945 0.8119207620620728 0.023958333333333335 0.04259259259259259
0 0.8238733410835266 0.80058753490448 0.0234375 0.04259259259259259
4 0.8225483298301697 0.7595527768135071 0.025 0.041666666666666664
4 0.778496503829956 0.3668587803840637 0.025 0.04259259259259259
2 0.9290144443511963 0.656038761138916 0.007291666666666667 0.012962962962962963
2 0.9252091646194458 0.48270076513290405 0.007291666666666667 0.012962962962962963
2 0.920687735080719 0.3109368681907654 0.007291666666666667 0.012962962962962963
2 0.7935914993286133 0.10291697084903717 0.007291666666666667 0.012962962962962963
2 0.6930040717124939 0.10618112981319427 0.007291666666666667 0.012962962962962963
2 0.5923827886581421 0.10901840776205063 0.007291666666666667 0.012962962962962963
2 0.38949477672576904 0.11213210225105286 0.007291666666666667 0.012962962962962963
2 0.28699493408203125 0.11414293199777603 0.007291666666666667 0.012962962962962963
2 0.18292084336280823 0.1166258305311203 0.007291666666666667 0.012962962962962963
2 0.0560949333012104 0.3359435498714447 0.007291666666666667 0.012962962962962963
2 0.058492470532655716 0.5112486481666565 0.007291666666666667 0.012962962962962963
2 0.06069119647145271 0.6903651356697083 0.007291666666666667 0.012962962962962963
2 0.19466857612133026 0.9036867022514343 0.007291666666666667 0.012962962962962963
2 0.2998238205909729 0.897285521030426 0.007291666666666667 0.012962962962962963
2 0.40340396761894226 0.8922765254974365 0.007291666666666667 0.012962962962962963
2 0.6079218983650208 0.8841235041618347 0.007291666666666667 0.012962962962962963
2 0.7088552713394165 0.8796678185462952 0.007291666666666667 0.012962962962962963
2 0.8110283017158508 0.8755905032157898 0.007291666666666667 0.012962962962962963
