0 0.419903427362442 0.3204776644706726 0.015104166666666667 0.026851851851851852
1 0.2992067337036133 0.7275301218032837 0.015625 0.027777777777777776
4 0.4032096862792969 0.7308946847915649 0.015625 0.028703703703703703
4 0.4590258300304413 0.5087588429450989 0.0171875 0.030555555555555555
3 0.7530199885368347 0.555321216583252 0.015625 0.026851851851851852
2 0.862654983997345 0.655350923538208 0.007291666666666667 0.012962962962962963
2 0.8624661564826965 0.5093595385551453 0.007291666666666667 0.012962962962962963
2 0.8625378012657166 0.36442962288856506 0.007291666666666667 0.012962962962962963
2 0.7544307708740234 0.17685389518737793 0.007291666666666667 0.012962962962962963
2 0.6698896884918213 0.17684857547283173 0.007291666666666667 0.012962962962962963
2 0.5854693651199341 0.17729052901268005 0.007291666666666667 0.012962962962962963
2 0.4162061810493469 0.1772778481245041 0.007291666666666667 0.012962962962962963
2 0.33137619495391846 0.17907047271728516 0.007291666666666667 0.012962962962962963
2 0.24666157364845276 0.17996446788311005 0.007291666666666667 0.012962962962962963
2 0.13955192267894745 0.3695448637008667 0.007291666666666667 0.012962962962962963
2 0.14120928943157196 0.5168284177780151 0.007291666666666667 0.012962962962962963
2 0.14258982241153717 0.6620416045188904 0.007291666666666667 0.012962962962962963
2 0.2526344358921051 0.8463728427886963 0.007291666666666667 0.012962962962962963
2 0.33724015951156616 0.8453822731971741 0.007291666666666667 0.012962962962962963
2 0.4214516282081604 0.8448418378829956 0.007291666666666667 0.012962962962962963
2 0.5881723761558533 0.8433340787887573 0.007291666666666667 0.012962962962962963
2 0.6719674468040466 0.8414633870124817 0.007291666666666667 0.012962962962962963
2 0.7553720474243164 0.840042769908905 0.007291666666666667 0.012962962962962963
