0 0.5832280516624451 0.31241002678871155 0.015104166666666667 0.026851851851851852
1 0.707520067691803 0.7171282768249512 0.015625 0.027777777777777776
4 0.6033313274383545 0.7218219041824341 0.015625 0.028703703703703703
4 0.5456095933914185 0.5000142455101013 0.0171875 0.030555555555555555
3 0.25028297305107117 0.5495957136154175 0.015625 0.026851851851851852
2 0.13952220976352692 0.6514273285865784 0.007291666666666667 0.012962962962962963
2 0.1396077573299408 0.5046005249023438 0.007291666666666667 0.012962962962962963
2 0.1394309103488922 0.3595545291900635 0.007291666666666667 0.012962962962962963
2 0.2478971779346466 0.17226015031337738 0.007291666666666667 0.012962962962962963
2 0.3326162099838257 0.17177894711494446 0.007291666666666667 0.012962962962962963
2 0.41703519225120544 0.17174166440963745 0.007291666666666667 0.012962962962962963
2 0.585748016834259 0.1707804948091507 0.007291666666666667 0.012962962962962963
2 0.6700473427772522 0.1720731407403946 0.007291666666666667 0.012962962962962963
2 0.7540467381477356 0.172479048371315 0.007291666666666667 0.012962962962962963
2 0.8623872995376587 0.3588443398475647 0.007291666666666667 0.012962962962962963
2 0.8626185059547424 0.504926323890686 0.007291666666666667 0.012962962962962963
2 0.863099992275238 0.6496608257293701 0.007291666666666667 0.012962962962962963
2 0.7554083466529846 0.8359350562095642 0.007291666666666667 0.012962962962962963
2 0.6705731153488159 0.83613520860672 0.007291666666666667 0.012962962962962963
2 0.5859569907188416 0.8367841839790344 0.007291666666666667 0.012962962962962963
2 0.41789764165878296 0.837630569934845 0.007291666666666667 0.012962962962962963
2 0.33315661549568176 0.8369309902191162 0.007291666666666667 0.012962962962962963
2 0.24863535165786743 0.8366804718971252 0.007291666666666667 0.012962962962962963
