0 0.5892390608787537 0.3042498230934143 0.015104166666666667 0.026851851851851852
1 0.7109405398368835 0.7146783471107483 0.015625 0.027777777777777776
4 0.6076942086219788 0.7186813950538635 0.015625 0.028703703703703703
4 0.5512381792068481 0.4938391149044037 0.0171875 0.030555555555555555
3 0.2575083374977112 0.5416193008422852 0.015625 0.026851851851851852
2 0.1468571275472641 0.6439985632896423 0.007291666666666667 0.012962962962962963
2 0.14737071096897125 0.49507057666778564 0.007291666666666667 0.012962962962962963
2 0.14761760830879211 0.34787845611572266 0.007291666666666667 0.012962962962962963
2 0.25629809498786926 0.1588391810655594 0.007291666666666667 0.012962962962962963
2 0.34066465497016907 0.15922844409942627 0.007291666666666667 0.012962962962962963
2 0.42464902997016907 0.16006433963775635 0.007291666666666667 0.012962962962962963
2 0.5922514796257019 0.16083426773548126 0.007291666666666667 0.012962962962962963
2 0.6758673787117004 0.1630135029554367 0.007291666666666667 0.012962962962962963
2 0.759108304977417 0.16429013013839722 0.007291666666666667 0.012962962962962963
2 0.865600049495697 0.35383668541908264 0.007291666666666667 0.012962962962962963
2 0.8652384877204895 0.501462459564209 0.007291666666666667 0.012962962962962963
2 0.8651300072669983 0.6476609110832214 0.007291666666666667 0.012962962962962963
2 0.7578864693641663 0.8350235819816589 0.007291666666666667 0.012962962962962963
2 0.6739029288291931 0.8346800208091736 0.007291666666666667 0.012962962962962963
2 0.5900529623031616 0.834791362285614 0.007291666666666667 0.012962962962962963
2 0.4232747256755829 0.834564745426178 0.007291666666666667 0.012962962962962963
2 0.33906087279319763 0.8333101272583008 0.007291666666666667 0.012962962962962963
2 0.25498178601264954 0.8325104713439941 0.007291666666666667 0.012962962962962963
