1 0.5992834568023682 0.5501243472099304 0.013020833333333334 0.022222222222222223
0 0.4461318254470825 0.646084725856781 0.015625 0.02962962962962963
3 0.5004993081092834 0.668438732624054 0.015625 0.030555555555555555
3 0.5055080056190491 0.6815287470817566 0.0171875 0.03148148148148148
3 0.524506688117981 0.688353419303894 0.0171875 0.032407407407407406
2 0.68711256980896 0.680404007434845 0.007291666666666667 0.009259259259259259
2 0.6774834990501404 0.6530285477638245 0.007291666666666667 0.009259259259259259
2 0.6688934564590454 0.6292195916175842 0.007291666666666667 0.009259259259259259
2 0.6550456881523132 0.5873985886573792 0.007291666666666667 0.009259259259259259
2 0.6485195755958557 0.5689385533332825 0.007291666666666667 0.009259259259259259
2 0.6420163512229919 0.5531626343727112 0.007291666666666667 0.009259259259259259
2 0.5705689191818237 0.5332247018814087 0.007291666666666667 0.009259259259259259
2 0.5179246664047241 0.5318720936775208 0.007291666666666667 0.009259259259259259
2 0.4650977551937103 0.5305148363113403 0.007291666666666667 0.009259259259259259
2 0.3932249844074249 0.547569990158081 0.007291666666666667 0.009259259259259259
2 0.3877483904361725 0.564292311668396 0.007291666666666667 0.009259259259259259
2 0.38176020979881287 0.5814662575721741 0.007291666666666667 0.009259259259259259
2 0.3670276701450348 0.6230550408363342 0.007291666666666667 0.009259259259259259
2 0.35854053497314453 0.6474742293357849 0.007291666666666667 0.009259259259259259
2 0.34827518463134766 0.6746096014976501 0.007291666666666667 0.009259259259259259
2 0.436370849609375 0.7128833532333374 0.007291666666666667 0.009259259259259259
2 0.5186651945114136 0.7149016857147217 0.007291666666666667 0.009259259259259259
2 0.6002622246742249 0.7169084548950195 0.007291666666666667 0.009259259259259259
