1 0.40406739711761475 0.525059163570404 0.013020833333333334 0.022222222222222223
0 0.5594562292098999 0.6244639754295349 0.015625 0.02962962962962963
3 0.5048168897628784 0.6443316340446472 0.015625 0.030555555555555555
3 0.4998707175254822 0.6569554209709167 0.0171875 0.03148148148148148
3 0.48073071241378784 0.6629503965377808 0.0171875 0.032407407407407406
2 0.31589093804359436 0.6492851972579956 0.007291666666666667 0.009259259259259259
2 0.3255082368850708 0.6227894425392151 0.007291666666666667 0.009259259259259259
2 0.3340825140476227 0.5997776389122009 0.007291666666666667 0.009259259259259259
2 0.3478654623031616 0.5593643188476562 0.007291666666666667 0.009259259259259259
2 0.35436105728149414 0.5415627956390381 0.007291666666666667 0.009259259259259259
2 0.36084607243537903 0.5263956189155579 0.007291666666666667 0.009259259259259259
2 0.4329625964164734 0.5096698999404907 0.007291666666666667 0.009259259259259259
2 0.48607853055000305 0.510370135307312 0.007291666666666667 0.009259259259259259
2 0.5392869114875793 0.5110716819763184 0.007291666666666667 0.009259259259259259
2 0.611723005771637 0.530409038066864 0.007291666666666667 0.009259259259259259
2 0.6173948645591736 0.5468888282775879 0.007291666666666667 0.009259259259259259
2 0.6235870718955994 0.5638328194618225 0.007291666666666667 0.009259259259259259
2 0.6388229131698608 0.6048951148986816 0.007291666666666667 0.009259259259259259
2 0.647610068321228 0.6290134787559509 0.007291666666666667 0.009259259259259259
2 0.6582175493240356 0.6558570861816406 0.007291666666666667 0.009259259259259259
2 0.5699284076690674 0.6901053190231323 0.007291666666666667 0.009259259259259259
2 0.48685652017593384 0.6891570687294006 0.007291666666666667 0.009259259259259259
2 0.40426716208457947 0.6882198452949524 0.007291666666666667 0.009259259259259259
