2 0.5961204171180725 0.22435955703258514 0.004985119047619047 0.004876190476190477
2 0.4975768029689789 0.22331251204013824 0.0052976190476190475 0.0044714285714285715
2 0.39863133430480957 0.22241631150245667 0.0056458333333333326 0.0051238095238095235
2 0.2615613639354706 0.27894705533981323 0.005705357142857143 0.005495238095238095
2 0.25206226110458374 0.32816147804260254 0.0056458333333333326 0.005680952380952381
2 0.2416064292192459 0.38158532977104187 0.006345238095238096 0.005495238095238095
2 0.21873009204864502 0.5022523403167725 0.006636904761904762 0.006519047619047619
2 0.20604895055294037 0.5708787441253662 0.006285714285714286 0.006333333333333334
2 0.19146576523780823 0.6464632153511047 0.006869047619047618 0.006704761904761905
2 0.3538748621940613 0.7566004991531372 0.006401785714285715 0.006614285714285715
2 0.49669167399406433 0.7577794194221497 0.006517857142857142 0.006052380952380953
2 0.6395445466041565 0.7593679428100586 0.006693452380952381 0.006704761904761905
2 0.8017289042472839 0.6526363492012024 0.006517857142857142 0.006052380952380953
2 0.7877995371818542 0.5763592720031738 0.006925595238095238 0.006052380952380953
2 0.7748575806617737 0.5074067115783691 0.00587797619047619 0.005776190476190476
2 0.7523587346076965 0.38674744963645935 0.0059375 0.005866666666666667
2 0.7423973679542542 0.33333489298820496 0.005238095238095239 0.005680952380952381
2 0.7330248951911926 0.2839357256889343 0.005470238095238095 0.005776190476190476
4 0.5933771729469299 0.2834097146987915 0.018654761904761903 0.031204761904761905
4 0.6568902730941772 0.3490758538246155 0.019842261904761904 0.03445714285714286
4 0.6821420788764954 0.35142993927001953 0.019163690476190477 0.03364285714285715
4 0.48572346568107605 0.2579788267612457 0.018654761904761903 0.03147619047619047
4 0.2898286283016205 0.5466639399528503 0.0230625 0.03907142857142857
4 0.43409407138824463 0.6214696764945984 0.023741071428571427 0.04042857142857143
3 0.40647587180137634 0.659207284450531 0.02475892857142857 0.03907142857142857
3 0.6266538500785828 0.3402031660079956 0.01933333333333333 0.03229047619047619
3 0.7006305456161499 0.34185123443603516 0.020351190476190474 0.031747619047619045
3 0.7066510319709778 0.5596869587898254 0.023571428571428573 0.038528571428571426
3 0.4110584557056427 0.3777608871459961 0.01949404761904762 0.03324761904761905
3 0.3584418296813965 0.27816006541252136 0.017568452380952383 0.03221904761904762
3 0.30074092745780945 0.2879181206226349 0.01906547619047619 0.030847619047619047
1 0.30406057834625244 0.3240039050579071 0.01906547619047619 0.031876190476190475
0 0.48482733964920044 0.5947327613830566 0.022922619047619046 0.03770476190476191
