3 0.7633466720581055 0.3274793028831482 0.015842261904761904 0.024038095238095237
3 0.7455596923828125 0.2542824149131775 0.017473214285714286 0.029004761904761905
1 0.6840896010398865 0.2651139795780182 0.016657738095238094 0.029004761904761905
3 0.5988839268684387 0.4045269787311554 0.01730952380952381 0.027957142857142857
4 0.8021886944770813 0.4926927983760834 0.01763690476190476 0.025347619047619046
4 0.757646381855011 0.6324487924575806 0.016166666666666666 0.026914285714285717
3 0.6612151265144348 0.6682382225990295 0.016166666666666666 0.023514285714285717
4 0.6482434868812561 0.7046405673027039 0.017145833333333332 0.025347619047619046
4 0.6452337503433228 0.7362592816352844 0.01763690476190476 0.026914285714285717
3 0.6604326367378235 0.7605316638946533 0.015678571428571427 0.026128571428571428
4 0.3671950697898865 0.2865285277366638 0.01743154761904762 0.026104761904761905
3 0.24192926287651062 0.41983067989349365 0.015422619047619048 0.02539047619047619
4 0.28415215015411377 0.44558975100517273 0.016761904761904763 0.027176190476190475
0 0.31404462456703186 0.4963846802711487 0.015422619047619048 0.02681904761904762
3 0.3573880195617676 0.731673002243042 0.015422619047619048 0.025033333333333335
2 0.746028482913971 0.8128858208656311 0.004898809523809524 0.008885714285714285
2 0.6621004343032837 0.8129343390464783 0.0037559523809523807 0.006795238095238095
2 0.5784195065498352 0.8128891587257385 0.0052589285714285715 0.007980952380952382
2 0.4113381505012512 0.8133410811424255 0.0049880952380952385 0.007542857142857143
2 0.3277192711830139 0.8128194808959961 0.005351190476190476 0.007252380952380953
2 0.24444951117038727 0.8128677606582642 0.005351190476190476 0.008123809523809523
2 0.13609343767166138 0.6433214545249939 0.004895833333333333 0.008995238095238096
2 0.13560761511325836 0.509988009929657 0.005077380952380952 0.008271428571428572
2 0.13467058539390564 0.37596380710601807 0.005077380952380952 0.008271428571428572
2 0.2413928061723709 0.2033052146434784 0.004895833333333333 0.008414285714285714
2 0.32547521591186523 0.20252861082553864 0.0052589285714285715 0.008123809523809523
2 0.410136342048645 0.20189034938812256 0.004443452380952381 0.007252380952380953
2 0.5788571238517761 0.20097334682941437 0.004532738095238096 0.007980952380952382
2 0.6636365056037903 0.20119616389274597 0.004714285714285714 0.007980952380952382
2 0.7481349110603333 0.20149140059947968 0.004895833333333333 0.008414285714285714
2 0.8564634323120117 0.3734818696975708 0.004895833333333333 0.006961904761904761
2 0.8556075096130371 0.507794976234436 0.004532738095238096 0.007833333333333333
2 0.8550720810890198 0.6420496106147766 0.005169642857142857 0.009285714285714286
