0 0.5751025080680847 0.3287493884563446 0.015625 0.026851851851851852
4 0.5367220640182495 0.5136654376983643 0.015625 0.027777777777777776
1 0.5545912384986877 0.6756203174591064 0.016145833333333335 0.027777777777777776
3 0.24942924082279205 0.5600095987319946 0.015625 0.026851851851851852
2 0.1435006558895111 0.656650960445404 0.007291666666666667 0.012962962962962963
2 0.14386162161827087 0.5163664221763611 0.007291666666666667 0.012962962962962963
2 0.14423003792762756 0.3749738037586212 0.007291666666666667 0.012962962962962963
2 0.2490009367465973 0.19276590645313263 0.007291666666666667 0.012962962962962963
2 0.33084097504615784 0.19120477139949799 0.007291666666666667 0.012962962962962963
2 0.4131145179271698 0.19007046520709991 0.007291666666666667 0.012962962962962963
2 0.5784679055213928 0.18953774869441986 0.007291666666666667 0.012962962962962963
2 0.6612999439239502 0.18883496522903442 0.007291666666666667 0.012962962962962963
2 0.7456005811691284 0.18855951726436615 0.007291666666666667 0.012962962962962963
2 0.8523316979408264 0.3731609582901001 0.007291666666666667 0.012962962962962963
2 0.8511515259742737 0.517372727394104 0.007291666666666667 0.012962962962962963
2 0.8504870533943176 0.6622188091278076 0.007291666666666667 0.012962962962962963
2 0.7413768768310547 0.8445265293121338 0.007291666666666667 0.012962962962962963
2 0.6576022505760193 0.8434791564941406 0.007291666666666667 0.012962962962962963
2 0.574273407459259 0.8428775072097778 0.007291666666666667 0.012962962962962963
2 0.41020867228507996 0.8408241271972656 0.007291666666666667 0.012962962962962963
2 0.3282008171081543 0.8389244079589844 0.007291666666666667 0.012962962962962963
2 0.24662718176841736 0.8370347619056702 0.007291666666666667 0.012962962962962963
