0 0.5785207152366638 0.3259160816669464 0.015625 0.026851851851851852
4 0.5382536053657532 0.5105870962142944 0.015625 0.027777777777777776
1 0.5541925430297852 0.6734024882316589 0.016145833333333335 0.027777777777777776
3 0.24991129338741302 0.551233172416687 0.015625 0.026851851851851852
2 0.14177577197551727 0.6469095349311829 0.007291666666666667 0.012962962962962963
2 0.1436435431241989 0.5048549175262451 0.007291666666666667 0.012962962962962963
2 0.14553163945674896 0.36160770058631897 0.007291666666666667 0.012962962962962963
2 0.2534751296043396 0.17996394634246826 0.007291666666666667 0.012962962962962963
2 0.33592385053634644 0.1807774305343628 0.007291666666666667 0.012962962962962963
2 0.41848769783973694 0.1820305585861206 0.007291666666666667 0.012962962962962963
2 0.5834508538246155 0.18628838658332825 0.007291666666666667 0.012962962962962963
2 0.6656169891357422 0.18797224760055542 0.007291666666666667 0.012962962962962963
2 0.748911440372467 0.19011911749839783 0.007291666666666667 0.012962962962962963
2 0.8517206311225891 0.3772526979446411 0.007291666666666667 0.012962962962962963
2 0.8488620519638062 0.5209477543830872 0.007291666666666667 0.012962962962962963
2 0.8465030193328857 0.6652175784111023 0.007291666666666667 0.012962962962962963
2 0.7371183037757874 0.8452417850494385 0.007291666666666667 0.012962962962962963
2 0.654425859451294 0.8430610299110413 0.007291666666666667 0.012962962962962963
2 0.5718491673469543 0.8413243889808655 0.007291666666666667 0.012962962962962963
2 0.408337265253067 0.8370116353034973 0.007291666666666667 0.012962962962962963
2 0.3261454403400421 0.8339638113975525 0.007291666666666667 0.012962962962962963
2 0.24407540261745453 0.8309204578399658 0.007291666666666667 0.012962962962962963
