4 0.42352935671806335 0.3556101322174072 0.015104166666666667 0.026851851851851852
3 0.45600274205207825 0.4040325880050659 0.014583333333333334 0.027777777777777776
4 0.301626980304718 0.5277948975563049 0.015104166666666667 0.025925925925925925
3 0.28367576003074646 0.5357759594917297 0.015625 0.026851851851851852
3 0.3177817761898041 0.5715606212615967 0.016145833333333335 0.026851851851851852
3 0.2974711060523987 0.6645927429199219 0.015104166666666667 0.026851851851851852
4 0.3836950361728668 0.7484520673751831 0.015625 0.026851851851851852
4 0.4267841875553131 0.6921272873878479 0.015104166666666667 0.026851851851851852
4 0.4744201898574829 0.7277237772941589 0.015104166666666667 0.026851851851851852
3 0.5597174167633057 0.7708405256271362 0.015625 0.028703703703703703
0 0.6303786039352417 0.6849137544631958 0.015625 0.026851851851851852
3 0.7321555018424988 0.3357023596763611 0.015104166666666667 0.025925925925925925
3 0.7470300197601318 0.5099906325340271 0.015625 0.026851851851851852
4 0.7539600729942322 0.711319088935852 0.016145833333333335 0.027777777777777776
1 0.8074010014533997 0.5150853395462036 0.016145833333333335 0.027777777777777776
2 0.8458213210105896 0.6592002511024475 0.007291666666666667 0.012962962962962963
2 0.8451812863349915 0.5111010670661926 0.007291666666666667 0.012962962962962963
2 0.844286322593689 0.36312127113342285 0.007291666666666667 0.012962962962962963
2 0.7345854640007019 0.17365224659442902 0.007291666666666667 0.012962962962962963
2 0.6510189175605774 0.17413616180419922 0.007291666666666667 0.012962962962962963
2 0.5672646760940552 0.17416973412036896 0.007291666666666667 0.012962962962962963
2 0.4012518525123596 0.17468319833278656 0.007291666666666667 0.012962962962962963
2 0.3187462389469147 0.176060289144516 0.007291666666666667 0.012962962962962963
2 0.23655064404010773 0.17653627693653107 0.007291666666666667 0.012962962962962963
2 0.13497358560562134 0.3645173907279968 0.007291666666666667 0.012962962962962963
2 0.1376354843378067 0.5104871392250061 0.007291666666666667 0.012962962962962963
2 0.14028510451316833 0.6556989550590515 0.007291666666666667 0.012962962962962963
2 0.24786892533302307 0.8401373624801636 0.007291666666666667 0.012962962962962963
2 0.32942625880241394 0.8405058979988098 0.007291666666666667 0.012962962962962963
2 0.4113121032714844 0.8417662978172302 0.007291666666666667 0.012962962962962963
2 0.5747556090354919 0.8429484367370605 0.007291666666666667 0.012962962962962963
2 0.657077431678772 0.8433203101158142 0.007291666666666667 0.012962962962962963
2 0.7402355074882507 0.8441473841667175 0.007291666666666667 0.012962962962962963
