3 0.7064898014068604 0.5244613289833069 0.015104166666666667 0.027777777777777776
4 0.6882949471473694 0.5155932307243347 0.015625 0.026851851851851852
3 0.6732245683670044 0.5590144991874695 0.016145833333333335 0.027777777777777776
3 0.6936686038970947 0.6511359214782715 0.015625 0.025925925925925925
4 0.6439209580421448 0.7318910956382751 0.015625 0.026851851851851852
4 0.615055501461029 0.761959433555603 0.015625 0.027777777777777776
4 0.5638025403022766 0.3456302285194397 0.014583333333333334 0.028703703703703703
3 0.5311822295188904 0.3918549120426178 0.015104166666666667 0.026851851851851852
4 0.516984224319458 0.7101617455482483 0.015104166666666667 0.026851851851851852
1 0.4465368688106537 0.7471895813941956 0.015625 0.028703703703703703
0 0.35988062620162964 0.6676613092422485 0.015625 0.026851851851851852
3 0.25362515449523926 0.3250928223133087 0.015625 0.026851851851851852
3 0.24142074584960938 0.4950617551803589 0.015625 0.025925925925925925
4 0.2375352680683136 0.6927794814109802 0.016145833333333335 0.027777777777777776
2 0.14470727741718292 0.6393114328384399 0.007291666666666667 0.012962962962962963
2 0.14347632229328156 0.49593493342399597 0.007291666666666667 0.012962962962962963
2 0.14274416863918304 0.3501588702201843 0.007291666666666667 0.012962962962962963
2 0.24949492514133453 0.16486641764640808 0.007291666666666667 0.012962962962962963
2 0.3331199884414673 0.16508008539676666 0.007291666666666667 0.012962962962962963
2 0.41686418652534485 0.16529543697834015 0.007291666666666667 0.012962962962962963
2 0.5839394927024841 0.1666143238544464 0.007291666666666667 0.012962962962962963
2 0.667014479637146 0.16771435737609863 0.007291666666666667 0.012962962962962963
2 0.7502042055130005 0.16925843060016632 0.007291666666666667 0.012962962962962963
2 0.8545234799385071 0.3557880222797394 0.007291666666666667 0.012962962962962963
2 0.8534494638442993 0.4992101490497589 0.007291666666666667 0.012962962962962963
2 0.8521281480789185 0.6420121192932129 0.007291666666666667 0.012962962962962963
2 0.7459893822669983 0.8223298192024231 0.007291666666666667 0.012962962962962963
2 0.6641132235527039 0.8230858445167542 0.007291666666666667 0.012962962962962963
2 0.5813493132591248 0.8234062790870667 0.007291666666666667 0.012962962962962963
2 0.41769587993621826 0.8227421045303345 0.007291666666666667 0.012962962962962963
2 0.3352891206741333 0.822627067565918 0.007291666666666667 0.012962962962962963
2 0.2529992461204529 0.8216376900672913 0.007291666666666667 0.012962962962962963
