3 0.17873477935791016 0.5764123797416687 0.025520833333333333 0.04259259259259259
1 0.16258226335048676 0.39466679096221924 0.024479166666666666 0.04259259259259259
3 0.30890992283821106 0.2388981580734253 0.025520833333333333 0.04259259259259259
4 0.4288444519042969 0.18938477337360382 0.024479166666666666 0.04537037037037037
4 0.5856229066848755 0.7843196392059326 0.026041666666666668 0.04259259259259259
4 0.5955035090446472 0.7271695733070374 0.023958333333333335 0.04259259259259259
0 0.8445033431053162 0.4760110378265381 0.024479166666666666 0.040740740740740744
2 0.9241273403167725 0.6882603168487549 0.007291666666666667 0.012962962962962963
2 0.9272608160972595 0.510651707649231 0.007291666666666667 0.012962962962962963
2 0.9298734664916992 0.33394548296928406 0.007291666666666667 0.012962962962962963
2 0.8120008707046509 0.11092232167720795 0.007291666666666667 0.012962962962962963
2 0.7113921642303467 0.1093268021941185 0.007291666666666667 0.012962962962962963
2 0.6099449396133423 0.10681217908859253 0.007291666666666667 0.012962962962962963
2 0.40729764103889465 0.09906162321567535 0.007291666666666667 0.012962962962962963
2 0.3042711317539215 0.09604363888502121 0.007291666666666667 0.012962962962962963
2 0.19984500110149384 0.09207328408956528 0.007291666666666667 0.012962962962962963
2 0.06790205836296082 0.3136551082134247 0.007291666666666667 0.012962962962962963
2 0.06582298129796982 0.4976465404033661 0.007291666666666667 0.012962962962962963
2 0.06480216979980469 0.6784952282905579 0.007291666666666667 0.012962962962962963
2 0.19121119379997253 0.8995378613471985 0.007291666666666667 0.012962962962962963
2 0.29423701763153076 0.8996815085411072 0.007291666666666667 0.012962962962962963
2 0.3963935971260071 0.8998238444328308 0.007291666666666667 0.012962962962962963
2 0.5976327061653137 0.9005416035652161 0.007291666666666667 0.012962962962962963
2 0.6974537372589111 0.9028593301773071 0.007291666666666667 0.012962962962962963
2 0.79747074842453 0.9025562405586243 0.007291666666666667 0.012962962962962963
