3 0.8295348286628723 0.5769739151000977 0.025520833333333333 0.04259259259259259
1 0.8467158675193787 0.39655396342277527 0.024479166666666666 0.04259259259259259
3 0.7079326510429382 0.23973795771598816 0.025520833333333333 0.04259259259259259
4 0.5918757319450378 0.18776482343673706 0.024479166666666666 0.04537037037037037
4 0.42716076970100403 0.789361298084259 0.026041666666666668 0.04259259259259259
4 0.4181574285030365 0.7307811379432678 0.023958333333333335 0.04259259259259259
0 0.1687944084405899 0.47230249643325806 0.024479166666666666 0.040740740740740744
2 0.0813324898481369 0.6927355527877808 0.007291666666666667 0.012962962962962963
2 0.08206796646118164 0.5076574087142944 0.007291666666666667 0.012962962962962963
2 0.08332162350416183 0.32453247904777527 0.007291666666666667 0.012962962962962963
2 0.20972734689712524 0.09844430536031723 0.007291666666666667 0.012962962962962963
2 0.3120545744895935 0.0997810810804367 0.007291666666666667 0.012962962962962963
2 0.4140251874923706 0.10020126402378082 0.007291666666666667 0.012962962962962963
2 0.6141500473022461 0.09831301122903824 0.007291666666666667 0.012962962962962963
2 0.7140780687332153 0.09828198701143265 0.007291666666666667 0.012962962962962963
2 0.814163327217102 0.09735532104969025 0.007291666666666667 0.012962962962962963
2 0.9371017217636108 0.31796887516975403 0.007291666666666667 0.012962962962962963
2 0.9375869035720825 0.499210000038147 0.007291666666666667 0.012962962962962963
2 0.9370982646942139 0.6783403754234314 0.007291666666666667 0.012962962962962963
2 0.814335286617279 0.900867223739624 0.007291666666666667 0.012962962962962963
2 0.714419960975647 0.9028317928314209 0.007291666666666667 0.012962962962962963
2 0.6141579747200012 0.9048032164573669 0.007291666666666667 0.012962962962962963
2 0.4130953252315521 0.909207820892334 0.007291666666666667 0.012962962962962963
2 0.3115355372428894 0.9134684205055237 0.007291666666666667 0.012962962962962963
2 0.20860406756401062 0.915046751499176 0.007291666666666667 0.012962962962962963
