3 0.8207329511642456 0.5643374919891357 0.025520833333333333 0.04259259259259259
1 0.8368642926216125 0.3904338777065277 0.024479166666666666 0.04259259259259259
3 0.6975886225700378 0.2386559695005417 0.025520833333333333 0.04259259259259259
4 0.5821541547775269 0.18827039003372192 0.024479166666666666 0.04537037037037037
4 0.4218711853027344 0.7638764381408691 0.026041666666666668 0.04259259259259259
4 0.41275301575660706 0.7075050473213196 0.023958333333333335 0.04259259259259259
0 0.16699843108654022 0.4575001895427704 0.024479166666666666 0.040740740740740744
2 0.08218081295490265 0.6668205261230469 0.007291666666666667 0.012962962962962963
2 0.0824531614780426 0.4904113709926605 0.007291666666666667 0.012962962962962963
2 0.08323434740304947 0.3161517381668091 0.007291666666666667 0.012962962962962963
2 0.205921471118927 0.10172121226787567 0.007291666666666667 0.012962962962962963
2 0.3060740530490875 0.10326414555311203 0.007291666666666667 0.012962962962962963
2 0.4062258005142212 0.1039368063211441 0.007291666666666667 0.012962962962962963
2 0.6037932634353638 0.10266584903001785 0.007291666666666667 0.012962962962962963
2 0.7029592990875244 0.10290265083312988 0.007291666666666667 0.012962962962962963
2 0.8026200532913208 0.10228002816438675 0.007291666666666667 0.012962962962962963
2 0.926902174949646 0.3152715265750885 0.007291666666666667 0.012962962962962963
2 0.9285296201705933 0.49030613899230957 0.007291666666666667 0.012962962962962963
2 0.929168164730072 0.6635780334472656 0.007291666666666667 0.012962962962962963
2 0.8073911070823669 0.8772426843643188 0.007291666666666667 0.012962962962962963
2 0.7075319886207581 0.8775315284729004 0.007291666666666667 0.012962962962962963
2 0.6076719760894775 0.8778203725814819 0.007291666666666667 0.012962962962962963
2 0.40845268964767456 0.8788303732872009 0.007291666666666667 0.012962962962962963
2 0.308352530002594 0.8812915682792664 0.007291666666666667 0.012962962962962963
2 0.20724494755268097 0.8811525702476501 0.007291666666666667 0.012962962962962963
