3 0.8340861797332764 0.22344578802585602 0.025520833333333333 0.04259259259259259
1 0.832507312297821 0.2903982102870941 0.023958333333333335 0.04351851851851852
0 0.8576235175132751 0.7022287845611572 0.025520833333333333 0.04259259259259259
2 0.9155930876731873 0.6649566292762756 0.007291666666666667 0.012962962962962963
2 0.9164257645606995 0.4958460032939911 0.007291666666666667 0.012962962962962963
2 0.917451798915863 0.33015045523643494 0.007291666666666667 0.012962962962962963
2 0.7983262538909912 0.12556226551532745 0.007291666666666667 0.012962962962962963
2 0.6992394924163818 0.12865357100963593 0.007291666666666667 0.012962962962962963
2 0.5995189547538757 0.1317625343799591 0.007291666666666667 0.012962962962962963
2 0.39919140934944153 0.13417720794677734 0.007291666666666667 0.012962962962962963
2 0.298811137676239 0.1360233575105667 0.007291666666666667 0.012962962962962963
2 0.19651451706886292 0.13705593347549438 0.007291666666666667 0.012962962962962963
2 0.06749903410673141 0.35201120376586914 0.007291666666666667 0.012962962962962963
2 0.06684494018554688 0.5217384696006775 0.007291666666666667 0.012962962962962963
2 0.06542650610208511 0.693265974521637 0.007291666666666667 0.012962962962962963
2 0.19116421043872833 0.8979418873786926 0.007291666666666667 0.012962962962962963
2 0.29322007298469543 0.89203941822052 0.007291666666666667 0.012962962962962963
2 0.3933684527873993 0.8878861665725708 0.007291666666666667 0.012962962962962963
2 0.5924742221832275 0.8829554915428162 0.007291666666666667 0.012962962962962963
2 0.6914540529251099 0.8796741962432861 0.007291666666666667 0.012962962962962963
2 0.7912861108779907 0.8759453892707825 0.007291666666666667 0.012962962962962963
