3 0.8385517001152039 0.22101016342639923 0.025520833333333333 0.04259259259259259
1 0.8379986882209778 0.29096633195877075 0.023958333333333335 0.04351851851851852
0 0.8702526688575745 0.7254425883293152 0.025520833333333333 0.04259259259259259
2 0.9290371537208557 0.6888179779052734 0.007291666666666667 0.012962962962962963
2 0.9270262122154236 0.5104697346687317 0.007291666666666667 0.012962962962962963
2 0.9252785444259644 0.33644527196884155 0.007291666666666667 0.012962962962962963
2 0.8006523847579956 0.11727379262447357 0.007291666666666667 0.012962962962962963
2 0.7000409364700317 0.1161665990948677 0.007291666666666667 0.012962962962962963
2 0.5989134311676025 0.1150515154004097 0.007291666666666667 0.012962962962962963
2 0.39610469341278076 0.1088331863284111 0.007291666666666667 0.012962962962962963
2 0.294686883687973 0.10638430714607239 0.007291666666666667 0.012962962962962963
2 0.1914616972208023 0.10301079601049423 0.007291666666666667 0.012962962962962963
2 0.06281077116727829 0.32093021273612976 0.007291666666666667 0.012962962962962963
2 0.06321728974580765 0.4982147812843323 0.007291666666666667 0.012962962962962963
2 0.06286207586526871 0.6780878901481628 0.007291666666666667 0.012962962962962963
2 0.19202804565429688 0.8999710083007812 0.007291666666666667 0.012962962962962963
2 0.29592159390449524 0.8987512588500977 0.007291666666666667 0.012962962962962963
2 0.3980151414871216 0.8992879390716553 0.007291666666666667 0.012962962962962963
2 0.6014110445976257 0.9038835167884827 0.007291666666666667 0.012962962962962963
2 0.7027066349983215 0.9052918553352356 0.007291666666666667 0.012962962962962963
2 0.8049973249435425 0.9062688946723938 0.007291666666666667 0.012962962962962963
