3 0.14693711698055267 0.4851648509502411 0.024479166666666666 0.04259259259259259
1 0.277265727519989 0.4074338674545288 0.025 0.041666666666666664
4 0.5826452970504761 0.7388704419136047 0.023958333333333335 0.041666666666666664
3 0.6125537753105164 0.7862178087234497 0.025 0.041666666666666664
3 0.5830310583114624 0.6472566723823547 0.024479166666666666 0.041666666666666664
0 0.6910658478736877 0.4918586015701294 0.022395833333333334 0.041666666666666664
3 0.6914882659912109 0.4478091299533844 0.023958333333333335 0.040740740740740744
3 0.718878448009491 0.44351187348365784 0.023958333333333335 0.040740740740740744
3 0.7330480217933655 0.5260735154151917 0.024479166666666666 0.041666666666666664
4 0.7382462620735168 0.4654582738876343 0.024479166666666666 0.040740740740740744
4 0.7372833490371704 0.4128744900226593 0.026041666666666668 0.04351851851851852
4 0.7599422931671143 0.4816626012325287 0.023958333333333335 0.04259259259259259
3 0.7720393538475037 0.40766969323158264 0.025 0.04259259259259259
4 0.7922045588493347 0.3341539800167084 0.025 0.04259259259259259
4 0.8521623611450195 0.6025121808052063 0.025520833333333333 0.04351851851851852
2 0.9196776747703552 0.6745024919509888 0.007291666666666667 0.012962962962962963
2 0.9170494079589844 0.49265578389167786 0.007291666666666667 0.012962962962962963
2 0.9136413931846619 0.3114304542541504 0.007291666666666667 0.012962962962962963
2 0.7830339670181274 0.09315881878137589 0.007291666666666667 0.012962962962962963
2 0.6791286468505859 0.09453069418668747 0.007291666666666667 0.012962962962962963
2 0.5766249299049377 0.09676608443260193 0.007291666666666667 0.012962962962962963
2 0.3754338026046753 0.09767984598875046 0.007291666666666667 0.012962962962962963
2 0.2757151424884796 0.09639684110879898 0.007291666666666667 0.012962962962962963
2 0.1753566712141037 0.0973006933927536 0.007291666666666667 0.012962962962962963
2 0.05306847766041756 0.31053081154823303 0.007291666666666667 0.012962962962962963
2 0.0529492050409317 0.48620352149009705 0.007291666666666667 0.012962962962962963
2 0.05258140712976456 0.6611336469650269 0.007291666666666667 0.012962962962962963
2 0.17566649615764618 0.8806093335151672 0.007291666666666667 0.012962962962962963
2 0.27749621868133545 0.881740927696228 0.007291666666666667 0.012962962962962963
2 0.3784406781196594 0.8841676712036133 0.007291666666666667 0.012962962962962963
2 0.5829272866249084 0.8895297050476074 0.007291666666666667 0.012962962962962963
2 0.6867555379867554 0.8929241895675659 0.007291666666666667 0.012962962962962963
2 0.7920083999633789 0.8963606953620911 0.007291666666666667 0.012962962962962963
