3 0.8352800011634827 0.5073117017745972 0.024479166666666666 0.04259259259259259
1 0.6998650431632996 0.42816469073295593 0.025 0.041666666666666664
4 0.387031227350235 0.7382407784461975 0.023958333333333335 0.041666666666666664
3 0.3572404980659485 0.7816147208213806 0.025 0.041666666666666664
3 0.38786351680755615 0.651452362537384 0.024479166666666666 0.041666666666666664
0 0.28488823771476746 0.5014426708221436 0.022395833333333334 0.041666666666666664
3 0.28500500321388245 0.45988449454307556 0.023958333333333335 0.040740740740740744
3 0.2587277591228485 0.4553403854370117 0.023958333333333335 0.040740740740740744
3 0.24421896040439606 0.5326536893844604 0.024479166666666666 0.041666666666666664
4 0.23993878066539764 0.47562018036842346 0.024479166666666666 0.040740740740740744
4 0.24145427346229553 0.4262019693851471 0.026041666666666668 0.04351851851851852
4 0.21907059848308563 0.4903894364833832 0.023958333333333335 0.04259259259259259
3 0.2083771675825119 0.4207926392555237 0.025 0.04259259259259259
4 0.1900278627872467 0.3515980541706085 0.025 0.04259259259259259
4 0.13081757724285126 0.6007065773010254 0.025520833333333333 0.04351851851851852
2 0.06739998608827591 0.6649972796440125 0.007291666666666667 0.012962962962962963
2 0.07148749381303787 0.4973338842391968 0.007291666666666667 0.012962962962962963
2 0.07631263881921768 0.32945913076400757 0.007291666666666667 0.012962962962962963
2 0.20133613049983978 0.1247892901301384 0.007291666666666667 0.012962962962962963
2 0.3012007474899292 0.12492898851633072 0.007291666666666667 0.012962962962962963
2 0.40151357650756836 0.12591740489006042 0.007291666666666667 0.012962962962962963
2 0.6038650274276733 0.12450992316007614 0.007291666666666667 0.012962962962962963
2 0.7069485783576965 0.12207812815904617 0.007291666666666667 0.012962962962962963
2 0.8125712871551514 0.12177427858114243 0.007291666666666667 0.012962962962962963
2 0.9394924640655518 0.33475372195243835 0.007291666666666667 0.012962962962962963
2 0.9359508156776428 0.5105774998664856 0.007291666666666667 0.012962962962962963
2 0.9327080845832825 0.6848950386047363 0.007291666666666667 0.012962962962962963
2 0.7973834872245789 0.895183801651001 0.007291666666666667 0.012962962962962963
2 0.6913721561431885 0.8903487324714661 0.007291666666666667 0.012962962962962963
2 0.5881773233413696 0.8868958353996277 0.007291666666666667 0.012962962962962963
2 0.3847716748714447 0.880510687828064 0.007291666666666667 0.012962962962962963
2 0.2842750549316406 0.877983808517456 0.007291666666666667 0.012962962962962963
2 0.18425099551677704 0.875464677810669 0.007291666666666667 0.012962962962962963
