3 0.8324890732765198 0.5103020668029785 0.024479166666666666 0.04259259259259259
4 0.5005447864532471 0.35135599970817566 0.023958333333333335 0.04259259259259259
4 0.3884420394897461 0.19369305670261383 0.023958333333333335 0.041666666666666664
3 0.43062591552734375 0.784934937953949 0.023958333333333335 0.04259259259259259
3 0.37056928873062134 0.7878744006156921 0.023958333333333335 0.04259259259259259
4 0.3301106095314026 0.7577541470527649 0.024479166666666666 0.04351851851851852
3 0.3056723177433014 0.7445173859596252 0.026041666666666668 0.04259259259259259
0 0.33588001132011414 0.49181118607521057 0.0234375 0.040740740740740744
1 0.3119138181209564 0.524031400680542 0.024479166666666666 0.041666666666666664
3 0.3023584485054016 0.45804786682128906 0.025 0.041666666666666664
3 0.2770220637321472 0.4534887671470642 0.024479166666666666 0.041666666666666664
4 0.26705655455589294 0.39743494987487793 0.025520833333333333 0.04351851851851852
3 0.2528684437274933 0.43728944659233093 0.025 0.04351851851851852
2 0.08219482004642487 0.665153980255127 0.007291666666666667 0.012962962962962963
2 0.08572978526353836 0.4933212697505951 0.007291666666666667 0.012962962962962963
2 0.08956796675920486 0.31773582100868225 0.007291666666666667 0.012962962962962963
2 0.2133510559797287 0.10944624990224838 0.007291666666666667 0.012962962962962963
2 0.31232908368110657 0.11208928376436234 0.007291666666666667 0.012962962962962963
2 0.41103920340538025 0.11472732573747635 0.007291666666666667 0.012962962962962963
2 0.6096889972686768 0.1169850155711174 0.007291666666666667 0.012962962962962963
2 0.7090899348258972 0.11920192837715149 0.007291666666666667 0.012962962962962963
2 0.8089857697486877 0.12055676430463791 0.007291666666666667 0.012962962962962963
2 0.9315297603607178 0.33946651220321655 0.007291666666666667 0.012962962962962963
2 0.9284117817878723 0.5154841542243958 0.007291666666666667 0.012962962962962963
2 0.9255825877189636 0.6894583702087402 0.007291666666666667 0.012962962962962963
2 0.7980173230171204 0.9021798968315125 0.007291666666666667 0.012962962962962963
2 0.6958234906196594 0.8981143236160278 0.007291666666666667 0.012962962962962963
2 0.5965803861618042 0.8950076103210449 0.007291666666666667 0.012962962962962963
2 0.39802101254463196 0.8896542191505432 0.007291666666666667 0.012962962962962963
2 0.2994596064090729 0.8865677714347839 0.007291666666666667 0.012962962962962963
2 0.1996498554944992 0.8834422826766968 0.007291666666666667 0.012962962962962963
