3 0.8216651082038879 0.5024034976959229 0.024479166666666666 0.041666666666666664
1 0.6785321831703186 0.4235180616378784 0.023958333333333335 0.04351851851851852
4 0.537249743938446 0.2582167983055115 0.023958333333333335 0.041666666666666664
4 0.37774914503097534 0.17744730412960052 0.023958333333333335 0.04259259259259259
3 0.3815653622150421 0.29901358485221863 0.025520833333333333 0.041666666666666664
0 0.415609747171402 0.4912755787372589 0.024479166666666666 0.03981481481481482
3 0.42978110909461975 0.7944360375404358 0.024479166666666666 0.041666666666666664
3 0.3669144809246063 0.7988951802253723 0.023958333333333335 0.041666666666666664
4 0.32477936148643494 0.7689856290817261 0.023958333333333335 0.04351851851851852
3 0.29934626817703247 0.7555925250053406 0.025 0.04351851851851852
3 0.29184845089912415 0.4546084702014923 0.025 0.041666666666666664
4 0.17211027443408966 0.22993184626102448 0.025520833333333333 0.044444444444444446
3 0.12818166613578796 0.36148694157600403 0.025 0.041666666666666664
2 0.06442011892795563 0.6765338778495789 0.007291666666666667 0.012962962962962963
2 0.06661342829465866 0.49416154623031616 0.007291666666666667 0.012962962962962963
2 0.06854938715696335 0.31262069940567017 0.007291666666666667 0.012962962962962963
2 0.19503240287303925 0.09091105312108994 0.007291666666666667 0.012962962962962963
2 0.2973633408546448 0.09117835015058517 0.007291666666666667 0.012962962962962963
2 0.3998728394508362 0.09190158545970917 0.007291666666666667 0.012962962962962963
2 0.6062163710594177 0.09061630070209503 0.007291666666666667 0.012962962962962963
2 0.7092705965042114 0.09088429063558578 0.007291666666666667 0.012962962962962963
2 0.8127688765525818 0.0902392789721489 0.007291666666666667 0.012962962962962963
2 0.9428032040596008 0.3151985704898834 0.007291666666666667 0.012962962962962963
2 0.9430118203163147 0.49902981519699097 0.007291666666666667 0.012962962962962963
2 0.9429545998573303 0.6846190094947815 0.007291666666666667 0.012962962962962963
2 0.8126676082611084 0.9095486998558044 0.007291666666666667 0.012962962962962963
2 0.7079665064811707 0.9076337218284607 0.007291666666666667 0.012962962962962963
2 0.6044833660125732 0.9066430926322937 0.007291666666666667 0.012962962962962963
2 0.3983188569545746 0.9060335159301758 0.007291666666666667 0.012962962962962963
2 0.2946118414402008 0.9045851826667786 0.007291666666666667 0.012962962962962963
2 0.18980330228805542 0.9040349125862122 0.007291666666666667 0.012962962962962963
