3 0.8263985514640808 0.5215519070625305 0.024479166666666666 0.041666666666666664
1 0.6860014200210571 0.4403354823589325 0.023958333333333335 0.04351851851851852
4 0.5460012555122375 0.2740881145000458 0.023958333333333335 0.041666666666666664
4 0.38695698976516724 0.18869280815124512 0.023958333333333335 0.04259259259259259
3 0.39124825596809387 0.30817437171936035 0.025520833333333333 0.041666666666666664
0 0.4259701669216156 0.49785733222961426 0.024479166666666666 0.03981481481481482
3 0.441244512796402 0.7949628233909607 0.024479166666666666 0.041666666666666664
3 0.3785799741744995 0.7978116273880005 0.023958333333333335 0.041666666666666664
4 0.3363288640975952 0.7674638628959656 0.023958333333333335 0.04351851851851852
3 0.3107956349849701 0.7536846399307251 0.025 0.04351851851851852
3 0.3020351231098175 0.45782414078712463 0.025 0.041666666666666664
4 0.1804817169904709 0.23212827742099762 0.025520833333333333 0.044444444444444446
3 0.13662634789943695 0.36037662625312805 0.025 0.041666666666666664
2 0.07341093569993973 0.6695927977561951 0.007291666666666667 0.012962962962962963
2 0.0747869536280632 0.489385187625885 0.007291666666666667 0.012962962962962963
2 0.07590631395578384 0.30986377596855164 0.007291666666666667 0.012962962962962963
2 0.20302714407444 0.0958348736166954 0.007291666666666667 0.012962962962962963
2 0.306071400642395 0.100513756275177 0.007291666666666667 0.012962962962962963
2 0.4087269604206085 0.10562204569578171 0.007291666666666667 0.012962962962962963
2 0.6136424541473389 0.11314333230257034 0.007291666666666667 0.012962962962962963
2 0.7151399850845337 0.1177544817328453 0.007291666666666667 0.012962962962962963
2 0.8165104389190674 0.12147244811058044 0.007291666666666667 0.012962962962962963
2 0.9436783194541931 0.34444454312324524 0.007291666666666667 0.012962962962962963
2 0.9443662762641907 0.522063672542572 0.007291666666666667 0.012962962962962963
2 0.9448006749153137 0.7012261152267456 0.007291666666666667 0.012962962962962963
2 0.8188126683235168 0.9154898524284363 0.007291666666666667 0.012962962962962963
2 0.71644526720047 0.9114630222320557 0.007291666666666667 0.012962962962962963
2 0.6147071123123169 0.9083383083343506 0.007291666666666667 0.012962962962962963
2 0.4103333353996277 0.9033955335617065 0.007291666666666667 0.012962962962962963
2 0.3066622018814087 0.8997684121131897 0.007291666666666667 0.012962962962962963
2 0.20130179822444916 0.8969806432723999 0.007291666666666667 0.012962962962962963
