3 0.8173120021820068 0.5110794901847839 0.024479166666666666 0.041666666666666664
1 0.687016487121582 0.43956151604652405 0.023958333333333335 0.04351851851851852
4 0.5543158054351807 0.284681111574173 0.023958333333333335 0.041666666666666664
4 0.39992162585258484 0.2053627222776413 0.023958333333333335 0.04259259259259259
3 0.4042662978172302 0.32166361808776855 0.025520833333333333 0.041666666666666664
0 0.4383716285228729 0.5045008063316345 0.024479166666666666 0.03981481481481482
3 0.4534216821193695 0.7901633381843567 0.024479166666666666 0.041666666666666664
3 0.3924267888069153 0.7967328429222107 0.023958333333333335 0.041666666666666664
4 0.35093986988067627 0.7699470520019531 0.023958333333333335 0.04351851851851852
3 0.3257423937320709 0.7581002116203308 0.025 0.04351851851851852
3 0.31651920080184937 0.47046157717704773 0.025 0.041666666666666664
4 0.19419561326503754 0.25231194496154785 0.025520833333333333 0.044444444444444446
3 0.150129035115242 0.38045382499694824 0.025 0.041666666666666664
2 0.08680015057325363 0.6892282962799072 0.007291666666666667 0.012962962962962963
2 0.08747421205043793 0.5106239318847656 0.007291666666666667 0.012962962962962963
2 0.08788967877626419 0.33214446902275085 0.007291666666666667 0.012962962962962963
2 0.21657885611057281 0.11700576543807983 0.007291666666666667 0.012962962962962963
2 0.31984949111938477 0.12031029909849167 0.007291666666666667 0.012962962962962963
2 0.42118969559669495 0.12398909032344818 0.007291666666666667 0.012962962962962963
2 0.6190148591995239 0.128599151968956 0.007291666666666667 0.012962962962962963
2 0.7148624062538147 0.13167782127857208 0.007291666666666667 0.012962962962962963
2 0.8092185854911804 0.1338679939508438 0.007291666666666667 0.012962962962962963
2 0.924923837184906 0.34110796451568604 0.007291666666666667 0.012962962962962963
2 0.9249226450920105 0.5069176554679871 0.007291666666666667 0.012962962962962963
2 0.9246870875358582 0.6736425757408142 0.007291666666666667 0.012962962962962963
2 0.8093387484550476 0.8805254101753235 0.007291666666666667 0.012962962962962963
2 0.7147365212440491 0.8834736943244934 0.007291666666666667 0.012962962962962963
2 0.6193488240242004 0.8872774839401245 0.007291666666666667 0.012962962962962963
2 0.42350074648857117 0.8963699340820312 0.007291666666666667 0.012962962962962963
2 0.3219292461872101 0.9000009894371033 0.007291666666666667 0.012962962962962963
2 0.21712344884872437 0.9046244025230408 0.007291666666666667 0.012962962962962963
