3 0.17297057807445526 0.5113998651504517 0.024479166666666666 0.041666666666666664
1 0.3053429424762726 0.4374946057796478 0.023958333333333335 0.04351851851851852
4 0.43913790583610535 0.2782181203365326 0.023958333333333335 0.041666666666666664
4 0.5952528119087219 0.1968008428812027 0.023958333333333335 0.04259259259259259
3 0.5914020538330078 0.3160878121852875 0.025520833333333333 0.041666666666666664
0 0.5579074621200562 0.5027897357940674 0.024479166666666666 0.03981481481481482
3 0.5443092584609985 0.7921664118766785 0.024479166666666666 0.041666666666666664
3 0.6054527759552002 0.7981057167053223 0.023958333333333335 0.041666666666666664
4 0.646828293800354 0.7707077264785767 0.023958333333333335 0.04351851851851852
3 0.6719558835029602 0.7585268616676331 0.025 0.04351851851851852
3 0.68028724193573 0.46762707829475403 0.025 0.041666666666666664
4 0.8024916052818298 0.24514593183994293 0.025520833333333333 0.044444444444444446
3 0.8466091156005859 0.3756530284881592 0.025 0.041666666666666664
2 0.9093840718269348 0.6870609521865845 0.007291666666666667 0.012962962962962963
2 0.9089013338088989 0.5072764754295349 0.007291666666666667 0.012962962962962963
2 0.9086728692054749 0.32646456360816956 0.007291666666666667 0.012962962962962963
2 0.7798831462860107 0.10650766640901566 0.007291666666666667 0.012962962962962963
2 0.6758469939231873 0.10953500866889954 0.007291666666666667 0.012962962962962963
2 0.5733201503753662 0.11296817660331726 0.007291666666666667 0.012962962962962963
2 0.3719010651111603 0.11704949289560318 0.007291666666666667 0.012962962962962963
2 0.2737123370170593 0.11991611123085022 0.007291666666666667 0.012962962962962963
2 0.1766527146100998 0.12187555432319641 0.007291666666666667 0.012962962962962963
2 0.06005585938692093 0.33667266368865967 0.007291666666666667 0.012962962962962963
2 0.062437884509563446 0.5076709985733032 0.007291666666666667 0.012962962962962963
2 0.06505902856588364 0.6785762310028076 0.007291666666666667 0.012962962962962963
2 0.18558667600154877 0.8877013325691223 0.007291666666666667 0.012962962962962963
2 0.2816295027732849 0.8894395232200623 0.007291666666666667 0.012962962962962963
2 0.3780740201473236 0.8920223116874695 0.007291666666666667 0.012962962962962963
2 0.5748326778411865 0.898577868938446 0.007291666666666667 0.012962962962962963
2 0.6762049198150635 0.9008700251579285 0.007291666666666667 0.012962962962962963
2 0.7803361415863037 0.9041001200675964 0.007291666666666667 0.012962962962962963
