1 0.8626077771186829 0.5207962989807129 0.025520833333333333 0.04259259259259259
3 0.8429431319236755 0.29379358887672424 0.025 0.04259259259259259
3 0.822049081325531 0.5037594437599182 0.024479166666666666 0.041666666666666664
0 0.4626227617263794 0.4442298710346222 0.025520833333333333 0.040740740740740744
3 0.216043159365654 0.8019571900367737 0.025 0.040740740740740744
3 0.20105813443660736 0.5605209469795227 0.024479166666666666 0.041666666666666664
3 0.1312088966369629 0.3896825909614563 0.024479166666666666 0.041666666666666664
2 0.07748004049062729 0.6954038143157959 0.007291666666666667 0.012962962962962963
2 0.07748004049062729 0.6954038143157959 0.007291666666666667 0.012962962962962963
2 0.07644127309322357 0.5123058557510376 0.007291666666666667 0.012962962962962963
2 0.07461723685264587 0.32964059710502625 0.007291666666666667 0.012962962962962963
2 0.20326699316501617 0.10730568319559097 0.007291666666666667 0.012962962962962963
2 0.30835434794425964 0.11024489998817444 0.007291666666666667 0.012962962962962963
2 0.41138872504234314 0.11088678240776062 0.007291666666666667 0.012962962962962963
2 0.6148369312286377 0.10947734117507935 0.007291666666666667 0.012962962962962963
2 0.7147814631462097 0.10967209190130234 0.007291666666666667 0.012962962962962963
2 0.8143032789230347 0.10942836105823517 0.007291666666666667 0.012962962962962963
2 0.935356855392456 0.3246375620365143 0.007291666666666667 0.012962962962962963
2 0.9361401796340942 0.4983835220336914 0.007291666666666667 0.012962962962962963
2 0.935228705406189 0.6730140447616577 0.007291666666666667 0.012962962962962963
2 0.813953161239624 0.8871719837188721 0.007291666666666667 0.012962962962962963
2 0.7150882482528687 0.8906633257865906 0.007291666666666667 0.012962962962962963
2 0.6172864437103271 0.8945391774177551 0.007291666666666667 0.012962962962962963
2 0.41572105884552 0.9020903706550598 0.007291666666666667 0.012962962962962963
2 0.3139224946498871 0.9074400067329407 0.007291666666666667 0.012962962962962963
2 0.20987844467163086 0.9124523401260376 0.007291666666666667 0.012962962962962963
