1 0.8539771437644958 0.5123586058616638 0.025520833333333333 0.04259259259259259
3 0.8338085412979126 0.2764504849910736 0.025 0.04259259259259259
3 0.8098175525665283 0.4934570789337158 0.024479166666666666 0.041666666666666664
0 0.43803706765174866 0.42536649107933044 0.025520833333333333 0.040740740740740744
3 0.19205611944198608 0.7691469192504883 0.025 0.040740740740740744
3 0.18420110642910004 0.5331488251686096 0.024479166666666666 0.041666666666666664
3 0.12427613139152527 0.36822888255119324 0.024479166666666666 0.041666666666666664
2 0.06677362322807312 0.658613920211792 0.007291666666666667 0.012962962962962963
2 0.06677362322807312 0.658613920211792 0.007291666666666667 0.012962962962962963
2 0.07110726833343506 0.48373010754585266 0.007291666666666667 0.012962962962962963
2 0.07467330992221832 0.31123247742652893 0.007291666666666667 0.012962962962962963
2 0.1976906806230545 0.10107357054948807 0.007291666666666667 0.012962962962962963
2 0.2956449091434479 0.10151489078998566 0.007291666666666667 0.012962962962962963
2 0.3941565155982971 0.09979920089244843 0.007291666666666667 0.012962962962962963
2 0.5960909128189087 0.09363798797130585 0.007291666666666667 0.012962962962962963
2 0.6990422606468201 0.0913839116692543 0.007291666666666667 0.012962962962962963
2 0.8041537404060364 0.08863935619592667 0.007291666666666667 0.012962962962962963
2 0.9350780248641968 0.308444082736969 0.007291666666666667 0.012962962962962963
2 0.935499906539917 0.4908161163330078 0.007291666666666667 0.012962962962962963
2 0.934019148349762 0.676243245601654 0.007291666666666667 0.012962962962962963
2 0.7983065247535706 0.8969693183898926 0.007291666666666667 0.012962962962962963
2 0.6912170648574829 0.89293372631073 0.007291666666666667 0.012962962962962963
2 0.5878913402557373 0.8894791007041931 0.007291666666666667 0.012962962962962963
2 0.38275501132011414 0.882177472114563 0.007291666666666667 0.012962962962962963
2 0.2829199731349945 0.8801634907722473 0.007291666666666667 0.012962962962962963
2 0.18339446187019348 0.8777052164077759 0.007291666666666667 0.012962962962962963
