4 0.2802596986293793 0.4032247066497803 0.016145833333333335 0.028703703703703703
4 0.19966767728328705 0.5345703363418579 0.016145833333333335 0.027777777777777776
3 0.18090184032917023 0.6599268317222595 0.015104166666666667 0.027777777777777776
3 0.28021717071533203 0.6480141878128052 0.015104166666666667 0.025
4 0.23317331075668335 0.7227031588554382 0.016145833333333335 0.027777777777777776
4 0.3686084747314453 0.6778535842895508 0.015104166666666667 0.026851851851851852
4 0.3653673827648163 0.6283249258995056 0.015625 0.028703703703703703
0 0.41174349188804626 0.31860771775245667 0.015104166666666667 0.026851851851851852
4 0.4657279849052429 0.2570515275001526 0.015104166666666667 0.026851851851851852
3 0.59760981798172 0.27921223640441895 0.015104166666666667 0.027777777777777776
1 0.6293926239013672 0.6381602883338928 0.015625 0.027777777777777776
4 0.7195460200309753 0.45720911026000977 0.016145833333333335 0.027777777777777776
3 0.733087420463562 0.6745318174362183 0.015104166666666667 0.026851851851851852
2 0.8552013635635376 0.6631671190261841 0.007291666666666667 0.012962962962962963
2 0.8557302951812744 0.5150384306907654 0.007291666666666667 0.012962962962962963
2 0.8573007583618164 0.3669223487377167 0.007291666666666667 0.012962962962962963
2 0.7495591640472412 0.17525258660316467 0.007291666666666667 0.012962962962962963
2 0.6641306281089783 0.17419809103012085 0.007291666666666667 0.012962962962962963
2 0.578326940536499 0.174966499209404 0.007291666666666667 0.012962962962962963
2 0.40926429629325867 0.1746840476989746 0.007291666666666667 0.012962962962962963
2 0.3247007429599762 0.17454275488853455 0.007291666666666667 0.012962962962962963
2 0.2408040314912796 0.17440259456634521 0.007291666666666667 0.012962962962962963
2 0.1334274262189865 0.3651573657989502 0.007291666666666667 0.012962962962962963
2 0.1342362016439438 0.511704683303833 0.007291666666666667 0.012962962962962963
2 0.13427461683750153 0.6587111353874207 0.007291666666666667 0.012962962962962963
2 0.2420465499162674 0.8455926179885864 0.007291666666666667 0.012962962962962963
2 0.325631707906723 0.8458783626556396 0.007291666666666667 0.012962962962962963
2 0.40936121344566345 0.8479586243629456 0.007291666666666667 0.012962962962962963
2 0.5757266879081726 0.8485223054885864 0.007291666666666667 0.012962962962962963
2 0.6604246497154236 0.8483665585517883 0.007291666666666667 0.012962962962962963
2 0.7444937229156494 0.8491039276123047 0.007291666666666667 0.012962962962962963
