4 0.7133979797363281 0.40480878949165344 0.016145833333333335 0.028703703703703703
4 0.7925056219100952 0.5313803553581238 0.016145833333333335 0.027777777777777776
3 0.8116703629493713 0.6505200862884521 0.015104166666666667 0.027777777777777776
3 0.7155565023422241 0.6369903087615967 0.015104166666666667 0.025
4 0.7616941332817078 0.708764374256134 0.016145833333333335 0.027777777777777776
4 0.6301905512809753 0.6632745265960693 0.015104166666666667 0.026851851851851852
4 0.6328868865966797 0.6163771748542786 0.015625 0.028703703703703703
0 0.5850299596786499 0.32097217440605164 0.015104166666666667 0.026851851851851852
4 0.5319326519966125 0.2609166204929352 0.015104166666666667 0.026851851851851852
3 0.40356189012527466 0.27848461270332336 0.015104166666666667 0.027777777777777776
1 0.37617385387420654 0.6196437478065491 0.015625 0.027777777777777776
4 0.28622251749038696 0.4451090693473816 0.016145833333333335 0.027777777777777776
3 0.2752842307090759 0.6518890857696533 0.015104166666666667 0.026851851851851852
2 0.15560688078403473 0.6382783055305481 0.007291666666666667 0.012962962962962963
2 0.153432235121727 0.4969237744808197 0.007291666666666667 0.012962962962962963
2 0.15023232996463776 0.3553670048713684 0.007291666666666667 0.012962962962962963
2 0.25382372736930847 0.17499472200870514 0.007291666666666667 0.012962962962962963
2 0.3374725878238678 0.17638838291168213 0.007291666666666667 0.012962962962962963
2 0.4213455021381378 0.17953017354011536 0.007291666666666667 0.012962962962962963
2 0.5861109495162964 0.18399101495742798 0.007291666666666667 0.012962962962962963
2 0.6682900190353394 0.18621592223644257 0.007291666666666667 0.012962962962962963
2 0.7496666312217712 0.18841910362243652 0.007291666666666667 0.012962962962962963
2 0.8551276326179504 0.37243759632110596 0.007291666666666667 0.012962962962962963
2 0.855522096157074 0.5112919211387634 0.007291666666666667 0.012962962962962963
2 0.8566628098487854 0.6504219174385071 0.007291666666666667 0.012962962962962963
2 0.754157304763794 0.8248147368431091 0.007291666666666667 0.012962962962962963
2 0.6733263731002808 0.8233610391616821 0.007291666666666667 0.012962962962962963
2 0.5922203063964844 0.8236013054847717 0.007291666666666667 0.012962962962962963
2 0.43058300018310547 0.8206925988197327 0.007291666666666667 0.012962962962962963
2 0.3480551540851593 0.8187870979309082 0.007291666666666667 0.012962962962962963
2 0.2659936547279358 0.8177400827407837 0.007291666666666667 0.012962962962962963
