3 0.46127328276634216 0.434154212474823 0.008854166666666666 0.017592592592592594
1 0.5244620442390442 0.47041240334510803 0.011458333333333333 0.020370370370370372
0 0.5969769954681396 0.49873459339141846 0.0109375 0.020370370370370372
3 0.5714015960693359 0.5385840535163879 0.013020833333333334 0.023148148148148147
4 0.5315841436386108 0.5275010466575623 0.0125 0.022222222222222223
3 0.45693647861480713 0.4881627857685089 0.011979166666666667 0.020370370370370372
4 0.44068771600723267 0.492474764585495 0.011458333333333333 0.020370370370370372
4 0.42723768949508667 0.5262068510055542 0.0125 0.021296296296296296
2 0.38670027256011963 0.5504375696182251 0.007291666666666667 0.009259259259259259
2 0.39195743203163147 0.5287248492240906 0.007291666666666667 0.009259259259259259
2 0.3967060148715973 0.5096992254257202 0.007291666666666667 0.009259259259259259
2 0.40393587946891785 0.47310104966163635 0.007291666666666667 0.009259259259259259
2 0.4076686203479767 0.45681026577949524 0.007291666666666667 0.009259259259259259
2 0.4111478626728058 0.441421240568161 0.007291666666666667 0.009259259259259259
2 0.4664805829524994 0.4235447645187378 0.007291666666666667 0.009259259259259259
2 0.5081851482391357 0.4234563410282135 0.007291666666666667 0.009259259259259259
2 0.5499430298805237 0.4224928915500641 0.007291666666666667 0.009259259259259259
2 0.6059682965278625 0.43960732221603394 0.007291666666666667 0.009259259259259259
2 0.6091328263282776 0.4553377330303192 0.007291666666666667 0.009259259259259259
2 0.6120508909225464 0.4710976481437683 0.007291666666666667 0.009259259259259259
2 0.6194553375244141 0.5070683360099792 0.007291666666666667 0.009259259259259259
2 0.6234420537948608 0.5273056030273438 0.007291666666666667 0.009259259259259259
2 0.6276935338973999 0.5480199456214905 0.007291666666666667 0.009259259259259259
2 0.563898503780365 0.577724277973175 0.007291666666666667 0.009259259259259259
2 0.5069767832756042 0.5780079364776611 0.007291666666666667 0.009259259259259259
2 0.4506663382053375 0.5782808661460876 0.007291666666666667 0.009259259259259259
