3 0.5387839078903198 0.43852612376213074 0.008854166666666666 0.017592592592592594
1 0.4751492440700531 0.47521159052848816 0.011458333333333333 0.020370370370370372
0 0.4023453891277313 0.503898024559021 0.0109375 0.020370370370370372
3 0.4292248487472534 0.5428704619407654 0.013020833333333334 0.023148148148148147
4 0.46924811601638794 0.5316387414932251 0.0125 0.022222222222222223
3 0.5442922115325928 0.4921092391014099 0.011979166666666667 0.020370370370370372
4 0.5609558820724487 0.4962216913700104 0.011458333333333333 0.020370370370370372
4 0.5753098726272583 0.529463529586792 0.0125 0.021296296296296296
2 0.6171036958694458 0.5530471205711365 0.007291666666666667 0.009259259259259259
2 0.6113755702972412 0.5316470861434937 0.007291666666666667 0.009259259259259259
2 0.6062026619911194 0.512865424156189 0.007291666666666667 0.009259259259259259
2 0.5981795787811279 0.4766347110271454 0.007291666666666667 0.009259259259259259
2 0.5940730571746826 0.4604768753051758 0.007291666666666667 0.009259259259259259
2 0.5902367830276489 0.44519275426864624 0.007291666666666667 0.009259259259259259
2 0.5332444310188293 0.4280203580856323 0.007291666666666667 0.009259259259259259
2 0.49065256118774414 0.4284243583679199 0.007291666666666667 0.009259259259259259
2 0.4480934143066406 0.42795830965042114 0.007291666666666667 0.009259259259259259
2 0.39165815711021423 0.44558337330818176 0.007291666666666667 0.009259259259259259
2 0.38888201117515564 0.46118658781051636 0.007291666666666667 0.009259259259259259
2 0.3863605558872223 0.4767897427082062 0.007291666666666667 0.009259259259259259
2 0.379870742559433 0.5123103260993958 0.007291666666666667 0.009259259259259259
2 0.3764110505580902 0.5322318077087402 0.007291666666666667 0.009259259259259259
2 0.3727058470249176 0.5525791049003601 0.007291666666666667 0.009259259259259259
2 0.43778055906295776 0.5811870098114014 0.007291666666666667 0.009259259259259259
2 0.4953223168849945 0.5810641050338745 0.007291666666666667 0.009259259259259259
2 0.5524410009384155 0.5809344053268433 0.007291666666666667 0.009259259259259259
