3 0.44388633966445923 0.4514296352863312 0.008854166666666666 0.017592592592592594
1 0.505736231803894 0.48742038011550903 0.011458333333333333 0.020370370370370372
0 0.5775255560874939 0.5154846906661987 0.0109375 0.020370370370370372
3 0.5505524277687073 0.5559402108192444 0.013020833333333334 0.023148148148148147
4 0.5110861659049988 0.5449804067611694 0.0125 0.022222222222222223
3 0.43802687525749207 0.5058848261833191 0.011979166666666667 0.020370370370370372
4 0.42181771993637085 0.5103456377983093 0.011458333333333333 0.020370370370370372
4 0.4075865149497986 0.5442813038825989 0.0125 0.021296296296296296
2 0.36703652143478394 0.5687240362167358 0.007291666666666667 0.009259259259259259
2 0.37277841567993164 0.5470024347305298 0.007291666666666667 0.009259259259259259
2 0.37795794010162354 0.5279358625411987 0.007291666666666667 0.009259259259259259
2 0.3860672414302826 0.49118945002555847 0.007291666666666667 0.009259259259259259
2 0.3901919722557068 0.4747938811779022 0.007291666666666667 0.009259259259259259
2 0.3940471410751343 0.4592861533164978 0.007291666666666667 0.009259259259259259
2 0.4493676722049713 0.44065967202186584 0.007291666666666667 0.009259259259259259
2 0.4909166693687439 0.4400898814201355 0.007291666666666667 0.009259259259259259
2 0.532738447189331 0.43862882256507874 0.007291666666666667 0.009259259259259259
2 0.5885429978370667 0.4553876519203186 0.007291666666666667 0.009259259259259259
2 0.5912104249000549 0.47134700417518616 0.007291666666666667 0.009259259259259259
2 0.593626856803894 0.4873296618461609 0.007291666666666667 0.009259259259259259
2 0.5998871922492981 0.5237687230110168 0.007291666666666667 0.009259259259259259
2 0.6032254099845886 0.5442505478858948 0.007291666666666667 0.009259259259259259
2 0.6068118214607239 0.5651991367340088 0.007291666666666667 0.009259259259259259
2 0.5417921543121338 0.5954226851463318 0.007291666666666667 0.009259259259259259
2 0.48504215478897095 0.5958769917488098 0.007291666666666667 0.009259259259259259
2 0.42925021052360535 0.5963158011436462 0.007291666666666667 0.009259259259259259
