2 0.8352197408676147 0.4650035500526428 0.003845238095238095 0.002976190476190476
2 0.7686017751693726 0.4491947293281555 0.003041666666666667 0.003204761904761905
2 0.706809937953949 0.4349799156188965 0.003041666666666667 0.003085714285714286
2 0.586617112159729 0.44331416487693787 0.003711309523809524 0.004276190476190476
2 0.5453277826309204 0.4645644426345825 0.0034880952380952385 0.0035619047619047622
2 0.4997200071811676 0.4880651831626892 0.003785714285714286 0.0035619047619047622
2 0.39446890354156494 0.54347825050354 0.003711309523809524 0.002966666666666667
2 0.3316589295864105 0.5762484073638916 0.004601190476190477 0.004276190476190476
2 0.2614385783672333 0.6123400926589966 0.004303571428571429 0.0041571428571428575
2 0.23913392424583435 0.7134597897529602 0.0059375 0.006176190476190477
2 0.31235969066619873 0.7550377249717712 0.006678571428571429 0.0057
2 0.39549538493156433 0.8022420406341553 0.007050595238095239 0.007004761904761905
2 0.6169529557228088 0.7804845571517944 0.005639880952380952 0.005342857142857143
2 0.6799924373626709 0.7210743427276611 0.005639880952380952 0.0057
2 0.7342738509178162 0.6703253388404846 0.005714285714285714 0.0054619047619047624
2 0.8219638466835022 0.5865702033042908 0.004303571428571429 0.0038
2 0.8583353161811829 0.5525724291801453 0.004229166666666667 0.0041571428571428575
2 0.8911221623420715 0.5217432379722595 0.004898809523809524 0.005104761904761905
3 0.8066818714141846 0.543548047542572 0.015735119047619046 0.025295238095238093
3 0.772861897945404 0.5348674654960632 0.015660714285714285 0.025414285714285712
3 0.6475105881690979 0.45753511786460876 0.012273809523809524 0.01963809523809524
3 0.6074900031089783 0.45350679755210876 0.012273809523809524 0.020690476190476193
3 0.6030398607254028 0.5154395699501038 0.013196428571428572 0.023014285714285713
3 0.3655436933040619 0.6707654595375061 0.01781547619047619 0.03146190476190476
4 0.41534358263015747 0.6544275879859924 0.018211309523809522 0.029980952380952382
4 0.7387996315956116 0.6208192706108093 0.016541666666666666 0.02773809523809524
4 0.40123704075813293 0.581850528717041 0.016142857142857143 0.027419047619047617
0 0.467628538608551 0.650894045829773 0.018333333333333333 0.029652380952380954
1 0.5032452940940857 0.524635910987854 0.013949404761904762 0.024233333333333332
3 0.6439047455787659 0.6872664093971252 0.019529761904761907 0.032523809523809524
