3 0.25356975197792053 0.250021755695343 0.017851190476190475 0.027704761904761906
3 0.23462891578674316 0.3227786123752594 0.015839285714285715 0.02512857142857143
3 0.3981187045574188 0.4010179340839386 0.017047619047619048 0.027061904761904763
1 0.47672784328460693 0.283284455537796 0.01757142857142857 0.02774761904761905
4 0.6273290514945984 0.2807402014732361 0.01620238095238095 0.025923809523809523
4 0.7100271582603455 0.4396573305130005 0.016886904761904763 0.02629047619047619
3 0.7513850331306458 0.412911981344223 0.016886904761904763 0.02665238095238095
0 0.6798732876777649 0.4915381968021393 0.015973214285714285 0.02629047619047619
3 0.6362460851669312 0.7285435199737549 0.014958333333333332 0.02419047619047619
4 0.5036817193031311 0.7485732436180115 0.017532738095238094 0.027795238095238095
3 0.3339586853981018 0.7240272760391235 0.016404761904761905 0.026247619047619047
3 0.3347426652908325 0.6659442782402039 0.01624404761904762 0.02521904761904762
2 0.2513250410556793 0.8103470206260681 0.0048095238095238095 0.007995238095238095
2 0.334227979183197 0.810519278049469 0.004244047619047619 0.008147619047619048
2 0.4172084927558899 0.8109934329986572 0.005375 0.0086
2 0.5830014944076538 0.8111929297447205 0.004148809523809523 0.007995238095238095
2 0.6661359071731567 0.8105489015579224 0.004904761904761905 0.0067904761904761905
2 0.7495851516723633 0.810348391532898 0.004431547619047619 0.0070904761904761904
2 0.8571951985359192 0.6386690139770508 0.004997023809523809 0.007542857142857143
2 0.858137309551239 0.5034408569335938 0.004622023809523809 0.007995238095238095
2 0.8589848875999451 0.3687305748462677 0.00556547619047619 0.008904761904761905
2 0.752410352230072 0.1951950192451477 0.0051875 0.0083
2 0.6682974696159363 0.19509492814540863 0.004904761904761905 0.007995238095238095
2 0.5845916271209717 0.19530047476291656 0.005657738095238096 0.0083
2 0.41761043667793274 0.1956299990415573 0.005279761904761904 0.008752380952380952
2 0.3340563178062439 0.19665110111236572 0.004714285714285714 0.0083
2 0.2504914700984955 0.19730398058891296 0.004904761904761905 0.007695238095238095
2 0.14420868456363678 0.37085413932800293 0.005092261904761905 0.0083
2 0.14427389204502106 0.5053744912147522 0.0048095238095238095 0.009052380952380952
2 0.14470548927783966 0.6399544477462769 0.005092261904761905 0.007847619047619048
