3 0.7306380271911621 0.25458869338035583 0.017851190476190475 0.027704761904761906
3 0.7500999569892883 0.3267384171485901 0.015839285714285715 0.02512857142857143
3 0.5871360301971436 0.4036507308483124 0.017047619047619048 0.027061904761904763
1 0.5087869763374329 0.28795042634010315 0.01757142857142857 0.02774761904761905
4 0.3617154061794281 0.28572139143943787 0.01620238095238095 0.025923809523809523
4 0.2830658555030823 0.439773291349411 0.016886904761904763 0.02629047619047619
3 0.24321956932544708 0.4136973023414612 0.016886904761904763 0.02665238095238095
0 0.31244781613349915 0.49022117257118225 0.015973214285714285 0.02629047619047619
3 0.35622507333755493 0.7204167246818542 0.014958333333333332 0.02419047619047619
4 0.4853093922138214 0.7425891160964966 0.017532738095238094 0.027795238095238095
3 0.6527704000473022 0.7220579385757446 0.016404761904761905 0.026247619047619047
3 0.651658833026886 0.6649103164672852 0.01624404761904762 0.02521904761904762
2 0.7358798980712891 0.80893874168396 0.0048095238095238095 0.007995238095238095
2 0.6529942154884338 0.8070710897445679 0.004244047619047619 0.008147619047619048
2 0.5707229971885681 0.8055124878883362 0.005375 0.0086
2 0.40837645530700684 0.8017112016677856 0.004148809523809523 0.007995238095238095
2 0.3279684782028198 0.7991095781326294 0.004904761904761905 0.0067904761904761905
2 0.24792182445526123 0.7969486713409424 0.004431547619047619 0.0070904761904761904
2 0.14430716633796692 0.6299358606338501 0.004997023809523809 0.007542857142857143
2 0.14234139025211334 0.5001673102378845 0.004622023809523809 0.007995238095238095
2 0.14046695828437805 0.3707434833049774 0.00556547619047619 0.008904761904761905
2 0.24059884250164032 0.20316806435585022 0.0051875 0.0083
2 0.3214768171310425 0.20257891714572906 0.004904761904761905 0.007995238095238095
2 0.40263912081718445 0.20228560268878937 0.005657738095238096 0.0083
2 0.5665862560272217 0.20161385834217072 0.005279761904761904 0.008752380952380952
2 0.6496646404266357 0.20211976766586304 0.004714285714285714 0.0083
2 0.7334551215171814 0.20226438343524933 0.004904761904761905 0.007695238095238095
2 0.8418907523155212 0.37467339634895325 0.005092261904761905 0.0083
2 0.8424739837646484 0.5086053013801575 0.0048095238095238095 0.009052380952380952
2 0.8426845669746399 0.6424140334129333 0.005092261904761905 0.007847619047619048
