3 0.7461084127426147 0.24783016741275787 0.017851190476190475 0.027704761904761906
3 0.764963686466217 0.32014572620391846 0.015839285714285715 0.02512857142857143
3 0.5982086658477783 0.39854514598846436 0.017047619047619048 0.027061904761904763
1 0.5190284252166748 0.28202125430107117 0.01757142857142857 0.02774761904761905
4 0.3665193021297455 0.280227929353714 0.01620238095238095 0.025923809523809523
4 0.2824239134788513 0.4378863573074341 0.016886904761904763 0.02629047619047619
3 0.2408166080713272 0.4115849733352661 0.016886904761904763 0.02665238095238095
0 0.3126574456691742 0.4890820384025574 0.015973214285714285 0.02629047619047619
3 0.35577842593193054 0.7230013608932495 0.014958333333333332 0.02419047619047619
4 0.48954352736473083 0.7427409887313843 0.017532738095238094 0.027795238095238095
3 0.6615756154060364 0.71844881772995 0.016404761904761905 0.026247619047619047
3 0.6611059308052063 0.6609707474708557 0.01624404761904762 0.02521904761904762
2 0.7449706792831421 0.8038459420204163 0.0048095238095238095 0.007995238095238095
2 0.6608173251152039 0.8039700388908386 0.004244047619047619 0.008147619047619048
2 0.576728105545044 0.8043920993804932 0.005375 0.0086
2 0.4091554284095764 0.8044959902763367 0.004148809523809523 0.007995238095238095
2 0.3253469467163086 0.8038151264190674 0.004904761904761905 0.0067904761904761905
2 0.2413633018732071 0.8035715818405151 0.004431547619047619 0.0070904761904761904
2 0.13371597230434418 0.6345906853675842 0.004997023809523809 0.007542857142857143
2 0.133116215467453 0.5013031959533691 0.004622023809523809 0.007995238095238095
2 0.13260933756828308 0.36832308769226074 0.00556547619047619 0.008904761904761905
2 0.24047641456127167 0.19610148668289185 0.0051875 0.0083
2 0.3254256546497345 0.19552043080329895 0.004904761904761905 0.007995238095238095
2 0.41010937094688416 0.19524414837360382 0.005657738095238096 0.0083
2 0.5794801115989685 0.19461150467395782 0.005279761904761904 0.008752380952380952
2 0.6644450426101685 0.19514629244804382 0.004714285714285714 0.0083
2 0.7495696544647217 0.1953151375055313 0.004904761904761905 0.007695238095238095
2 0.8568798303604126 0.3676028251647949 0.005092261904761905 0.0083
2 0.8559044003486633 0.5013816952705383 0.0048095238095238095 0.009052380952380952
2 0.8545566201210022 0.635012686252594 0.005092261904761905 0.007847619047619048
