3 0.17083562910556793 0.49992257356643677 0.024479166666666666 0.04259259259259259
0 0.2638773024082184 0.40065068006515503 0.025520833333333333 0.04259259259259259
3 0.699829638004303 0.8346648216247559 0.024479166666666666 0.041666666666666664
1 0.8364128470420837 0.4248700439929962 0.024479166666666666 0.04351851851851852
3 0.8390764594078064 0.5740901827812195 0.024479166666666666 0.040740740740740744
3 0.8780894875526428 0.3291153907775879 0.025 0.04259259259259259
2 0.9241058230400085 0.6859140992164612 0.007291666666666667 0.012962962962962963
2 0.9213610291481018 0.5040679574012756 0.007291666666666667 0.012962962962962963
2 0.9201870560646057 0.32222604751586914 0.007291666666666667 0.012962962962962963
2 0.7902269959449768 0.10557972639799118 0.007291666666666667 0.012962962962962963
2 0.6880416870117188 0.10547894239425659 0.007291666666666667 0.012962962962962963
2 0.5865978002548218 0.10758297145366669 0.007291666666666667 0.012962962962962963
2 0.38260892033576965 0.1047390028834343 0.007291666666666667 0.012962962962962963
2 0.28235065937042236 0.1046411544084549 0.007291666666666667 0.012962962962962963
2 0.18181546032428741 0.10366978496313095 0.007291666666666667 0.012962962962962963
2 0.05440400540828705 0.32052692770957947 0.007291666666666667 0.012962962962962963
2 0.05301361158490181 0.49606841802597046 0.007291666666666667 0.012962962962962963
2 0.05187072604894638 0.6719910502433777 0.007291666666666667 0.012962962962962963
2 0.17521698772907257 0.8956154584884644 0.007291666666666667 0.012962962962962963
2 0.2783263027667999 0.8971942663192749 0.007291666666666667 0.012962962962962963
2 0.3809160888195038 0.8978646397590637 0.007291666666666667 0.012962962962962963
2 0.587322473526001 0.902811586856842 0.007291666666666667 0.012962962962962963
2 0.6911500692367554 0.9053006172180176 0.007291666666666667 0.012962962962962963
2 0.795484185218811 0.9078017473220825 0.007291666666666667 0.012962962962962963
