1 0.2613091766834259 0.3624512553215027 0.023958333333333335 0.04351851851851852
0 0.2875417172908783 0.32105588912963867 0.023958333333333335 0.04259259259259259
3 0.5458301305770874 0.7653796672821045 0.023958333333333335 0.041666666666666664
3 0.8101010918617249 0.5498597025871277 0.025 0.041666666666666664
3 0.8762037754058838 0.340732604265213 0.025 0.041666666666666664
2 0.9237562417984009 0.6739856004714966 0.007291666666666667 0.012962962962962963
2 0.9200082421302795 0.5057911276817322 0.007291666666666667 0.012962962962962963
2 0.9149847626686096 0.3349727392196655 0.007291666666666667 0.012962962962962963
2 0.7899815440177917 0.12913911044597626 0.007291666666666667 0.012962962962962963
2 0.6916643977165222 0.12537842988967896 0.007291666666666667 0.012962962962962963
2 0.5915308594703674 0.12113014608621597 0.007291666666666667 0.012962962962962963
2 0.3925406038761139 0.11183944344520569 0.007291666666666667 0.012962962962962963
2 0.2926998734474182 0.10801709443330765 0.007291666666666667 0.012962962962962963
2 0.1915178894996643 0.10288096964359283 0.007291666666666667 0.012962962962962963
2 0.06384970247745514 0.3085947632789612 0.007291666666666667 0.012962962962962963
2 0.0653979629278183 0.47784650325775146 0.007291666666666667 0.012962962962962963
2 0.06517556309700012 0.6504011154174805 0.007291666666666667 0.012962962962962963
2 0.19257615506649017 0.8662723898887634 0.007291666666666667 0.012962962962962963
2 0.29710865020751953 0.8689926862716675 0.007291666666666667 0.012962962962962963
2 0.3979921340942383 0.8716180324554443 0.007291666666666667 0.012962962962962963
2 0.602538526058197 0.8752332925796509 0.007291666666666667 0.012962962962962963
2 0.7024582624435425 0.8799675703048706 0.007291666666666667 0.012962962962962963
2 0.8032817244529724 0.8825907111167908 0.007291666666666667 0.012962962962962963
