1 0.254876971244812 0.3791643977165222 0.023958333333333335 0.04351851851851852
0 0.28084704279899597 0.33660948276519775 0.023958333333333335 0.04259259259259259
3 0.5321552753448486 0.778262197971344 0.023958333333333335 0.041666666666666664
3 0.8094090819358826 0.5523722767829895 0.025 0.041666666666666664
3 0.8838893175125122 0.33084774017333984 0.025 0.041666666666666664
2 0.9287387728691101 0.6797488331794739 0.007291666666666667 0.012962962962962963
2 0.9279752969741821 0.5030604004859924 0.007291666666666667 0.012962962962962963
2 0.9258781671524048 0.3229869604110718 0.007291666666666667 0.012962962962962963
2 0.7955073118209839 0.11279627680778503 0.007291666666666667 0.012962962962962963
2 0.6918416619300842 0.11509513109922409 0.007291666666666667 0.012962962962962963
2 0.5880064368247986 0.11696534603834152 0.007291666666666667 0.012962962962962963
2 0.3867083787918091 0.1197279617190361 0.007291666666666667 0.012962962962962963
2 0.2881428301334381 0.12192757427692413 0.007291666666666667 0.012962962962962963
2 0.1898784637451172 0.12285683304071426 0.007291666666666667 0.012962962962962963
2 0.06650809943675995 0.333744615316391 0.007291666666666667 0.012962962962962963
2 0.06666399538516998 0.5002092719078064 0.007291666666666667 0.012962962962962963
2 0.06513341516256332 0.6692830920219421 0.007291666666666667 0.012962962962962963
2 0.1838371902704239 0.8799483776092529 0.007291666666666667 0.012962962962962963
2 0.2844052016735077 0.8827760815620422 0.007291666666666667 0.012962962962962963
2 0.38307926058769226 0.8855506181716919 0.007291666666666667 0.012962962962962963
2 0.5882094502449036 0.8895832896232605 0.007291666666666667 0.012962962962962963
2 0.6909065842628479 0.8946426510810852 0.007291666666666667 0.012962962962962963
2 0.7963087558746338 0.897609293460846 0.007291666666666667 0.012962962962962963
