4 0.3670264482498169 0.17482689023017883 0.025520833333333333 0.044444444444444446
4 0.4411296844482422 0.1576227843761444 0.025 0.04351851851851852
3 0.4813293516635895 0.6325770616531372 0.025520833333333333 0.04259259259259259
4 0.5021437406539917 0.7679576277732849 0.0234375 0.04537037037037037
4 0.5816547274589539 0.31387755274772644 0.024479166666666666 0.04351851851851852
4 0.6528841853141785 0.28362348675727844 0.0234375 0.04259259259259259
1 0.7153021097183228 0.4672534465789795 0.023958333333333335 0.04351851851851852
0 0.7420834898948669 0.4896986186504364 0.022916666666666665 0.041666666666666664
4 0.765269935131073 0.4677199721336365 0.023958333333333335 0.04259259259259259
3 0.7829925417900085 0.4389389753341675 0.024479166666666666 0.041666666666666664
3 0.8086097836494446 0.5226016044616699 0.023958333333333335 0.04259259259259259
3 0.8235198855400085 0.3878776431083679 0.025 0.04259259259259259
2 0.9313511252403259 0.6765395998954773 0.007291666666666667 0.012962962962962963
2 0.9269912242889404 0.492391973733902 0.007291666666666667 0.012962962962962963
2 0.9232010245323181 0.3105080723762512 0.007291666666666667 0.012962962962962963
2 0.7956334352493286 0.0924374982714653 0.007291666666666667 0.012962962962962963
2 0.6949195265769958 0.09071385860443115 0.007291666666666667 0.012962962962962963
2 0.5950053930282593 0.09162530303001404 0.007291666666666667 0.012962962962962963
2 0.39299824833869934 0.09211798757314682 0.007291666666666667 0.012962962962962963
2 0.2934437394142151 0.08996833860874176 0.007291666666666667 0.012962962962962963
2 0.19341735541820526 0.08912848681211472 0.007291666666666667 0.012962962962962963
2 0.06478723138570786 0.3061783015727997 0.007291666666666667 0.012962962962962963
2 0.060991667211055756 0.48537173867225647 0.007291666666666667 0.012962962962962963
2 0.0568772628903389 0.6676505208015442 0.007291666666666667 0.012962962962962963
2 0.1770566999912262 0.8985865116119385 0.007291666666666667 0.012962962962962963
2 0.28376927971839905 0.8974502086639404 0.007291666666666667 0.012962962962962963
2 0.386625736951828 0.899510383605957 0.007291666666666667 0.012962962962962963
2 0.5955895185470581 0.9013466835021973 0.007291666666666667 0.012962962962962963
2 0.7004086971282959 0.9048430323600769 0.007291666666666667 0.012962962962962963
2 0.8050234913825989 0.9074037075042725 0.007291666666666667 0.012962962962962963
