4 0.35250791907310486 0.20036228001117706 0.025520833333333333 0.044444444444444446
4 0.4265066683292389 0.18001112341880798 0.025 0.04351851851851852
3 0.47352826595306396 0.6469199061393738 0.025520833333333333 0.04259259259259259
4 0.49575087428092957 0.7762357592582703 0.0234375 0.04537037037037037
4 0.5701010227203369 0.3313407003879547 0.024479166666666666 0.04351851851851852
4 0.6420749425888062 0.2984597980976105 0.0234375 0.04259259259259259
1 0.7061423063278198 0.4794165790081024 0.023958333333333335 0.04351851851851852
0 0.7333254218101501 0.5008258819580078 0.022916666666666665 0.041666666666666664
4 0.7568680047988892 0.4784011244773865 0.023958333333333335 0.04259259259259259
3 0.7749398350715637 0.44928956031799316 0.024479166666666666 0.041666666666666664
3 0.8008983731269836 0.5314605236053467 0.023958333333333335 0.04259259259259259
3 0.8165091872215271 0.3970356583595276 0.025 0.04259259259259259
2 0.9251559972763062 0.6797264814376831 0.007291666666666667 0.012962962962962963
2 0.9222354292869568 0.4981684386730194 0.007291666666666667 0.012962962962962963
2 0.9198352694511414 0.31562569737434387 0.007291666666666667 0.012962962962962963
2 0.7884561419487 0.09810427576303482 0.007291666666666667 0.012962962962962963
2 0.6842572689056396 0.10092759132385254 0.007291666666666667 0.012962962962962963
2 0.5817323327064514 0.10638336837291718 0.007291666666666667 0.012962962962962963
2 0.37696945667266846 0.11591161787509918 0.007291666666666667 0.012962962962962963
2 0.27722516655921936 0.11813836544752121 0.007291666666666667 0.012962962962962963
2 0.17782320082187653 0.12168385833501816 0.007291666666666667 0.012962962962962963
2 0.05848909914493561 0.3418007791042328 0.007291666666666667 0.012962962962962963
2 0.06075846403837204 0.5156685709953308 0.007291666666666667 0.012962962962962963
2 0.06278534233570099 0.6894665360450745 0.007291666666666667 0.012962962962962963
2 0.18406060338020325 0.9038352370262146 0.007291666666666667 0.012962962962962963
2 0.2860069274902344 0.9014886021614075 0.007291666666666667 0.012962962962962963
2 0.3851318359375 0.902163028717041 0.007291666666666667 0.012962962962962963
2 0.5888870358467102 0.9013324975967407 0.007291666666666667 0.012962962962962963
2 0.6923441290855408 0.9033512473106384 0.007291666666666667 0.012962962962962963
2 0.7964175939559937 0.9044983386993408 0.007291666666666667 0.012962962962962963
