4 0.6393066048622131 0.18230116367340088 0.025 0.04537037037037037
4 0.5669878125190735 0.16690775752067566 0.025 0.04351851851851852
3 0.521359384059906 0.6385679244995117 0.025520833333333333 0.04259259259259259
4 0.496442049741745 0.7582785487174988 0.024479166666666666 0.04351851851851852
4 0.4270543158054352 0.3193478286266327 0.024479166666666666 0.04259259259259259
4 0.35803017020225525 0.28823527693748474 0.023958333333333335 0.04259259259259259
1 0.2957633137702942 0.46988874673843384 0.024479166666666666 0.041666666666666664
0 0.2702586352825165 0.49199771881103516 0.0234375 0.041666666666666664
4 0.24793638288974762 0.4699655771255493 0.024479166666666666 0.041666666666666664
3 0.23087157309055328 0.44037407636642456 0.024479166666666666 0.041666666666666664
3 0.19182859361171722 0.3912428021430969 0.025 0.04351851851851852
3 0.20669399201869965 0.5217241048812866 0.025 0.040740740740740744
2 0.08714917302131653 0.6709344387054443 0.007291666666666667 0.012962962962962963
2 0.09041481465101242 0.4910477101802826 0.007291666666666667 0.012962962962962963
2 0.09393546730279922 0.31161776185035706 0.007291666666666667 0.012962962962962963
2 0.2192154824733734 0.096342533826828 0.007291666666666667 0.012962962962962963
2 0.31987327337265015 0.09614353626966476 0.007291666666666667 0.012962962962962963
2 0.4178188741207123 0.0981529951095581 0.007291666666666667 0.012962962962962963
2 0.6154000759124756 0.09818194061517715 0.007291666666666667 0.012962962962962963
2 0.7127611041069031 0.10017839074134827 0.007291666666666667 0.012962962962962963
2 0.8109486699104309 0.09953074157238007 0.007291666666666667 0.012962962962962963
2 0.9275508522987366 0.31807631254196167 0.007291666666666667 0.012962962962962963
2 0.9241319298744202 0.48974981904029846 0.007291666666666667 0.012962962962962963
2 0.9217992424964905 0.6670989394187927 0.007291666666666667 0.012962962962962963
2 0.7983443140983582 0.8819128274917603 0.007291666666666667 0.012962962962962963
2 0.7007457613945007 0.881700336933136 0.007291666666666667 0.012962962962962963
2 0.6019561290740967 0.8827944993972778 0.007291666666666667 0.012962962962962963
2 0.4071893095970154 0.8849514722824097 0.007291666666666667 0.012962962962962963
2 0.3092959225177765 0.8842916488647461 0.007291666666666667 0.012962962962962963
2 0.2089565098285675 0.8862728476524353 0.007291666666666667 0.012962962962962963
