4 0.3674551546573639 0.1810632050037384 0.025 0.04537037037037037
4 0.4437409043312073 0.16596288979053497 0.025 0.04351851851851852
3 0.48449939489364624 0.6515998244285583 0.025520833333333333 0.04259259259259259
4 0.5090519189834595 0.7759786248207092 0.024479166666666666 0.04351851851851852
4 0.587899386882782 0.3225577771663666 0.024479166666666666 0.04259259259259259
4 0.6600683927536011 0.2911164462566376 0.023958333333333335 0.04259259259259259
1 0.722720742225647 0.4767884314060211 0.024479166666666666 0.041666666666666664
0 0.7489438652992249 0.49939966201782227 0.0234375 0.041666666666666664
4 0.7722548246383667 0.47682246565818787 0.024479166666666666 0.041666666666666664
3 0.7901501059532166 0.4465801417827606 0.024479166666666666 0.041666666666666664
3 0.8307950496673584 0.39653682708740234 0.025 0.04351851851851852
3 0.8144250512123108 0.5296991467475891 0.025 0.040740740740740744
2 0.9365381002426147 0.6819716095924377 0.007291666666666667 0.012962962962962963
2 0.9342241883277893 0.4981371760368347 0.007291666666666667 0.012962962962962963
2 0.9316633939743042 0.31604647636413574 0.007291666666666667 0.012962962962962963
2 0.8050661683082581 0.09791694581508636 0.007291666666666667 0.012962962962962963
2 0.7016205191612244 0.09660763293504715 0.007291666666666667 0.012962962962962963
2 0.6003036499023438 0.09755690395832062 0.007291666666666667 0.012962962962962963
2 0.3940427899360657 0.09538793563842773 0.007291666666666667 0.012962962962962963
2 0.2914107143878937 0.09633559733629227 0.007291666666666667 0.012962962962962963
2 0.18730710446834564 0.09456814080476761 0.007291666666666667 0.012962962962962963
2 0.05761394649744034 0.31922096014022827 0.007291666666666667 0.012962962962962963
2 0.057192228734493256 0.49814996123313904 0.007291666666666667 0.012962962962962963
2 0.05545330047607422 0.6842942237854004 0.007291666666666667 0.012962962962962963
2 0.18419183790683746 0.9097369313240051 0.007291666666666667 0.012962962962962963
2 0.28932419419288635 0.9080502390861511 0.007291666666666667 0.012962962962962963
2 0.39504146575927734 0.9077308177947998 0.007291666666666667 0.012962962962962963
2 0.6015156507492065 0.9071070551872253 0.007291666666666667 0.012962962962962963
2 0.7043465971946716 0.9049791693687439 0.007291666666666667 0.012962962962962963
2 0.8090552091598511 0.9055721759796143 0.007291666666666667 0.012962962962962963
