3 0.7025250792503357 0.5784907937049866 0.025 0.04351851851851852
4 0.6104260683059692 0.7952937483787537 0.023958333333333335 0.04351851851851852
4 0.6330100893974304 0.19171440601348877 0.026041666666666668 0.044444444444444446
4 0.5566798448562622 0.17637072503566742 0.025 0.04351851851851852
4 0.3511306047439575 0.3882739543914795 0.023958333333333335 0.04259259259259259
0 0.2538345456123352 0.5059969425201416 0.0234375 0.041666666666666664
3 0.2591616213321686 0.40182003378868103 0.023958333333333335 0.04259259259259259
4 0.2303605079650879 0.484134703874588 0.023958333333333335 0.04259259259259259
1 0.2114260196685791 0.39424511790275574 0.024479166666666666 0.04259259259259259
3 0.18832626938819885 0.5368766188621521 0.023958333333333335 0.041666666666666664
3 0.111881785094738 0.3791320025920868 0.024479166666666666 0.04259259259259259
2 0.1930699199438095 0.10799014568328857 0.007291666666666667 0.012962962962962963
2 0.29728254675865173 0.11194389313459396 0.007291666666666667 0.012962962962962963
2 0.39897245168685913 0.11280755698680878 0.007291666666666667 0.012962962962962963
2 0.6053898334503174 0.10738293826580048 0.007291666666666667 0.012962962962962963
2 0.7078272104263306 0.10556688159704208 0.007291666666666667 0.012962962962962963
2 0.8124144077301025 0.10373067855834961 0.007291666666666667 0.012962962962962963
2 0.9418031573295593 0.3232682943344116 0.007291666666666667 0.012962962962962963
2 0.9417147040367126 0.5026054978370667 0.007291666666666667 0.012962962962962963
2 0.9436807632446289 0.681585431098938 0.007291666666666667 0.012962962962962963
2 0.8153230547904968 0.8995267152786255 0.007291666666666667 0.012962962962962963
2 0.7119959592819214 0.8983945846557617 0.007291666666666667 0.012962962962962963
2 0.6082419157028198 0.8990145325660706 0.007291666666666667 0.012962962962962963
2 0.40251266956329346 0.9002437591552734 0.007291666666666667 0.012962962962962963
2 0.30256402492523193 0.899531364440918 0.007291666666666667 0.012962962962962963
2 0.19763000309467316 0.9027768969535828 0.007291666666666667 0.012962962962962963
2 0.06938924640417099 0.6822725534439087 0.007291666666666667 0.012962962962962963
2 0.06964641064405441 0.5069379210472107 0.007291666666666667 0.012962962962962963
2 0.06834511458873749 0.32864660024642944 0.007291666666666667 0.012962962962962963
