3 0.8766511678695679 0.5498281121253967 0.025520833333333333 0.04351851851851852
4 0.7359950542449951 0.6833102107048035 0.023958333333333335 0.04259259259259259
4 0.6161209940910339 0.7715733051300049 0.024479166666666666 0.04351851851851852
4 0.6381932497024536 0.1846553236246109 0.025520833333333333 0.04351851851851852
4 0.5650913119316101 0.1678995043039322 0.025 0.044444444444444446
3 0.2741140127182007 0.38076379895210266 0.024479166666666666 0.041666666666666664
0 0.2683033347129822 0.482481449842453 0.022916666666666665 0.03981481481481482
4 0.2455729991197586 0.4606749713420868 0.024479166666666666 0.041666666666666664
1 0.2238205224275589 0.4904617965221405 0.024479166666666666 0.04259259259259259
3 0.1779913753271103 0.4871617555618286 0.024479166666666666 0.040740740740740744
3 0.12864679098129272 0.35617291927337646 0.024479166666666666 0.040740740740740744
2 0.08483840525150299 0.6573290228843689 0.007291666666666667 0.012962962962962963
2 0.08633245527744293 0.4805448055267334 0.007291666666666667 0.012962962962962963
2 0.08756516873836517 0.30720648169517517 0.007291666666666667 0.012962962962962963
2 0.21210139989852905 0.09570901840925217 0.007291666666666667 0.012962962962962963
2 0.31387823820114136 0.09840890020132065 0.007291666666666667 0.012962962962962963
2 0.41197508573532104 0.10019285976886749 0.007291666666666667 0.012962962962962963
2 0.6117016077041626 0.10423234850168228 0.007291666666666667 0.012962962962962963
2 0.7113134264945984 0.10432204604148865 0.007291666666666667 0.012962962962962963
2 0.8105119466781616 0.10441137105226517 0.007291666666666667 0.012962962962962963
2 0.9347021579742432 0.3160603940486908 0.007291666666666667 0.012962962962962963
2 0.935431182384491 0.48895618319511414 0.007291666666666667 0.012962962962962963
2 0.9366499185562134 0.6613820791244507 0.007291666666666667 0.012962962962962963
2 0.814876914024353 0.8739668726921082 0.007291666666666667 0.012962962962962963
2 0.7134497165679932 0.8724685907363892 0.007291666666666667 0.012962962962962963
2 0.6138439774513245 0.8726885914802551 0.007291666666666667 0.012962962962962963
2 0.4126321077346802 0.8731330037117004 0.007291666666666667 0.012962962962962963
2 0.3122780919075012 0.8742249011993408 0.007291666666666667 0.012962962962962963
2 0.20922179520130157 0.8744544386863708 0.007291666666666667 0.012962962962962963
