3 0.8811066150665283 0.5728340744972229 0.025520833333333333 0.04351851851851852
4 0.7318823933601379 0.7130537629127502 0.023958333333333335 0.04259259259259259
4 0.6062504053115845 0.8047329783439636 0.024479166666666666 0.04351851851851852
4 0.6350842714309692 0.18829810619354248 0.025520833333333333 0.04351851851851852
4 0.559113085269928 0.17144903540611267 0.025 0.044444444444444446
3 0.25793880224227905 0.3969312310218811 0.024479166666666666 0.041666666666666664
0 0.25137344002723694 0.5027479529380798 0.022916666666666665 0.03981481481481482
4 0.22838357090950012 0.4801427125930786 0.024479166666666666 0.041666666666666664
1 0.20610493421554565 0.5111081004142761 0.024479166666666666 0.04259259259259259
3 0.15965992212295532 0.507760226726532 0.024479166666666666 0.040740740740740744
3 0.11041668802499771 0.37214502692222595 0.024479166666666666 0.040740740740740744
2 0.06483883410692215 0.6834576725959778 0.007291666666666667 0.012962962962962963
2 0.06713538616895676 0.50107342004776 0.007291666666666667 0.012962962962962963
2 0.06916073709726334 0.32162314653396606 0.007291666666666667 0.012962962962962963
2 0.1964915543794632 0.1001502051949501 0.007291666666666667 0.012962962962962963
2 0.30044272541999817 0.10158003866672516 0.007291666666666667 0.012962962962962963
2 0.4012322425842285 0.10210605710744858 0.007291666666666667 0.012962962962962963
2 0.6082550883293152 0.10361726582050323 0.007291666666666667 0.012962962962962963
2 0.7124487161636353 0.10233601182699203 0.007291666666666667 0.012962962962962963
2 0.8168307542800903 0.10105244070291519 0.007291666666666667 0.012962962962962963
2 0.9455603361129761 0.3248479962348938 0.007291666666666667 0.012962962962962963
2 0.9440265893936157 0.5083808898925781 0.007291666666666667 0.012962962962962963
2 0.9430220723152161 0.6907984614372253 0.007291666666666667 0.012962962962962963
2 0.8121916055679321 0.913571298122406 0.007291666666666667 0.012962962962962963
2 0.7062937617301941 0.9109493494033813 0.007291666666666667 0.012962962962962963
2 0.6028989553451538 0.9101518392562866 0.007291666666666667 0.012962962962962963
2 0.3958897292613983 0.9085550308227539 0.007291666666666667 0.012962962962962963
2 0.29355573654174805 0.9086642265319824 0.007291666666666667 0.012962962962962963
2 0.18910087645053864 0.9078577160835266 0.007291666666666667 0.012962962962962963
