4 0.6142396330833435 0.7815427184104919 0.024479166666666666 0.04259259259259259
3 0.7053890228271484 0.5688097476959229 0.025520833333333333 0.04351851851851852
4 0.6353683471679688 0.19462046027183533 0.026041666666666668 0.044444444444444446
4 0.5616961717605591 0.17786408960819244 0.025 0.04351851851851852
4 0.35799506306648254 0.3743671178817749 0.023958333333333335 0.04259259259259259
3 0.26646286249160767 0.3865402936935425 0.024479166666666666 0.041666666666666664
0 0.25925150513648987 0.4862259328365326 0.022916666666666665 0.040740740740740744
4 0.23624654114246368 0.46480831503868103 0.024479166666666666 0.041666666666666664
1 0.21978901326656342 0.37810611724853516 0.024479166666666666 0.04259259259259259
3 0.1941458284854889 0.5161637663841248 0.024479166666666666 0.040740740740740744
3 0.12043409049510956 0.3598737120628357 0.025 0.040740740740740744
2 0.07222476601600647 0.6584122180938721 0.007291666666666667 0.012962962962962963
2 0.07587499916553497 0.4849960207939148 0.007291666666666667 0.012962962962962963
2 0.08027326315641403 0.3115804195404053 0.007291666666666667 0.012962962962962963
2 0.20690502226352692 0.1079271212220192 0.007291666666666667 0.012962962962962963
2 0.3077760636806488 0.11040820926427841 0.007291666666666667 0.012962962962962963
2 0.40814271569252014 0.11162581294775009 0.007291666666666667 0.012962962962962963
2 0.6088373064994812 0.11531555652618408 0.007291666666666667 0.012962962962962963
2 0.7094132900238037 0.11611832678318024 0.007291666666666667 0.012962962962962963
2 0.8104650378227234 0.11609251797199249 0.007291666666666667 0.012962962962962963
2 0.939160168170929 0.3267534077167511 0.007291666666666667 0.012962962962962963
2 0.943125307559967 0.49894505739212036 0.007291666666666667 0.012962962962962963
2 0.9471805095672607 0.6758793592453003 0.007291666666666667 0.012962962962962963
2 0.8211352229118347 0.8900517225265503 0.007291666666666667 0.012962962962962963
2 0.7162120342254639 0.8870620727539062 0.007291666666666667 0.012962962962962963
2 0.6128383278846741 0.8845387697219849 0.007291666666666667 0.012962962962962963
2 0.40503057837486267 0.8821265697479248 0.007291666666666667 0.012962962962962963
2 0.300851047039032 0.8800323009490967 0.007291666666666667 0.012962962962962963
2 0.19638963043689728 0.879259467124939 0.007291666666666667 0.012962962962962963
