4 0.6131948828697205 0.7982961535453796 0.024479166666666666 0.04259259259259259
3 0.7060975432395935 0.5764039158821106 0.025520833333333333 0.04351851851851852
4 0.637084424495697 0.17813123762607574 0.026041666666666668 0.044444444444444446
4 0.5614436864852905 0.16102288663387299 0.025 0.04351851851851852
4 0.3541533648967743 0.3750639855861664 0.023958333333333335 0.04259259259259259
3 0.26149871945381165 0.3891732394695282 0.024479166666666666 0.041666666666666664
0 0.2554459869861603 0.4946956932544708 0.022916666666666665 0.040740740740740744
4 0.2319733202457428 0.47239789366722107 0.024479166666666666 0.041666666666666664
1 0.21413417160511017 0.380802184343338 0.024479166666666666 0.04259259259259259
3 0.19032005965709686 0.5269200801849365 0.024479166666666666 0.040740740740740744
3 0.11330285668373108 0.3626862168312073 0.025 0.040740740740740744
2 0.07079772651195526 0.6764957308769226 0.007291666666666667 0.012962962962962963
2 0.07086493074893951 0.49555081129074097 0.007291666666666667 0.012962962962962963
2 0.07169091701507568 0.3117383122444153 0.007291666666666667 0.012962962962962963
2 0.19699449837207794 0.09027907997369766 0.007291666666666667 0.012962962962962963
2 0.30044785141944885 0.09144329279661179 0.007291666666666667 0.012962962962962963
2 0.40352386236190796 0.09123872965574265 0.007291666666666667 0.012962962962962963
2 0.6101092100143433 0.09219978749752045 0.007291666666666667 0.012962962962962963
2 0.713877260684967 0.09153863042593002 0.007291666666666667 0.012962962962962963
2 0.8183133006095886 0.08996247500181198 0.007291666666666667 0.012962962962962963
2 0.947536289691925 0.3165522813796997 0.007291666666666667 0.012962962962962963
2 0.9483341574668884 0.5000914335250854 0.007291666666666667 0.012962962962962963
2 0.9491220116615295 0.6857388019561768 0.007291666666666667 0.012962962962962963
2 0.8191196322441101 0.9076461791992188 0.007291666666666667 0.012962962962962963
2 0.7144297957420349 0.9054657220840454 0.007291666666666667 0.012962962962962963
2 0.6114285588264465 0.9037506580352783 0.007291666666666667 0.012962962962962963
2 0.40482789278030396 0.903017520904541 0.007291666666666667 0.012962962962962963
2 0.3014848828315735 0.9017510414123535 0.007291666666666667 0.012962962962962963
2 0.19803443551063538 0.901831328868866 0.007291666666666667 0.012962962962962963
