4 0.3714553117752075 0.7823365926742554 0.024479166666666666 0.04259259259259259
3 0.2856059968471527 0.5685449838638306 0.025520833333333333 0.04351851851851852
4 0.35614457726478577 0.19496437907218933 0.026041666666666668 0.044444444444444446
4 0.4288358688354492 0.17759445309638977 0.025 0.04351851851851852
4 0.6316800713539124 0.38041073083877563 0.023958333333333335 0.04259259259259259
3 0.7262284755706787 0.39444854855537415 0.024479166666666666 0.041666666666666664
0 0.7318538427352905 0.4980945289134979 0.022916666666666665 0.040740740740740744
4 0.756327211856842 0.47645923495292664 0.024479166666666666 0.041666666666666664
1 0.7753775119781494 0.38639405369758606 0.024479166666666666 0.04259259259259259
3 0.7995660305023193 0.5310136675834656 0.024479166666666666 0.040740740740740744
3 0.881618320941925 0.36869004368782043 0.025 0.040740740740740744
2 0.9263140559196472 0.6839645504951477 0.007291666666666667 0.012962962962962963
2 0.9266698956489563 0.5017479062080383 0.007291666666666667 0.012962962962962963
2 0.9262161254882812 0.3179168999195099 0.007291666666666667 0.012962962962962963
2 0.7946526408195496 0.10156372934579849 0.007291666666666667 0.012962962962962963
2 0.6881999373435974 0.10545556992292404 0.007291666666666667 0.012962962962962963
2 0.5844070315361023 0.1079479232430458 0.007291666666666667 0.012962962962962963
2 0.38289037346839905 0.11406812071800232 0.007291666666666667 0.012962962962962963
2 0.28482767939567566 0.11598856747150421 0.007291666666666667 0.012962962962962963
2 0.18818625807762146 0.11704763025045395 0.007291666666666667 0.012962962962962963
2 0.06750494986772537 0.32572492957115173 0.007291666666666667 0.012962962962962963
2 0.06367861479520798 0.49345460534095764 0.007291666666666667 0.012962962962962963
2 0.0598016120493412 0.664165735244751 0.007291666666666667 0.012962962962962963
2 0.17503872513771057 0.8763646483421326 0.007291666666666667 0.012962962962962963
2 0.27322667837142944 0.8798057436943054 0.007291666666666667 0.012962962962962963
2 0.3718779981136322 0.8836772441864014 0.007291666666666667 0.012962962962962963
2 0.5761371850967407 0.8943551778793335 0.007291666666666667 0.012962962962962963
2 0.6816710233688354 0.8989773988723755 0.007291666666666667 0.012962962962962963
2 0.789645254611969 0.9050617814064026 0.007291666666666667 0.012962962962962963
