4 0.3872325122356415 0.7805963158607483 0.024479166666666666 0.04259259259259259
3 0.2967839539051056 0.565057635307312 0.025520833333333333 0.04351851851851852
4 0.3660282790660858 0.17982682585716248 0.026041666666666668 0.044444444444444446
4 0.43975532054901123 0.16224102675914764 0.025 0.04351851851851852
4 0.6423217058181763 0.36474609375 0.023958333333333335 0.04259259259259259
3 0.7332732081413269 0.37697693705558777 0.024479166666666666 0.041666666666666664
0 0.7396292090415955 0.47914862632751465 0.022916666666666665 0.040740740740740744
4 0.762630820274353 0.45715585350990295 0.024479166666666666 0.041666666666666664
1 0.7797467112541199 0.36816439032554626 0.024479166666666666 0.04259259259259259
3 0.8039034008979797 0.5095216631889343 0.024479166666666666 0.040740740740740744
3 0.8787004947662354 0.34911444783210754 0.025 0.040740740740740744
2 0.922896683216095 0.6538323163986206 0.007291666666666667 0.012962962962962963
2 0.921433687210083 0.4772721529006958 0.007291666666666667 0.012962962962962963
2 0.9192144274711609 0.29927343130111694 0.007291666666666667 0.012962962962962963
2 0.7951104044914246 0.0886574536561966 0.007291666666666667 0.012962962962962963
2 0.6941537857055664 0.091477170586586 0.007291666666666667 0.012962962962962963
2 0.5936645865440369 0.09298121929168701 0.007291666666666667 0.012962962962962963
2 0.39257723093032837 0.09729837626218796 0.007291666666666667 0.012962962962962963
2 0.2917323410511017 0.0983731746673584 0.007291666666666667 0.012962962962962963
2 0.1903543472290039 0.0985860824584961 0.007291666666666667 0.012962962962962963
2 0.062801294028759 0.31744077801704407 0.007291666666666667 0.012962962962962963
2 0.06018225476145744 0.49449124932289124 0.007291666666666667 0.012962962962962963
2 0.05753186717629433 0.6749400496482849 0.007291666666666667 0.012962962962962963
2 0.18345636129379272 0.890804648399353 0.007291666666666667 0.012962962962962963
2 0.2868243455886841 0.8873329162597656 0.007291666666666667 0.012962962962962963
2 0.3886229693889618 0.8843380212783813 0.007291666666666667 0.012962962962962963
2 0.5931175351142883 0.8809939622879028 0.007291666666666667 0.012962962962962963
2 0.6955652832984924 0.8784299492835999 0.007291666666666667 0.012962962962962963
2 0.7982302904129028 0.8771927356719971 0.007291666666666667 0.012962962962962963
