1 0.8518954515457153 0.42510297894477844 0.025520833333333333 0.041666666666666664
4 0.6878913640975952 0.8169543147087097 0.024479166666666666 0.04259259259259259
4 0.6153180003166199 0.7947188019752502 0.024479166666666666 0.04259259259259259
3 0.5875206589698792 0.5937851071357727 0.025 0.04259259259259259
4 0.6412874460220337 0.17970366775989532 0.026041666666666668 0.04351851851851852
4 0.565824568271637 0.1627212017774582 0.025520833333333333 0.04351851851851852
3 0.2648787498474121 0.38741961121559143 0.023958333333333335 0.04259259259259259
0 0.25832751393318176 0.4935480058193207 0.023958333333333335 0.041666666666666664
4 0.239071786403656 0.6392075419425964 0.024479166666666666 0.041666666666666664
3 0.16604766249656677 0.4983695149421692 0.024479166666666666 0.041666666666666664
3 0.15078750252723694 0.2117374837398529 0.025 0.041666666666666664
2 0.07052918523550034 0.6740246415138245 0.007291666666666667 0.012962962962962963
2 0.07178805768489838 0.49142593145370483 0.007291666666666667 0.012962962962962963
2 0.0725288838148117 0.3085011839866638 0.007291666666666667 0.012962962962962963
2 0.2004498541355133 0.08888350427150726 0.007291666666666667 0.012962962962962963
2 0.3052949607372284 0.09087896347045898 0.007291666666666667 0.012962962962962963
2 0.4088943898677826 0.0928596779704094 0.007291666666666667 0.012962962962962963
2 0.6141960620880127 0.09318146854639053 0.007291666666666667 0.012962962962962963
2 0.716675877571106 0.09289184957742691 0.007291666666666667 0.012962962962962963
2 0.8215183615684509 0.09398230910301208 0.007291666666666667 0.012962962962962963
2 0.9482995867729187 0.31755003333091736 0.007291666666666667 0.012962962962962963
2 0.9485815763473511 0.4998469650745392 0.007291666666666667 0.012962962962962963
2 0.9486150145530701 0.6800237894058228 0.007291666666666667 0.012962962962962963
2 0.8202724456787109 0.9024472236633301 0.007291666666666667 0.012962962962962963
2 0.716102659702301 0.9012774229049683 0.007291666666666667 0.012962962962962963
2 0.613522469997406 0.8992135524749756 0.007291666666666667 0.012962962962962963
2 0.4064536392688751 0.9000107645988464 0.007291666666666667 0.012962962962962963
2 0.3032577335834503 0.8997378349304199 0.007291666666666667 0.012962962962962963
2 0.19830520451068878 0.8994603157043457 0.007291666666666667 0.012962962962962963
