1 0.2569364607334137 0.5370834469795227 0.023958333333333335 0.04259259259259259
4 0.18472900986671448 0.42469802498817444 0.024479166666666666 0.04259259259259259
4 0.29894357919692993 0.35134604573249817 0.025 0.04351851851851852
4 0.33896052837371826 0.4736408591270447 0.025520833333333333 0.04259259259259259
4 0.31852295994758606 0.8274341821670532 0.024479166666666666 0.04259259259259259
4 0.39103254675865173 0.803303599357605 0.024479166666666666 0.04351851851851852
0 0.7325206398963928 0.5025509595870972 0.023958333333333335 0.041666666666666664
3 0.8772391080856323 0.3901718258857727 0.024479166666666666 0.040740740740740744
2 0.9309003353118896 0.6823039054870605 0.007291666666666667 0.012962962962962963
2 0.9312022924423218 0.5012310743331909 0.007291666666666667 0.012962962962962963
2 0.9315245747566223 0.31715890765190125 0.007291666666666667 0.012962962962962963
2 0.8077905178070068 0.09126243740320206 0.007291666666666667 0.012962962962962963
2 0.705047607421875 0.09340823441743851 0.007291666666666667 0.012962962962962963
2 0.6009876132011414 0.09232611209154129 0.007291666666666667 0.012962962962962963
2 0.39400017261505127 0.0929344967007637 0.007291666666666667 0.012962962962962963
2 0.2905663847923279 0.09138532727956772 0.007291666666666667 0.012962962962962963
2 0.18472988903522491 0.09075743705034256 0.007291666666666667 0.012962962962962963
2 0.0543326698243618 0.3177269995212555 0.007291666666666667 0.012962962962962963
2 0.0548224113881588 0.5041314363479614 0.007291666666666667 0.012962962962962963
2 0.05558128282427788 0.6915943026542664 0.007291666666666667 0.012962962962962963
2 0.18548940122127533 0.9145041704177856 0.007291666666666667 0.012962962962962963
2 0.29030972719192505 0.911180853843689 0.007291666666666667 0.012962962962962963
2 0.39302870631217957 0.9105854034423828 0.007291666666666667 0.012962962962962963
2 0.5980748534202576 0.9080485701560974 0.007291666666666667 0.012962962962962963
2 0.7004038095474243 0.9065591096878052 0.007291666666666667 0.012962962962962963
2 0.8036871552467346 0.9068506360054016 0.007291666666666667 0.012962962962962963
