1 0.2672165036201477 0.5176767706871033 0.023958333333333335 0.04259259259259259
4 0.19739532470703125 0.40818649530410767 0.024479166666666666 0.04259259259259259
4 0.3096839189529419 0.34222081303596497 0.025 0.04351851851851852
4 0.347845196723938 0.45974230766296387 0.025520833333333333 0.04259259259259259
4 0.3253946304321289 0.7975738644599915 0.024479166666666666 0.04259259259259259
4 0.3965657651424408 0.7761992812156677 0.024479166666666666 0.04351851851851852
0 0.7285148501396179 0.4993392527103424 0.023958333333333335 0.041666666666666664
3 0.8669655323028564 0.39802756905555725 0.024479166666666666 0.040740740740740744
2 0.9184058904647827 0.6749383807182312 0.007291666666666667 0.012962962962962963
2 0.9184648394584656 0.5041203498840332 0.007291666666666667 0.012962962962962963
2 0.9185389876365662 0.3313579559326172 0.007291666666666667 0.012962962962962963
2 0.8008149862289429 0.11584366858005524 0.007291666666666667 0.012962962962962963
2 0.7028447985649109 0.1139354258775711 0.007291666666666667 0.012962962962962963
2 0.6032043695449829 0.10894569754600525 0.007291666666666667 0.012962962962962963
2 0.4037366807460785 0.101553775370121 0.007291666666666667 0.012962962962962963
2 0.30343756079673767 0.0960901528596878 0.007291666666666667 0.012962962962962963
2 0.20036251842975616 0.09137964248657227 0.007291666666666667 0.012962962962962963
2 0.07031383365392685 0.30184298753738403 0.007291666666666667 0.012962962962962963
2 0.06879068911075592 0.4799344539642334 0.007291666666666667 0.012962962962962963
2 0.06751441955566406 0.6599947810173035 0.007291666666666667 0.012962962962962963
2 0.19374434649944305 0.8783349990844727 0.007291666666666667 0.012962962962962963
2 0.29707032442092896 0.8775432705879211 0.007291666666666667 0.012962962962962963
2 0.397863507270813 0.8793315887451172 0.007291666666666667 0.012962962962962963
2 0.5977864861488342 0.8815867304801941 0.007291666666666667 0.012962962962962963
2 0.6969219446182251 0.8824913501739502 0.007291666666666667 0.012962962962962963
2 0.7965542078018188 0.8851131200790405 0.007291666666666667 0.012962962962962963
