1 0.26134833693504333 0.5288875102996826 0.023958333333333335 0.04259259259259259
4 0.19024397432804108 0.4176044464111328 0.024479166666666666 0.04259259259259259
4 0.3052824139595032 0.3451938033103943 0.025 0.04351851851851852
4 0.34423789381980896 0.4657401144504547 0.025520833333333333 0.04259259259259259
4 0.320657342672348 0.8204329609870911 0.024479166666666666 0.04259259259259259
4 0.39431408047676086 0.7956703901290894 0.024479166666666666 0.04351851851851852
0 0.7375984191894531 0.4935702979564667 0.023958333333333335 0.041666666666666664
3 0.8806626796722412 0.382589727640152 0.024479166666666666 0.040740740740740744
2 0.9374321699142456 0.671897828578949 0.007291666666666667 0.012962962962962963
2 0.935515284538269 0.4918513000011444 0.007291666666666667 0.012962962962962963
2 0.9336058497428894 0.3110843002796173 0.007291666666666667 0.012962962962962963
2 0.8093984723091125 0.09223515540361404 0.007291666666666667 0.012962962962962963
2 0.7083665132522583 0.0942479819059372 0.007291666666666667 0.012962962962962963
2 0.6058857440948486 0.09315339475870132 0.007291666666666667 0.012962962962962963
2 0.40163758397102356 0.09363486617803574 0.007291666666666667 0.012962962962962963
2 0.2993830442428589 0.0920872688293457 0.007291666666666667 0.012962962962962963
2 0.1946108490228653 0.09142619371414185 0.007291666666666667 0.012962962962962963
2 0.06136366352438927 0.3124321699142456 0.007291666666666667 0.012962962962962963
2 0.05856018140912056 0.4965638816356659 0.007291666666666667 0.012962962962962963
2 0.05597425997257233 0.6841250658035278 0.007291666666666667 0.012962962962962963
2 0.18443197011947632 0.9096978306770325 0.007291666666666667 0.012962962962962963
2 0.2912085950374603 0.9057936072349548 0.007291666666666667 0.012962962962962963
2 0.3956604599952698 0.9046881198883057 0.007291666666666667 0.012962962962962963
2 0.6037279963493347 0.9011127352714539 0.007291666666666667 0.012962962962962963
2 0.7073395848274231 0.8991050124168396 0.007291666666666667 0.012962962962962963
2 0.8117795586585999 0.8989065289497375 0.007291666666666667 0.012962962962962963
