1 0.25059548020362854 0.5332174301147461 0.023958333333333335 0.04259259259259259
4 0.18060213327407837 0.42309314012527466 0.024479166666666666 0.04259259259259259
4 0.29281875491142273 0.35373401641845703 0.025 0.04351851851851852
4 0.3316216766834259 0.4728313982486725 0.025520833333333333 0.04259259259259259
4 0.30992215871810913 0.8192296028137207 0.024479166666666666 0.04259259259259259
4 0.3820883333683014 0.7971484661102295 0.024479166666666666 0.04351851851851852
0 0.7235978245735168 0.5074343085289001 0.023958333333333335 0.041666666666666664
3 0.8688539862632751 0.39912718534469604 0.024479166666666666 0.040740740740740744
2 0.9261013269424438 0.689315915107727 0.007291666666666667 0.012962962962962963
2 0.9246119856834412 0.509445071220398 0.007291666666666667 0.012962962962962963
2 0.9231263399124146 0.3281492590904236 0.007291666666666667 0.012962962962962963
2 0.7966850399971008 0.1070166751742363 0.007291666666666667 0.012962962962962963
2 0.6941397786140442 0.10846517980098724 0.007291666666666667 0.012962962962962963
2 0.5908187627792358 0.10679204761981964 0.007291666666666667 0.012962962962962963
2 0.3869534730911255 0.10613293945789337 0.007291666666666667 0.012962962962962963
2 0.2858983278274536 0.10403740406036377 0.007291666666666667 0.012962962962962963
2 0.18304984271526337 0.10281591862440109 0.007291666666666667 0.012962962962962963
2 0.05478852614760399 0.3184744119644165 0.007291666666666667 0.012962962962962963
2 0.05335324630141258 0.4979053735733032 0.007291666666666667 0.012962962962962963
2 0.052157338708639145 0.6799166798591614 0.007291666666666667 0.012962962962962963
2 0.17769566178321838 0.9018538594245911 0.007291666666666667 0.012962962962962963
2 0.28151294589042664 0.90137779712677 0.007291666666666667 0.012962962962962963
2 0.38377952575683594 0.9035536050796509 0.007291666666666667 0.012962962962962963
2 0.5895673036575317 0.9065847396850586 0.007291666666666667 0.012962962962962963
2 0.6930904388427734 0.907885730266571 0.007291666666666667 0.012962962962962963
2 0.7981536388397217 0.9110091924667358 0.007291666666666667 0.012962962962962963
