3 0.1824377030134201 0.1841392070055008 0.0234375 0.040740740740740744
3 0.1815851777791977 0.2980386018753052 0.022916666666666665 0.03981481481481482
4 0.2211931198835373 0.5278417468070984 0.023958333333333335 0.041666666666666664
4 0.23200492560863495 0.7582885026931763 0.024479166666666666 0.04259259259259259
3 0.2660432755947113 0.731160044670105 0.022395833333333334 0.040740740740740744
1 0.2752574384212494 0.5213789343833923 0.024479166666666666 0.040740740740740744
3 0.3808392286300659 0.3951330780982971 0.023958333333333335 0.040740740740740744
0 0.39645957946777344 0.5659453868865967 0.022395833333333334 0.040740740740740744
4 0.4047515094280243 0.6670882701873779 0.022916666666666665 0.041666666666666664
3 0.43005499243736267 0.5737415552139282 0.0234375 0.041666666666666664
4 0.502607524394989 0.4468744397163391 0.0234375 0.03888888888888889
4 0.552979052066803 0.5824677348136902 0.0234375 0.041666666666666664
4 0.7551504373550415 0.767824113368988 0.0234375 0.040740740740740744
2 0.9251728653907776 0.6833826899528503 0.007291666666666667 0.012962962962962963
2 0.9237744808197021 0.5021905303001404 0.007291666666666667 0.012962962962962963
2 0.9226293563842773 0.32011890411376953 0.007291666666666667 0.012962962962962963
2 0.7956152558326721 0.09653592109680176 0.007291666666666667 0.012962962962962963
2 0.6932504177093506 0.09593532234430313 0.007291666666666667 0.012962962962962963
2 0.5911102890968323 0.09624750167131424 0.007291666666666667 0.012962962962962963
2 0.3902803957462311 0.09371552616357803 0.007291666666666667 0.012962962962962963
2 0.28851833939552307 0.09175492823123932 0.007291666666666667 0.012962962962962963
2 0.18671894073486328 0.08979588001966476 0.007291666666666667 0.012962962962962963
2 0.06406008452177048 0.30789992213249207 0.007291666666666667 0.012962962962962963
2 0.06537844240665436 0.4887929856777191 0.007291666666666667 0.012962962962962963
2 0.06542307883501053 0.6692436337471008 0.007291666666666667 0.012962962962962963
2 0.19072844088077545 0.8933427929878235 0.007291666666666667 0.012962962962962963
2 0.29282283782958984 0.8957152962684631 0.007291666666666667 0.012962962962962963
2 0.39385414123535156 0.8976135849952698 0.007291666666666667 0.012962962962962963
2 0.5963082909584045 0.9018737077713013 0.007291666666666667 0.012962962962962963
2 0.6977202296257019 0.902410089969635 0.007291666666666667 0.012962962962962963
2 0.8011671304702759 0.904809832572937 0.007291666666666667 0.012962962962962963
