3 0.18444016575813293 0.1982707381248474 0.0234375 0.040740740740740744
3 0.18288478255271912 0.307940810918808 0.022916666666666665 0.03981481481481482
4 0.22045859694480896 0.5295474529266357 0.023958333333333335 0.041666666666666664
4 0.22966589033603668 0.7516515851020813 0.024479166666666666 0.04259259259259259
3 0.26340025663375854 0.7258654236793518 0.022395833333333334 0.040740740740740744
1 0.2738094925880432 0.5237654447555542 0.024479166666666666 0.040740740740740744
3 0.3788835406303406 0.4028220474720001 0.023958333333333335 0.040740740740740744
0 0.39325496554374695 0.5677699446678162 0.022395833333333334 0.040740740740740744
4 0.40081989765167236 0.6654562950134277 0.022916666666666665 0.041666666666666664
3 0.42644473910331726 0.5755875110626221 0.0234375 0.041666666666666664
4 0.4991047978401184 0.45365941524505615 0.0234375 0.03888888888888889
4 0.5482043027877808 0.5850997567176819 0.0234375 0.041666666666666664
4 0.748049795627594 0.7664300203323364 0.0234375 0.040740740740740744
2 0.9182808995246887 0.6863278150558472 0.007291666666666667 0.012962962962962963
2 0.9180286526679993 0.5105083584785461 0.007291666666666667 0.012962962962962963
2 0.9180351495742798 0.3338429629802704 0.007291666666666667 0.012962962962962963
2 0.7926241755485535 0.11639419943094254 0.007291666666666667 0.012962962962962963
2 0.6906563639640808 0.11539705097675323 0.007291666666666667 0.012962962962962963
2 0.5891201496124268 0.11528553068637848 0.007291666666666667 0.012962962962962963
2 0.39011701941490173 0.11203137040138245 0.007291666666666667 0.012962962962962963
2 0.28959694504737854 0.10973435640335083 0.007291666666666667 0.012962962962962963
2 0.18924923241138458 0.10744347423315048 0.007291666666666667 0.012962962962962963
2 0.06723225861787796 0.3167209029197693 0.007291666666666667 0.012962962962962963
2 0.06739158928394318 0.4907056987285614 0.007291666666666667 0.012962962962962963
2 0.06630242615938187 0.6642581224441528 0.007291666666666667 0.012962962962962963
2 0.18814748525619507 0.8812751770019531 0.007291666666666667 0.012962962962962963
2 0.2887876629829407 0.8847740888595581 0.007291666666666667 0.012962962962962963
2 0.38858991861343384 0.8878101706504822 0.007291666666666667 0.012962962962962963
2 0.5892012715339661 0.8943540453910828 0.007291666666666667 0.012962962962962963
2 0.6900138854980469 0.8960956931114197 0.007291666666666667 0.012962962962962963
2 0.793054461479187 0.8996713161468506 0.007291666666666667 0.012962962962962963
