3 0.5698890089988708 0.44653603434562683 0.0109375 0.018518518518518517
3 0.574675440788269 0.45006468892097473 0.009375 0.016666666666666666
3 0.5774730443954468 0.45792675018310547 0.009895833333333333 0.017592592592592594
4 0.49342936277389526 0.45539218187332153 0.0109375 0.020370370370370372
4 0.45653775334358215 0.4449995160102844 0.008333333333333333 0.017592592592592594
1 0.44946905970573425 0.4471146762371063 0.0109375 0.019444444444444445
3 0.4723166227340698 0.47789910435676575 0.009895833333333333 0.019444444444444445
0 0.4816807806491852 0.4840949773788452 0.009895833333333333 0.017592592592592594
3 0.5711082816123962 0.5485063195228577 0.011979166666666667 0.022222222222222223
3 0.5646926760673523 0.5750777125358582 0.014583333333333334 0.013888888888888888
2 0.6220872402191162 0.5549557209014893 0.007291666666666667 0.009259259259259259
2 0.6172221302986145 0.5344521403312683 0.007291666666666667 0.009259259259259259
2 0.61210697889328 0.5139490365982056 0.007291666666666667 0.009259259259259259
2 0.6044150590896606 0.4790637493133545 0.007291666666666667 0.009259259259259259
2 0.6008246541023254 0.46249663829803467 0.007291666666666667 0.009259259259259259
2 0.5972431302070618 0.44767144322395325 0.007291666666666667 0.009259259259259259
2 0.541674017906189 0.43014541268348694 0.007291666666666667 0.009259259259259259
2 0.49963387846946716 0.4301548898220062 0.007291666666666667 0.009259259259259259
2 0.45750072598457336 0.43147408962249756 0.007291666666666667 0.009259259259259259
2 0.40189048647880554 0.4484047293663025 0.007291666666666667 0.009259259259259259
2 0.3981340527534485 0.4636799693107605 0.007291666666666667 0.009259259259259259
2 0.3951417803764343 0.480720192193985 0.007291666666666667 0.009259259259259259
2 0.388392835855484 0.5152574777603149 0.007291666666666667 0.009259259259259259
2 0.3846431076526642 0.5353853106498718 0.007291666666666667 0.009259259259259259
2 0.38063845038414 0.555961549282074 0.007291666666666667 0.009259259259259259
2 0.44538524746894836 0.5839758515357971 0.007291666666666667 0.009259259259259259
2 0.5025070309638977 0.5838757753372192 0.007291666666666667 0.009259259259259259
2 0.5591982007026672 0.5837745070457458 0.007291666666666667 0.009259259259259259
