2 0.7533555626869202 0.4655701816082001 0.003607142857142857 0.003485714285714286
2 0.6902932524681091 0.451092392206192 0.0034226190476190476 0.0028857142857142857
2 0.6317708492279053 0.4373941421508789 0.0032976190476190475 0.0028857142857142857
2 0.5164762139320374 0.4461919665336609 0.0034226190476190476 0.003880952380952381
2 0.4765471816062927 0.4678281247615814 0.0034226190476190476 0.0025857142857142854
2 0.4326660633087158 0.49209967255592346 0.003794642857142857 0.003680952380952381
2 0.33001628518104553 0.5477200746536255 0.004229166666666667 0.003780952380952381
2 0.2685258388519287 0.5811118483543396 0.004541666666666667 0.003185714285714286
2 0.19966939091682434 0.6186323165893555 0.005101190476190476 0.004480952380952381
2 0.17806731164455414 0.7204878926277161 0.0061577380952380955 0.005376190476190475
2 0.250522643327713 0.7607082724571228 0.006282738095238095 0.006071428571428571
2 0.33234283328056335 0.806367814540863 0.0061577380952380955 0.006271428571428571
2 0.5475775003433228 0.7797163724899292 0.005598214285714285 0.006571428571428572
2 0.6078733801841736 0.7192286252975464 0.005785714285714286 0.0057714285714285714
2 0.6593446135520935 0.6679702401161194 0.005351190476190476 0.004876190476190477
2 0.7418484091758728 0.5852578282356262 0.004604166666666667 0.004580952380952381
2 0.7759931087493896 0.55081707239151 0.004976190476190476 0.004180952380952381
2 0.8063624501228333 0.5199780464172363 0.004479166666666667 0.003780952380952381
4 0.6724398136138916 0.5023196935653687 0.012877976190476191 0.022395238095238097
4 0.4503973424434662 0.755723237991333 0.02000297619047619 0.03488095238095238
4 0.512432873249054 0.6536024808883667 0.017080357142857144 0.030204761904761904
4 0.3571453392505646 0.6361196041107178 0.017080357142857144 0.028766666666666666
4 0.36676743626594543 0.6512946486473083 0.016404761904761905 0.028047619047619047
4 0.3753966689109802 0.669109046459198 0.018202380952380953 0.02912380952380952
4 0.42964300513267517 0.5398092865943909 0.01393452380952381 0.023014285714285713
3 0.4541614055633545 0.5286157131195068 0.01393452380952381 0.021933333333333336
3 0.5259793996810913 0.5267602205276489 0.013485119047619048 0.021933333333333336
3 0.43653732538223267 0.6088182330131531 0.015732142857142858 0.026609523809523812
3 0.4318353533744812 0.6653390526771545 0.016854166666666667 0.028766666666666666
3 0.3925829827785492 0.7441691756248474 0.019776785714285715 0.032004761904761904
3 0.28603145480155945 0.679620087146759 0.017979166666666664 0.030204761904761904
0 0.38187727332115173 0.6548075675964355 0.01663095238095238 0.028766666666666666
1 0.5502068400382996 0.49800431728363037 0.011910714285714287 0.02265238095238095
