2 0.7550861239433289 0.4650546610355377 0.003607142857142857 0.003485714285714286
2 0.6923164129257202 0.4507938027381897 0.0034226190476190476 0.0028857142857142857
2 0.6339938044548035 0.4372844994068146 0.0032976190476190475 0.0028857142857142857
2 0.5189144015312195 0.44589272141456604 0.0034226190476190476 0.003880952380952381
2 0.4790644943714142 0.467179536819458 0.0034226190476190476 0.0025857142857142854
2 0.4352916479110718 0.49104824662208557 0.003794642857142857 0.003680952380952381
2 0.33297568559646606 0.5457004904747009 0.004229166666666667 0.003780952380952381
2 0.27174073457717896 0.5784814357757568 0.004541666666666667 0.003185714285714286
2 0.20322054624557495 0.615289032459259 0.005101190476190476 0.004480952380952381
2 0.18241852521896362 0.7148981690406799 0.0061577380952380955 0.005376190476190475
2 0.254859983921051 0.7540244460105896 0.006282738095238095 0.006071428571428571
2 0.3364544212818146 0.798327624797821 0.0061577380952380955 0.006271428571428571
2 0.5500109791755676 0.7721307277679443 0.005598214285714285 0.006571428571428572
2 0.6098448038101196 0.7132325172424316 0.005785714285714286 0.0057714285714285714
2 0.6610051989555359 0.6632387638092041 0.005351190476190476 0.004876190476190477
2 0.7431740760803223 0.5824078321456909 0.004604166666666667 0.004580952380952381
2 0.7772398591041565 0.5486922264099121 0.004976190476190476 0.004180952380952381
2 0.8075692057609558 0.5184734463691711 0.004479166666666667 0.003780952380952381
4 0.6743984222412109 0.5011345744132996 0.012877976190476191 0.022395238095238097
4 0.45354777574539185 0.7489270567893982 0.02000297619047619 0.03488095238095238
4 0.5150505304336548 0.6493188142776489 0.017080357142857144 0.030204761904761904
4 0.3604157269001007 0.6323261857032776 0.017080357142857144 0.028766666666666666
4 0.370061457157135 0.6471596360206604 0.016404761904761905 0.028047619047619047
4 0.37872111797332764 0.66456139087677 0.018202380952380953 0.02912380952380952
4 0.43239280581474304 0.5379269123077393 0.01393452380952381 0.023014285714285713
3 0.45682910084724426 0.5269365310668945 0.01393452380952381 0.021933333333333336
3 0.5284498929977417 0.5251159071922302 0.013485119047619048 0.021933333333333336
3 0.43943488597869873 0.605571448802948 0.015732142857142858 0.026609523809523812
3 0.43488970398902893 0.6608375906944275 0.016854166666666667 0.028766666666666666
3 0.39607539772987366 0.7377490401268005 0.019776785714285715 0.032004761904761904
3 0.2897542417049408 0.6748983263969421 0.017979166666666664 0.030204761904761904
0 0.38512399792671204 0.6505833268165588 0.01663095238095238 0.028766666666666666
1 0.5525971055030823 0.49687570333480835 0.011910714285714287 0.02265238095238095
