4 0.7276498079299927 0.5790295600891113 0.017461309523809525 0.027047619047619046
1 0.6628096699714661 0.38908690214157104 0.019877976190476192 0.028833333333333332
3 0.587492823600769 0.4184700548648834 0.017089285714285713 0.026157142857142858
3 0.5401105880737305 0.32100948691368103 0.015419642857142857 0.02556190476190476
4 0.50546795129776 0.31074196100234985 0.015604166666666667 0.024671428571428573
3 0.4023815989494324 0.46007221937179565 0.01467559523809524 0.026157142857142858
4 0.32390710711479187 0.4150175154209137 0.017833333333333333 0.027342857142857144
4 0.3110598027706146 0.45392927527427673 0.017089285714285713 0.025266666666666666
4 0.2957226634025574 0.49135148525238037 0.017276785714285713 0.028533333333333334
3 0.326962411403656 0.5497850775718689 0.015976190476190477 0.027342857142857144
4 0.3805697560310364 0.6236485838890076 0.016348214285714285 0.024671428571428573
3 0.240778386592865 0.4100710451602936 0.017276785714285713 0.026157142857142858
3 0.23075546324253082 0.6157271265983582 0.015976190476190477 0.025857142857142856
4 0.24481011927127838 0.6858044862747192 0.016532738095238093 0.028833333333333332
0 0.31438809633255005 0.477854460477829 0.016910714285714286 0.025123809523809524
2 0.7515280842781067 0.8065147995948792 0.005241071428571428 0.008857142857142859
2 0.6700958013534546 0.8078407049179077 0.0050654761904761906 0.008576190476190477
2 0.5880168080329895 0.8083224296569824 0.0047708333333333335 0.008199999999999999
2 0.42332717776298523 0.810235857963562 0.005005952380952381 0.008104761904761905
2 0.3401354253292084 0.8107260465621948 0.005300595238095238 0.007914285714285714
2 0.2564533054828644 0.811532735824585 0.004889880952380952 0.008199999999999999
2 0.146829292178154 0.6436706185340881 0.0050178571428571425 0.007895238095238094
2 0.14579148590564728 0.5105885863304138 0.0051875 0.008166666666666666
2 0.14422455430030823 0.3759515583515167 0.0050178571428571425 0.008438095238095238
2 0.25250571966171265 0.2034190446138382 0.005699404761904761 0.008980952380952381
2 0.3376958966255188 0.20398445427417755 0.005782738095238095 0.008438095238095238
2 0.42256036400794983 0.20441168546676636 0.005104166666666667 0.009252380952380953
2 0.5905353426933289 0.2063267081975937 0.00544345238095238 0.008438095238095238
2 0.6741899251937866 0.2076135128736496 0.005357142857142857 0.0077571428571428565
2 0.7574062347412109 0.2084980010986328 0.0052738095238095235 0.00870952380952381
2 0.8611056804656982 0.3787176311016083 0.005699404761904761 0.008438095238095238
2 0.8595441579818726 0.5106216073036194 0.004934523809523809 0.008438095238095238
2 0.8580005168914795 0.6407662630081177 0.0051875 0.007619047619047619
