3 0.12060762941837311 0.685910701751709 0.022916666666666665 0.040740740740740744
3 0.21893882751464844 0.3111110031604767 0.0234375 0.040740740740740744
3 0.2689271867275238 0.6358328461647034 0.0234375 0.040740740740740744
3 0.28515714406967163 0.7773101925849915 0.022916666666666665 0.040740740740740744
1 0.29858970642089844 0.6378390789031982 0.0234375 0.041666666666666664
4 0.3272321820259094 0.6415640115737915 0.023958333333333335 0.041666666666666664
3 0.34316954016685486 0.7414699792861938 0.022916666666666665 0.040740740740740744
4 0.46666258573532104 0.5316404700279236 0.023958333333333335 0.041666666666666664
0 0.4861432611942291 0.3949829936027527 0.022395833333333334 0.040740740740740744
4 0.4982050657272339 0.4510033428668976 0.023958333333333335 0.041666666666666664
3 0.5603485107421875 0.605469822883606 0.021875 0.040740740740740744
4 0.7737417221069336 0.7414591908454895 0.023958333333333335 0.041666666666666664
2 0.782618522644043 0.10764971375465393 0.007291666666666667 0.012962962962962963
2 0.6785173416137695 0.11443144828081131 0.007291666666666667 0.012962962962962963
2 0.5770814418792725 0.12015263736248016 0.007291666666666667 0.012962962962962963
2 0.38031908869743347 0.131687194108963 0.007291666666666667 0.012962962962962963
2 0.2841588854789734 0.13537666201591492 0.007291666666666667 0.012962962962962963
2 0.19013391435146332 0.13983631134033203 0.007291666666666667 0.012962962962962963
2 0.07669404149055481 0.34972092509269714 0.007291666666666667 0.012962962962962963
2 0.07653745263814926 0.5173383355140686 0.007291666666666667 0.012962962962962963
2 0.07728665322065353 0.6821267604827881 0.007291666666666667 0.012962962962962963
2 0.18878765404224396 0.8869185447692871 0.007291666666666667 0.012962962962962963
2 0.28156420588493347 0.8898687958717346 0.007291666666666667 0.012962962962962963
2 0.37643173336982727 0.8916133046150208 0.007291666666666667 0.012962962962962963
2 0.5704707503318787 0.8947431445121765 0.007291666666666667 0.012962962962962963
2 0.6696927547454834 0.8969929814338684 0.007291666666666667 0.012962962962962963
2 0.7732898592948914 0.8997830152511597 0.007291666666666667 0.012962962962962963
2 0.9051990509033203 0.6829628944396973 0.007291666666666667 0.012962962962962963
2 0.9071522951126099 0.5043616890907288 0.007291666666666667 0.012962962962962963
2 0.9099547266960144 0.32305485010147095 0.007291666666666667 0.012962962962962963
