3 0.13923530280590057 0.16660760343074799 0.024479166666666666 0.04259259259259259
4 0.6490488648414612 0.18155618011951447 0.024479166666666666 0.04351851851851852
4 0.6641504168510437 0.473202109336853 0.025 0.04259259259259259
4 0.755685567855835 0.41352608799934387 0.023958333333333335 0.04259259259259259
0 0.7504048943519592 0.5874889492988586 0.0234375 0.040740740740740744
1 0.8805298209190369 0.35341179370880127 0.024479166666666666 0.04351851851851852
3 0.876129150390625 0.6829793453216553 0.024479166666666666 0.041666666666666664
4 0.8487069606781006 0.7294062376022339 0.025 0.04259259259259259
2 0.801271378993988 0.11483379453420639 0.007291666666666667 0.012962962962962963
2 0.7008737325668335 0.11369170248508453 0.007291666666666667 0.012962962962962963
2 0.6000955104827881 0.11254303902387619 0.007291666666666667 0.012962962962962963
2 0.3986840546131134 0.10668200254440308 0.007291666666666667 0.012962962962962963
2 0.2977895736694336 0.10286036878824234 0.007291666666666667 0.012962962962962963
2 0.19776038825511932 0.10128019750118256 0.007291666666666667 0.012962962962962963
2 0.07048022001981735 0.31592750549316406 0.007291666666666667 0.012962962962962963
2 0.06908079981803894 0.49475279450416565 0.007291666666666667 0.012962962962962963
2 0.06743526458740234 0.6731069087982178 0.007291666666666667 0.012962962962962963
2 0.1906576156616211 0.8940301537513733 0.007291666666666667 0.012962962962962963
2 0.2918564975261688 0.8956825137138367 0.007291666666666667 0.012962962962962963
2 0.3921728730201721 0.8986374735832214 0.007291666666666667 0.012962962962962963
2 0.5924241542816162 0.9041016697883606 0.007291666666666667 0.012962962962962963
2 0.6928536295890808 0.9075031280517578 0.007291666666666667 0.012962962962962963
2 0.7946668267250061 0.9104933738708496 0.007291666666666667 0.012962962962962963
2 0.9212132096290588 0.6918287873268127 0.007291666666666667 0.012962962962962963
2 0.9222115874290466 0.5134193301200867 0.007291666666666667 0.012962962962962963
2 0.9232388138771057 0.33187347650527954 0.007291666666666667 0.012962962962962963
