4 0.8279240727424622 0.7128115296363831 0.024479166666666666 0.041666666666666664
4 0.6870973110198975 0.7728146314620972 0.023958333333333335 0.041666666666666664
4 0.7343623638153076 0.44593164324760437 0.023958333333333335 0.041666666666666664
4 0.7561275362968445 0.3606884479522705 0.0234375 0.041666666666666664
3 0.691996693611145 0.35909515619277954 0.022916666666666665 0.040740740740740744
3 0.625598669052124 0.572380542755127 0.022916666666666665 0.03981481481481482
4 0.6302592754364014 0.1905789077281952 0.023958333333333335 0.041666666666666664
3 0.5281754732131958 0.5678501725196838 0.0234375 0.040740740740740744
4 0.4773577153682709 0.5619176626205444 0.0234375 0.041666666666666664
1 0.4265289008617401 0.2423512190580368 0.0234375 0.040740740740740744
3 0.2942597270011902 0.6341902017593384 0.0234375 0.03981481481481482
0 0.2626637816429138 0.5837278962135315 0.022916666666666665 0.040740740740740744
4 0.23387454450130463 0.6018174886703491 0.024479166666666666 0.040740740740740744
3 0.1813705712556839 0.5972211360931396 0.025 0.040740740740740744
3 0.11999886482954025 0.7856451272964478 0.023958333333333335 0.040740740740740744
2 0.19177477061748505 0.13078776001930237 0.007291666666666667 0.012962962962962963
2 0.2938373386859894 0.13059864938259125 0.007291666666666667 0.012962962962962963
2 0.39543378353118896 0.1299731284379959 0.007291666666666667 0.012962962962962963
2 0.5957202315330505 0.1270052045583725 0.007291666666666667 0.012962962962962963
2 0.695195734500885 0.1255311369895935 0.007291666666666667 0.012962962962962963
2 0.795220673084259 0.12275298684835434 0.007291666666666667 0.012962962962962963
2 0.9196941256523132 0.3304966986179352 0.007291666666666667 0.012962962962962963
2 0.9212669134140015 0.5017004013061523 0.007291666666666667 0.012962962962962963
2 0.9230905175209045 0.6731098890304565 0.007291666666666667 0.012962962962962963
2 0.8036016821861267 0.8880564570426941 0.007291666666666667 0.012962962962962963
2 0.7033776044845581 0.8921182155609131 0.007291666666666667 0.012962962962962963
2 0.6044500470161438 0.8944181203842163 0.007291666666666667 0.012962962962962963
2 0.40501272678375244 0.8986210227012634 0.007291666666666667 0.012962962962962963
2 0.3034817576408386 0.9014219045639038 0.007291666666666667 0.012962962962962963
2 0.20123390853405 0.9042425155639648 0.007291666666666667 0.012962962962962963
2 0.07341761887073517 0.6938231587409973 0.007291666666666667 0.012962962962962963
2 0.07100434601306915 0.5195847749710083 0.007291666666666667 0.012962962962962963
2 0.06910015642642975 0.3446694016456604 0.007291666666666667 0.012962962962962963
