4 0.17473487555980682 0.7085805535316467 0.024479166666666666 0.041666666666666664
4 0.3174882233142853 0.7670106887817383 0.023958333333333335 0.041666666666666664
4 0.2663060426712036 0.43599146604537964 0.023958333333333335 0.041666666666666664
4 0.2434273362159729 0.3497020900249481 0.0234375 0.041666666666666664
3 0.3080277740955353 0.3473929464817047 0.022916666666666665 0.040740740740740744
3 0.37711143493652344 0.562757670879364 0.022916666666666665 0.03981481481481482
4 0.3682410418987274 0.1760365515947342 0.023958333333333335 0.041666666666666664
3 0.47470584511756897 0.556745171546936 0.0234375 0.040740740740740744
4 0.5254350900650024 0.5500106811523438 0.0234375 0.041666666666666664
1 0.5726066827774048 0.2267332375049591 0.0234375 0.040740740740740744
3 0.7084744572639465 0.6201663017272949 0.0234375 0.03981481481481482
0 0.7392362356185913 0.5688766241073608 0.022916666666666665 0.040740740740740744
4 0.7679485082626343 0.5866519212722778 0.024479166666666666 0.040740740740740744
3 0.8198155760765076 0.5812433362007141 0.025 0.040740740740740744
3 0.8824930191040039 0.7695236802101135 0.023958333333333335 0.040740740740740744
2 0.8043159246444702 0.1126561239361763 0.007291666666666667 0.012962962962962963
2 0.7032830715179443 0.11311972886323929 0.007291666666666667 0.012962962962962963
2 0.6023324728012085 0.1131419911980629 0.007291666666666667 0.012962962962962963
2 0.4021991193294525 0.11143041402101517 0.007291666666666667 0.012962962962962963
2 0.3022526502609253 0.11057566106319427 0.007291666666666667 0.012962962962962963
2 0.20137132704257965 0.10839664936065674 0.007291666666666667 0.012962962962962963
2 0.07759933173656464 0.3207296133041382 0.007291666666666667 0.012962962962962963
2 0.07785708457231522 0.4951261878013611 0.007291666666666667 0.012962962962962963
2 0.07786248624324799 0.6697887778282166 0.007291666666666667 0.012962962962962963
2 0.20123837888240814 0.8863620162010193 0.007291666666666667 0.012962962962962963
2 0.3024042248725891 0.888412594795227 0.007291666666666667 0.012962962962962963
2 0.40187808871269226 0.8886973261833191 0.007291666666666667 0.012962962962962963
2 0.6013192534446716 0.8888301253318787 0.007291666666666667 0.012962962962962963
2 0.7023023366928101 0.8895637392997742 0.007291666666666667 0.012962962962962963
2 0.8036214113235474 0.8902997374534607 0.007291666666666667 0.012962962962962963
2 0.9273402094841003 0.6765443682670593 0.007291666666666667 0.012962962962962963
2 0.9277545213699341 0.501728892326355 0.007291666666666667 0.012962962962962963
2 0.9276602268218994 0.3262973129749298 0.007291666666666667 0.012962962962962963
