4 0.174946591258049 0.7211759686470032 0.024479166666666666 0.041666666666666664
4 0.32137832045555115 0.7783152461051941 0.023958333333333335 0.041666666666666664
4 0.2746643126010895 0.4386914372444153 0.023958333333333335 0.041666666666666664
4 0.2525077164173126 0.34927070140838623 0.0234375 0.041666666666666664
3 0.3191244900226593 0.34764862060546875 0.022916666666666665 0.040740740740740744
3 0.385638564825058 0.5687496662139893 0.022916666666666665 0.03981481481481482
4 0.38366636633872986 0.17239722609519958 0.023958333333333335 0.041666666666666664
3 0.4837709665298462 0.5620696544647217 0.0234375 0.040740740740740744
4 0.5342492461204529 0.5549960136413574 0.0234375 0.041666666666666664
1 0.5870091915130615 0.22888816893100739 0.0234375 0.040740740740740744
3 0.7111629843711853 0.6238508820533752 0.0234375 0.03981481481481482
0 0.7416689395904541 0.5726805329322815 0.022916666666666665 0.040740740740740744
4 0.7686760425567627 0.5900925397872925 0.024479166666666666 0.040740740740740744
3 0.817923367023468 0.5843718647956848 0.025 0.040740740740740744
3 0.8727626800537109 0.7683086395263672 0.023958333333333335 0.040740740740740744
2 0.8130987882614136 0.12037715315818787 0.007291666666666667 0.012962962962962963
2 0.7164870500564575 0.11786642670631409 0.007291666666666667 0.012962962962962963
2 0.6184120178222656 0.11487200856208801 0.007291666666666667 0.012962962962962963
2 0.4192781448364258 0.10698867589235306 0.007291666666666667 0.012962962962962963
2 0.3173958361148834 0.10295534133911133 0.007291666666666667 0.012962962962962963
2 0.21288388967514038 0.09744331985712051 0.007291666666666667 0.012962962962962963
2 0.07880948483943939 0.31685787439346313 0.007291666666666667 0.012962962962962963
2 0.07629407197237015 0.49981141090393066 0.007291666666666667 0.012962962962962963
2 0.07351391762495041 0.6824982166290283 0.007291666666666667 0.012962962962962963
2 0.1995951384305954 0.9040918946266174 0.007291666666666667 0.012962962962962963
2 0.3038349747657776 0.9028220176696777 0.007291666666666667 0.012962962962962963
2 0.40470728278160095 0.8998385667800903 0.007291666666666667 0.012962962962962963
2 0.6021785736083984 0.8935613036155701 0.007291666666666667 0.012962962962962963
2 0.6997941732406616 0.8911173343658447 0.007291666666666667 0.012962962962962963
2 0.7961912751197815 0.8887039422988892 0.007291666666666667 0.012962962962962963
2 0.9164751172065735 0.6766881346702576 0.007291666666666667 0.012962962962962963
2 0.9206329584121704 0.5058534741401672 0.007291666666666667 0.012962962962962963
2 0.9243428111076355 0.3339449167251587 0.007291666666666667 0.012962962962962963
