4 0.1639108657836914 0.6940552592277527 0.024479166666666666 0.041666666666666664
4 0.30807578563690186 0.7479398846626282 0.023958333333333335 0.041666666666666664
4 0.25986549258232117 0.43388473987579346 0.023958333333333335 0.041666666666666664
4 0.23782457411289215 0.352907657623291 0.0234375 0.041666666666666664
3 0.30280742049217224 0.3498947322368622 0.022916666666666665 0.040740740740740744
3 0.37037384510040283 0.5523523688316345 0.022916666666666665 0.03981481481481482
4 0.3648396134376526 0.1887267827987671 0.023958333333333335 0.041666666666666664
3 0.4689435660839081 0.5453140735626221 0.0234375 0.040740740740740744
4 0.5201658606529236 0.5382364988327026 0.0234375 0.041666666666666664
1 0.569086492061615 0.23345957696437836 0.0234375 0.040740740740740744
3 0.7046277523040771 0.6023102402687073 0.0234375 0.03981481481481482
0 0.7356888055801392 0.5532011389732361 0.022916666666666665 0.040740740740740744
4 0.7646309733390808 0.5696658492088318 0.024479166666666666 0.040740740740740744
3 0.8169035315513611 0.563823938369751 0.025 0.040740740740740744
3 0.8806148767471313 0.7422599792480469 0.023958333333333335 0.040740740740740744
2 0.800741970539093 0.12435361742973328 0.007291666666666667 0.012962962962962963
2 0.6999749541282654 0.12602661550045013 0.007291666666666667 0.012962962962962963
2 0.5992306470870972 0.12728963792324066 0.007291666666666667 0.012962962962962963
2 0.399345725774765 0.12816378474235535 0.007291666666666667 0.012962962962962963
2 0.29944247007369995 0.12860068678855896 0.007291666666666667 0.012962962962962963
2 0.1985664963722229 0.12781783938407898 0.007291666666666667 0.012962962962962963
2 0.07141361385583878 0.32783839106559753 0.007291666666666667 0.012962962962962963
2 0.06895644217729568 0.49231261014938354 0.007291666666666667 0.012962962962962963
2 0.06621939688920975 0.6583659648895264 0.007291666666666667 0.012962962962962963
2 0.18849316239356995 0.8643134236335754 0.007291666666666667 0.012962962962962963
2 0.2914789915084839 0.8648005723953247 0.007291666666666667 0.012962962962962963
2 0.39270642399787903 0.8636114001274109 0.007291666666666667 0.012962962962962963
2 0.5954902768135071 0.8608077168464661 0.007291666666666667 0.012962962962962963
2 0.6980747580528259 0.8600305318832397 0.007291666666666667 0.012962962962962963
2 0.8009427785873413 0.8592512011528015 0.007291666666666667 0.012962962962962963
2 0.9256053566932678 0.6528960466384888 0.007291666666666667 0.012962962962962963
2 0.9253203272819519 0.48710009455680847 0.007291666666666667 0.012962962962962963
2 0.9245258569717407 0.3220558762550354 0.007291666666666667 0.012962962962962963
