4 0.27761465311050415 0.5793259143829346 0.0234375 0.04259259259259259
3 0.37150561809539795 0.5701720118522644 0.022916666666666665 0.03981481481481482
3 0.3926585018634796 0.46523332595825195 0.0234375 0.03981481481481482
4 0.40089815855026245 0.5810105800628662 0.023958333333333335 0.040740740740740744
3 0.4523310363292694 0.5820494890213013 0.022916666666666665 0.040740740740740744
1 0.7064964175224304 0.4627733528614044 0.023958333333333335 0.041666666666666664
0 0.7362029552459717 0.6452117562294006 0.022916666666666665 0.040740740740740744
4 0.859516978263855 0.8154439926147461 0.024479166666666666 0.041666666666666664
2 0.7988656759262085 0.10822907090187073 0.007291666666666667 0.012962962962962963
2 0.6980771422386169 0.10863754898309708 0.007291666666666667 0.012962962962962963
2 0.5971347093582153 0.10814109444618225 0.007291666666666667 0.012962962962962963
2 0.3970761001110077 0.10940910875797272 0.007291666666666667 0.012962962962962963
2 0.2971884310245514 0.10620410740375519 0.007291666666666667 0.012962962962962963
2 0.19562485814094543 0.10570939630270004 0.007291666666666667 0.012962962962962963
2 0.0724332183599472 0.32402339577674866 0.007291666666666667 0.012962962962962963
2 0.07260754704475403 0.5026316046714783 0.007291666666666667 0.012962962962962963
2 0.07429663091897964 0.6811647415161133 0.007291666666666667 0.012962962962962963
2 0.1960734724998474 0.9011086225509644 0.007291666666666667 0.012962962962962963
2 0.2969684600830078 0.9011012315750122 0.007291666666666667 0.012962962962962963
2 0.39771202206611633 0.9010927677154541 0.007291666666666667 0.012962962962962963
2 0.5962107181549072 0.9015077948570251 0.007291666666666667 0.012962962962962963
2 0.6964913606643677 0.9028357863426208 0.007291666666666667 0.012962962962962963
2 0.7976313233375549 0.9037216305732727 0.007291666666666667 0.012962962962962963
2 0.9219197630882263 0.6852756142616272 0.007291666666666667 0.012962962962962963
2 0.9214763641357422 0.5064535140991211 0.007291666666666667 0.012962962962962963
2 0.9233248829841614 0.3280088007450104 0.007291666666666667 0.012962962962962963
