4 0.7218731045722961 0.5815278887748718 0.0234375 0.04259259259259259
3 0.6264763474464417 0.5718381404876709 0.022916666666666665 0.03981481481481482
3 0.6056152582168579 0.4652195870876312 0.0234375 0.03981481481481482
4 0.5966179966926575 0.5827227830886841 0.023958333333333335 0.040740740740740744
3 0.5445649027824402 0.5835599303245544 0.022916666666666665 0.040740740740740744
1 0.2897595763206482 0.46224862337112427 0.023958333333333335 0.041666666666666664
0 0.2590986490249634 0.6459990739822388 0.022916666666666665 0.040740740740740744
4 0.1354481428861618 0.8163207769393921 0.024479166666666666 0.041666666666666664
2 0.19954442977905273 0.10535706579685211 0.007291666666666667 0.012962962962962963
2 0.30010509490966797 0.1051202267408371 0.007291666666666667 0.012962962962962963
2 0.40127697587013245 0.10396655648946762 0.007291666666666667 0.012962962962962963
2 0.6031290888786316 0.10395132750272751 0.007291666666666667 0.012962962962962963
2 0.7046120166778564 0.10003767162561417 0.007291666666666667 0.012962962962962963
2 0.8082496523857117 0.09885969758033752 0.007291666666666667 0.012962962962962963
2 0.9333336353302002 0.32132187485694885 0.007291666666666667 0.012962962962962963
2 0.9321261048316956 0.5039694905281067 0.007291666666666667 0.012962962962962963
2 0.9293617606163025 0.6865047812461853 0.007291666666666667 0.012962962962962963
2 0.8032614588737488 0.9099374413490295 0.007291666666666667 0.012962962962962963
2 0.7003496289253235 0.9087642431259155 0.007291666666666667 0.012962962962962963
2 0.5980559587478638 0.9075968861579895 0.007291666666666667 0.012962962962962963
2 0.3978445827960968 0.9057484865188599 0.007291666666666667 0.012962962962962963
2 0.29736438393592834 0.9059482216835022 0.007291666666666667 0.012962962962962963
2 0.19647859036922455 0.9056925773620605 0.007291666666666667 0.012962962962962963
2 0.07429268211126328 0.6851599812507629 0.007291666666666667 0.012962962962962963
2 0.07568640261888504 0.505754828453064 0.007291666666666667 0.012962962962962963
2 0.07480922341346741 0.3267052173614502 0.007291666666666667 0.012962962962962963
