4 0.11192677915096283 0.8229907155036926 0.024479166666666666 0.040740740740740744
3 0.1070774719119072 0.7828866839408875 0.023958333333333335 0.03981481481481482
4 0.12688159942626953 0.5539759397506714 0.0234375 0.041666666666666664
4 0.12691301107406616 0.46103355288505554 0.023958333333333335 0.041666666666666664
4 0.4902670085430145 0.6939060091972351 0.023958333333333335 0.041666666666666664
0 0.841358482837677 0.38840779662132263 0.0234375 0.040740740740740744
1 0.870538592338562 0.4078300893306732 0.024479166666666666 0.041666666666666664
4 0.848166823387146 0.45423370599746704 0.022395833333333334 0.03981481481481482
4 0.8779593706130981 0.5551261305809021 0.023958333333333335 0.040740740740740744
2 0.800218939781189 0.09196370095014572 0.007291666666666667 0.012962962962962963
2 0.6967011094093323 0.09467710554599762 0.007291666666666667 0.012962962962962963
2 0.5948392748832703 0.09556785225868225 0.007291666666666667 0.012962962962962963
2 0.39140307903289795 0.09600017219781876 0.007291666666666667 0.012962962962962963
2 0.28854960203170776 0.09735006093978882 0.007291666666666667 0.012962962962962963
2 0.18759365379810333 0.09689252823591232 0.007291666666666667 0.012962962962962963
2 0.06288465112447739 0.31384536623954773 0.007291666666666667 0.012962962962962963
2 0.06250197440385818 0.49212950468063354 0.007291666666666667 0.012962962962962963
2 0.061607107520103455 0.671234667301178 0.007291666666666667 0.012962962962962963
2 0.18580932915210724 0.8936723470687866 0.007291666666666667 0.012962962962962963
2 0.28929513692855835 0.8941871523857117 0.007291666666666667 0.012962962962962963
2 0.3913393020629883 0.8942416310310364 0.007291666666666667 0.012962962962962963
2 0.5959852933883667 0.8943485617637634 0.007291666666666667 0.012962962962962963
2 0.699374794960022 0.8953158855438232 0.007291666666666667 0.012962962962962963
2 0.803655207157135 0.8958329558372498 0.007291666666666667 0.012962962962962963
2 0.9310443997383118 0.6722221374511719 0.007291666666666667 0.012962962962962963
2 0.9299917817115784 0.4917917251586914 0.007291666666666667 0.012962962962962963
2 0.929206132888794 0.31219714879989624 0.007291666666666667 0.012962962962962963
