4 0.11965440213680267 0.8376482725143433 0.024479166666666666 0.040740740740740744
3 0.11455555260181427 0.7972058057785034 0.023958333333333335 0.03981481481481482
4 0.13390597701072693 0.565310001373291 0.0234375 0.041666666666666664
4 0.1335969865322113 0.47098836302757263 0.023958333333333335 0.041666666666666664
4 0.49864956736564636 0.7036528587341309 0.023958333333333335 0.041666666666666664
0 0.8400497436523438 0.40065184235572815 0.0234375 0.040740740740740744
1 0.8678886294364929 0.419875830411911 0.024479166666666666 0.041666666666666664
4 0.8463839292526245 0.46541136503219604 0.022395833333333334 0.03981481481481482
4 0.874528706073761 0.5643941164016724 0.023958333333333335 0.040740740740740744
2 0.8012941479682922 0.10738658905029297 0.007291666666666667 0.012962962962962963
2 0.7010982632637024 0.10821224749088287 0.007291666666666667 0.012962962962962963
2 0.6015833616256714 0.10725215822458267 0.007291666666666667 0.012962962962962963
2 0.400031715631485 0.10394759476184845 0.007291666666666667 0.012962962962962963
2 0.2966839373111725 0.10340116173028946 0.007291666666666667 0.012962962962962963
2 0.19427458941936493 0.10104229301214218 0.007291666666666667 0.012962962962962963
2 0.0673648864030838 0.32073676586151123 0.007291666666666667 0.012962962962962963
2 0.06773655861616135 0.5025564432144165 0.007291666666666667 0.012962962962962963
2 0.06758518517017365 0.6846269369125366 0.007291666666666667 0.012962962962962963
2 0.19493694603443146 0.9075871109962463 0.007291666666666667 0.012962962962962963
2 0.29915013909339905 0.9061798453330994 0.007291666666666667 0.012962962962962963
2 0.4009404480457306 0.9043542146682739 0.007291666666666667 0.012962962962962963
2 0.6022294163703918 0.9007418751716614 0.007291666666666667 0.012962962962962963
2 0.7025032043457031 0.8998388648033142 0.007291666666666667 0.012962962962962963
2 0.8026942014694214 0.8984885215759277 0.007291666666666667 0.012962962962962963
2 0.9245818853378296 0.6785768270492554 0.007291666666666667 0.012962962962962963
2 0.9242016077041626 0.5023185610771179 0.007291666666666667 0.012962962962962963
2 0.9240708947181702 0.3263050615787506 0.007291666666666667 0.012962962962962963
