1 0.1898815780878067 0.8290295004844666 0.023958333333333335 0.041666666666666664
4 0.20758959650993347 0.7783059477806091 0.023958333333333335 0.04259259259259259
3 0.24028275907039642 0.5561532974243164 0.023958333333333335 0.040740740740740744
4 0.240162655711174 0.5041167140007019 0.0234375 0.040740740740740744
0 0.26605135202407837 0.49501529335975647 0.0234375 0.040740740740740744
3 0.37148240208625793 0.46400171518325806 0.022395833333333334 0.040740740740740744
3 0.488572895526886 0.2344888150691986 0.021875 0.03981481481481482
3 0.4694812595844269 0.4076554477214813 0.0234375 0.03981481481481482
3 0.4403044879436493 0.6903668642044067 0.0234375 0.040740740740740744
3 0.484998881816864 0.783664882183075 0.0234375 0.04259259259259259
3 0.6781507134437561 0.5848364233970642 0.0234375 0.040740740740740744
4 0.8059054613113403 0.44649168848991394 0.0234375 0.040740740740740744
2 0.8088293075561523 0.10878433287143707 0.007291666666666667 0.012962962962962963
2 0.7119842171669006 0.10971473157405853 0.007291666666666667 0.012962962962962963
2 0.6143432259559631 0.11109652370214462 0.007291666666666667 0.012962962962962963
2 0.419136106967926 0.11519438773393631 0.007291666666666667 0.012962962962962963
2 0.32008811831474304 0.11436799168586731 0.007291666666666667 0.012962962962962963
2 0.22021529078483582 0.11533115804195404 0.007291666666666667 0.012962962962962963
2 0.09557412564754486 0.3341985046863556 0.007291666666666667 0.012962962962962963
2 0.09530671685934067 0.5122391581535339 0.007291666666666667 0.012962962962962963
2 0.09529304504394531 0.6898277997970581 0.007291666666666667 0.012962962962962963
2 0.21784140169620514 0.9042537212371826 0.007291666666666667 0.012962962962962963
2 0.3171732723712921 0.900614321231842 0.007291666666666667 0.012962962962962963
2 0.41520068049430847 0.8965824842453003 0.007291666666666667 0.012962962962962963
2 0.6096155047416687 0.8885862827301025 0.007291666666666667 0.012962962962962963
2 0.7064899206161499 0.886350154876709 0.007291666666666667 0.012962962962962963
2 0.8035695552825928 0.8810520172119141 0.007291666666666667 0.012962962962962963
2 0.9231023788452148 0.6650893688201904 0.007291666666666667 0.012962962962962963
2 0.9243665933609009 0.49252545833587646 0.007291666666666667 0.012962962962962963
2 0.925395131111145 0.31910979747772217 0.007291666666666667 0.012962962962962963
