4 0.19087104499340057 0.7740488648414612 0.023958333333333335 0.04259259259259259
3 0.32271137833595276 0.8259574770927429 0.022916666666666665 0.040740740740740744
4 0.2242984175682068 0.7103764414787292 0.023958333333333335 0.040740740740740744
0 0.3085238039493561 0.4273104965686798 0.022395833333333334 0.040740740740740744
1 0.47756755352020264 0.4217226803302765 0.022916666666666665 0.040740740740740744
4 0.549930989742279 0.37125107645988464 0.0234375 0.041666666666666664
2 0.8009124398231506 0.09057051688432693 0.007291666666666667 0.012962962962962963
2 0.7021116614341736 0.09082616865634918 0.007291666666666667 0.012962962962962963
2 0.6021994352340698 0.09199659526348114 0.007291666666666667 0.012962962962962963
2 0.40202897787094116 0.09206025302410126 0.007291666666666667 0.012962962962962963
2 0.3017738461494446 0.09094516187906265 0.007291666666666667 0.012962962962962963
2 0.1991053968667984 0.0907498151063919 0.007291666666666667 0.012962962962962963
2 0.07490291446447372 0.31265202164649963 0.007291666666666667 0.012962962962962963
2 0.0747479721903801 0.4980997145175934 0.007291666666666667 0.012962962962962963
2 0.07432854920625687 0.6819363832473755 0.007291666666666667 0.012962962962962963
2 0.2003655731678009 0.9059320688247681 0.007291666666666667 0.012962962962962963
2 0.3038199245929718 0.9032188653945923 0.007291666666666667 0.012962962962962963
2 0.4051019549369812 0.901006817817688 0.007291666666666667 0.012962962962962963
2 0.6050421595573425 0.8984668850898743 0.007291666666666667 0.012962962962962963
2 0.7054792046546936 0.8971863389015198 0.007291666666666667 0.012962962962962963
2 0.8063015341758728 0.8954406976699829 0.007291666666666667 0.012962962962962963
2 0.9269238114356995 0.6697458624839783 0.007291666666666667 0.012962962962962963
2 0.9258163571357727 0.4901188015937805 0.007291666666666667 0.012962962962962963
2 0.9244545698165894 0.30979984998703003 0.007291666666666667 0.012962962962962963
