4 0.17920176684856415 0.7732945680618286 0.023958333333333335 0.04259259259259259
3 0.3102193772792816 0.8275994658470154 0.022916666666666665 0.040740740740740744
4 0.21356099843978882 0.7101580500602722 0.023958333333333335 0.040740740740740744
0 0.30228596925735474 0.4277454912662506 0.022395833333333334 0.040740740740740744
1 0.4724132716655731 0.4238035976886749 0.022916666666666665 0.040740740740740744
4 0.5463756322860718 0.37366437911987305 0.0234375 0.041666666666666664
2 0.8063648343086243 0.09156308323144913 0.007291666666666667 0.012962962962962963
2 0.7054475545883179 0.09153726696968079 0.007291666666666667 0.012962962962962963
2 0.6038083434104919 0.09243118762969971 0.007291666666666667 0.012962962962962963
2 0.40149757266044617 0.09191921353340149 0.007291666666666667 0.012962962962962963
2 0.30082669854164124 0.09051463752985 0.007291666666666667 0.012962962962962963
2 0.19815514981746674 0.09002920985221863 0.007291666666666667 0.012962962962962963
2 0.0710589736700058 0.31106171011924744 0.007291666666666667 0.012962962962962963
2 0.06800206750631332 0.4960581362247467 0.007291666666666667 0.012962962962962963
2 0.06470800936222076 0.6794294714927673 0.007291666666666667 0.012962962962962963
2 0.18659891188144684 0.9053440690040588 0.007291666666666667 0.012962962962962963
2 0.2900657653808594 0.9046846032142639 0.007291666666666667 0.012962962962962963
2 0.3917887508869171 0.904482364654541 0.007291666666666667 0.012962962962962963
2 0.5938462615013123 0.9059229493141174 0.007291666666666667 0.012962962962962963
2 0.6959915161132812 0.9066465497016907 0.007291666666666667 0.012962962962962963
2 0.7989732623100281 0.9069098830223083 0.007291666666666667 0.012962962962962963
2 0.9263585209846497 0.6801586151123047 0.007291666666666667 0.012962962962962963
2 0.9281114935874939 0.49772411584854126 0.007291666666666667 0.012962962962962963
2 0.9296140670776367 0.3145810067653656 0.007291666666666667 0.012962962962962963
