1 0.8608506917953491 0.17335864901542664 0.024479166666666666 0.041666666666666664
3 0.8067184686660767 0.19844932854175568 0.022916666666666665 0.040740740740740744
3 0.8078586459159851 0.31401172280311584 0.022395833333333334 0.040740740740740744
4 0.7648864388465881 0.5387274622917175 0.023958333333333335 0.041666666666666664
4 0.7527449131011963 0.7667125463485718 0.024479166666666666 0.041666666666666664
3 0.7181652784347534 0.7386274933815002 0.021875 0.040740740740740744
3 0.6430864930152893 0.6611432433128357 0.0234375 0.04259259259259259
0 0.5874106287956238 0.572782576084137 0.022395833333333334 0.040740740740740744
4 0.5771060585975647 0.705611526966095 0.022395833333333334 0.041666666666666664
4 0.23779836297035217 0.7541491985321045 0.023958333333333335 0.041666666666666664
3 0.2558405101299286 0.2667909264564514 0.023958333333333335 0.040740740740740744
2 0.19797568023204803 0.10866320878267288 0.007291666666666667 0.012962962962962963
2 0.2960805892944336 0.10857230424880981 0.007291666666666667 0.012962962962962963
2 0.3958265483379364 0.10981512814760208 0.007291666666666667 0.012962962962962963
2 0.5960791110992432 0.1073925569653511 0.007291666666666667 0.012962962962962963
2 0.6976021528244019 0.10548583418130875 0.007291666666666667 0.012962962962962963
2 0.8021653890609741 0.1035497635602951 0.007291666666666667 0.012962962962962963
2 0.9278815984725952 0.32358598709106445 0.007291666666666667 0.012962962962962963
2 0.9255964756011963 0.5038443207740784 0.007291666666666667 0.012962962962962963
2 0.9233205914497375 0.683377742767334 0.007291666666666667 0.012962962962962963
2 0.7930740714073181 0.9014450907707214 0.007291666666666667 0.012962962962962963
2 0.6902562379837036 0.8992059826850891 0.007291666666666667 0.012962962962962963
2 0.58864825963974 0.8965529203414917 0.007291666666666667 0.012962962962962963
2 0.3902265727519989 0.8900652527809143 0.007291666666666667 0.012962962962962963
2 0.29135608673095703 0.8874896168708801 0.007291666666666667 0.012962962962962963
2 0.1933876872062683 0.8836337327957153 0.007291666666666667 0.012962962962962963
2 0.07439946383237839 0.6681659817695618 0.007291666666666667 0.012962962962962963
2 0.07518355548381805 0.4963248372077942 0.007291666666666667 0.012962962962962963
2 0.07695478945970535 0.3225075602531433 0.007291666666666667 0.012962962962962963
