1 0.1474241316318512 0.16408252716064453 0.024479166666666666 0.041666666666666664
3 0.1973871886730194 0.1885598748922348 0.022916666666666665 0.040740740740740744
3 0.1941942274570465 0.302202045917511 0.022395833333333334 0.040740740740740744
4 0.23041877150535583 0.5245547890663147 0.023958333333333335 0.041666666666666664
4 0.23769372701644897 0.7507416009902954 0.024479166666666666 0.041666666666666664
3 0.270969957113266 0.7243147492408752 0.021875 0.040740740740740744
3 0.3441266417503357 0.6499531269073486 0.0234375 0.04259259259259259
0 0.39947301149368286 0.5632504820823669 0.022395833333333334 0.040740740740740744
4 0.4070941209793091 0.6970002055168152 0.022395833333333334 0.041666666666666664
4 0.745229184627533 0.7609462738037109 0.023958333333333335 0.041666666666666664
3 0.7350353002548218 0.2579644024372101 0.023958333333333335 0.040740740740740744
2 0.7971658110618591 0.09493143111467361 0.007291666666666667 0.012962962962962963
2 0.6967239379882812 0.0957450196146965 0.007291666666666667 0.012962962962962963
2 0.5962274074554443 0.09791446477174759 0.007291666666666667 0.012962962962962963
2 0.3994121551513672 0.09725260734558105 0.007291666666666667 0.012962962962962963
2 0.3020433485507965 0.09625282138586044 0.007291666666666667 0.012962962962962963
2 0.20339183509349823 0.09526713937520981 0.007291666666666667 0.012962962962962963
2 0.08277308195829391 0.3106415271759033 0.007291666666666667 0.012962962962962963
2 0.08150456845760345 0.4865027666091919 0.007291666666666667 0.012962962962962963
2 0.08023891597986221 0.6619654297828674 0.007291666666666667 0.012962962962962963
2 0.1972239762544632 0.8822574019432068 0.007291666666666667 0.012962962962962963
2 0.29461854696273804 0.8855706453323364 0.007291666666666667 0.012962962962962963
2 0.3924587368965149 0.8884559273719788 0.007291666666666667 0.012962962962962963
2 0.5882337689399719 0.8928928971290588 0.007291666666666667 0.012962962962962963
2 0.6881645321846008 0.8958351016044617 0.007291666666666667 0.012962962962962963
2 0.7888258099555969 0.8974436521530151 0.007291666666666667 0.012962962962962963
2 0.9168010354042053 0.678451657295227 0.007291666666666667 0.012962962962962963
2 0.9188154935836792 0.4985666275024414 0.007291666666666667 0.012962962962962963
2 0.9198190569877625 0.3168906271457672 0.007291666666666667 0.012962962962962963
