1 0.8679377436637878 0.168060764670372 0.024479166666666666 0.041666666666666664
3 0.814560055732727 0.1934605985879898 0.022916666666666665 0.040740740740740744
3 0.816754162311554 0.3115125298500061 0.022395833333333334 0.040740740740740744
4 0.7762786149978638 0.5405880212783813 0.023958333333333335 0.041666666666666664
4 0.7664597630500793 0.7719884514808655 0.024479166666666666 0.041666666666666664
3 0.7319005727767944 0.744188129901886 0.021875 0.040740740740740744
3 0.6562747955322266 0.6666876673698425 0.0234375 0.04259259259259259
0 0.5994457006454468 0.5772188305854797 0.022395833333333334 0.040740740740740744
4 0.5906575322151184 0.7130808234214783 0.022395833333333334 0.041666666666666664
4 0.24582408368587494 0.7690978050231934 0.023958333333333335 0.041666666666666664
3 0.2566750943660736 0.2626318335533142 0.023958333333333335 0.040740740740740744
2 0.1938803493976593 0.0966961607336998 0.007291666666666667 0.012962962962962963
2 0.29587334394454956 0.09739507734775543 0.007291666666666667 0.012962962962962963
2 0.39875078201293945 0.0994916781783104 0.007291666666666667 0.012962962962962963
2 0.6027043461799622 0.09856541454792023 0.007291666666666667 0.012962962962962963
2 0.7048376798629761 0.09740288555622101 0.007291666666666667 0.012962962962962963
2 0.8091603517532349 0.09624389559030533 0.007291666666666667 0.012962962962962963
2 0.9351693987846375 0.3211444914340973 0.007291666666666667 0.012962962962962963
2 0.9343316555023193 0.503751814365387 0.007291666666666667 0.012962962962962963
2 0.9335005283355713 0.6849098801612854 0.007291666666666667 0.012962962962962963
2 0.8075588345527649 0.9071081280708313 0.007291666666666667 0.012962962962962963
2 0.7058393359184265 0.907376229763031 0.007291666666666667 0.012962962962962963
2 0.6044784784317017 0.9071962833404541 0.007291666666666667 0.012962962962962963
2 0.40409040451049805 0.9055028557777405 0.007291666666666667 0.012962962962962963
2 0.3030279874801636 0.9053241014480591 0.007291666666666667 0.012962962962962963
2 0.2020527869462967 0.9038000702857971 0.007291666666666667 0.012962962962962963
2 0.07447688281536102 0.6827685832977295 0.007291666666666667 0.012962962962962963
2 0.07216457277536392 0.5032790303230286 0.007291666666666667 0.012962962962962963
2 0.07084478437900543 0.32099053263664246 0.007291666666666667 0.012962962962962963
