1 0.41061002016067505 0.25362148880958557 0.024479166666666666 0.04259259259259259
4 0.6321001648902893 0.16744185984134674 0.024479166666666666 0.04351851851851852
4 0.6515029668807983 0.4614839255809784 0.025520833333333333 0.04259259259259259
4 0.7422271370887756 0.3977120816707611 0.023958333333333335 0.04259259259259259
0 0.7394649982452393 0.572506844997406 0.023958333333333335 0.041666666666666664
4 0.8451700210571289 0.8097922205924988 0.024479166666666666 0.04537037037037037
2 0.9116891026496887 0.6716359257698059 0.007291666666666667 0.012962962962962963
2 0.9111547470092773 0.4898161292076111 0.007291666666666667 0.012962962962962963
2 0.9096238017082214 0.31192490458488464 0.007291666666666667 0.012962962962962963
2 0.7835319638252258 0.09234466403722763 0.007291666666666667 0.012962962962962963
2 0.6822167634963989 0.0961713120341301 0.007291666666666667 0.012962962962962963
2 0.5810750722885132 0.09909022599458694 0.007291666666666667 0.012962962962962963
2 0.38107484579086304 0.10351282358169556 0.007291666666666667 0.012962962962962963
2 0.27968916296958923 0.10464237630367279 0.007291666666666667 0.012962962962962963
2 0.1787351667881012 0.1062116026878357 0.007291666666666667 0.012962962962962963
2 0.05583731457591057 0.33044925332069397 0.007291666666666667 0.012962962962962963
2 0.0574774406850338 0.5083686113357544 0.007291666666666667 0.012962962962962963
2 0.05840257182717323 0.6888412833213806 0.007291666666666667 0.012962962962962963
2 0.18521340191364288 0.906650960445404 0.007291666666666667 0.012962962962962963
2 0.28568071126937866 0.904450535774231 0.007291666666666667 0.012962962962962963
2 0.38607457280158997 0.9022517204284668 0.007291666666666667 0.012962962962962963
2 0.5858863592147827 0.8978755474090576 0.007291666666666667 0.012962962962962963
2 0.6873214840888977 0.8974318504333496 0.007291666666666667 0.012962962962962963
2 0.7886735200881958 0.8956584334373474 0.007291666666666667 0.012962962962962963
