1 0.581229031085968 0.2541215419769287 0.024479166666666666 0.04259259259259259
4 0.35475900769233704 0.1689780354499817 0.024479166666666666 0.04351851851851852
4 0.33554306626319885 0.46397843956947327 0.025520833333333333 0.04259259259259259
4 0.2427373230457306 0.40064096450805664 0.023958333333333335 0.04259259259259259
0 0.24598334729671478 0.5757135152816772 0.023958333333333335 0.041666666666666664
4 0.13872884213924408 0.8137351274490356 0.024479166666666666 0.04537037037037037
2 0.07043886929750443 0.6760199666023254 0.007291666666666667 0.012962962962962963
2 0.07042672485113144 0.4939905107021332 0.007291666666666667 0.012962962962962963
2 0.07144530862569809 0.3156539499759674 0.007291666666666667 0.012962962962962963
2 0.19974778592586517 0.09446579217910767 0.007291666666666667 0.012962962962962963
2 0.3033686578273773 0.09770726412534714 0.007291666666666667 0.012962962962962963
2 0.40678927302360535 0.10003738105297089 0.007291666666666667 0.012962962962962963
2 0.6112340688705444 0.10328870266675949 0.007291666666666667 0.012962962962962963
2 0.7148422002792358 0.10381949692964554 0.007291666666666667 0.012962962962962963
2 0.8179901838302612 0.10479417443275452 0.007291666666666667 0.012962962962962963
2 0.9435058236122131 0.32898619771003723 0.007291666666666667 0.012962962962962963
2 0.9418115615844727 0.5071979761123657 0.007291666666666667 0.012962962962962963
2 0.9408479332923889 0.687726616859436 0.007291666666666667 0.012962962962962963
2 0.8116607069969177 0.9061216711997986 0.007291666666666667 0.012962962962962963
2 0.7093080282211304 0.9045916199684143 0.007291666666666667 0.012962962962962963
2 0.607010543346405 0.9030624628067017 0.007291666666666667 0.012962962962962963
2 0.40335187315940857 0.900018036365509 0.007291666666666667 0.012962962962962963
2 0.29993826150894165 0.9002475738525391 0.007291666666666667 0.012962962962962963
2 0.19658708572387695 0.8991486430168152 0.007291666666666667 0.012962962962962963
