1 0.5770902633666992 0.27850255370140076 0.024479166666666666 0.04259259259259259
4 0.35665690898895264 0.20336592197418213 0.024479166666666666 0.04351851851851852
4 0.34301334619522095 0.48507797718048096 0.025520833333333333 0.04259259259259259
4 0.2510867416858673 0.4278067648410797 0.023958333333333335 0.04259259259259259
0 0.2574228346347809 0.5947616696357727 0.023958333333333335 0.041666666666666664
4 0.15629667043685913 0.82630854845047 0.024479166666666666 0.04537037037037037
2 0.08609604090452194 0.6977707743644714 0.007291666666666667 0.012962962962962963
2 0.08256921172142029 0.523173987865448 0.007291666666666667 0.012962962962962963
2 0.08013090491294861 0.3516496419906616 0.007291666666666667 0.012962962962962963
2 0.2031652331352234 0.1355459988117218 0.007291666666666667 0.012962962962962963
2 0.30516374111175537 0.13640394806861877 0.007291666666666667 0.012962962962962963
2 0.406160444021225 0.13639038801193237 0.007291666666666667 0.012962962962962963
2 0.6035119295120239 0.13508135080337524 0.007291666666666667 0.012962962962962963
2 0.7023714780807495 0.13337233662605286 0.007291666666666667 0.012962962962962963
2 0.8000513315200806 0.13210304081439972 0.007291666666666667 0.012962962962962963
2 0.920815110206604 0.33878031373023987 0.007291666666666667 0.012962962962962963
2 0.9215440154075623 0.5047665238380432 0.007291666666666667 0.012962962962962963
2 0.922981321811676 0.6724863648414612 0.007291666666666667 0.012962962962962963
2 0.8051784634590149 0.8810059428215027 0.007291666666666667 0.012962962962962963
2 0.7087807059288025 0.8845452666282654 0.007291666666666667 0.012962962962962963
2 0.6117083430290222 0.8881093263626099 0.007291666666666667 0.012962962962962963
2 0.4162563979625702 0.895285427570343 0.007291666666666667 0.012962962962962963
2 0.31590500473976135 0.9006520509719849 0.007291666666666667 0.012962962962962963
2 0.21481648087501526 0.9047943353652954 0.007291666666666667 0.012962962962962963
