1 0.42387717962265015 0.5822802186012268 0.019791666666666666 0.03425925925925926
3 0.29450008273124695 0.6165030598640442 0.01875 0.03796296296296296
3 0.307922899723053 0.6204022169113159 0.0203125 0.03796296296296296
3 0.16773782670497894 0.6191971898078918 0.021354166666666667 0.03796296296296296
0 0.28873878717422485 0.6578710675239563 0.021875 0.040740740740740744
2 0.4204341769218445 0.790619969367981 0.011458333333333333 0.012962962962962963
2 0.3614138066768646 0.7587261199951172 0.011458333333333333 0.012962962962962963
2 0.30603426694869995 0.7291041016578674 0.011458333333333333 0.012962962962962963
2 0.20812907814979553 0.6788563132286072 0.011458333333333333 0.012962962962962963
2 0.16331134736537933 0.6559891700744629 0.011458333333333333 0.012962962962962963
2 0.12157793343067169 0.6340179443359375 0.011458333333333333 0.012962962962962963
2 0.17938822507858276 0.5935243964195251 0.011458333333333333 0.012962962962962963
2 0.2593129277229309 0.5827698707580566 0.011458333333333333 0.012962962962962963
2 0.33562690019607544 0.5715823769569397 0.011458333333333333 0.012962962962962963
2 0.47877728939056396 0.5794159770011902 0.011458333333333333 0.012962962962962963
2 0.5263949632644653 0.59690922498703 0.011458333333333333 0.012962962962962963
2 0.5779213309288025 0.6148383617401123 0.011458333333333333 0.012962962962962963
2 0.6914519667625427 0.6556491255760193 0.011458333333333333 0.012962962962962963
2 0.7558063864707947 0.6789758205413818 0.011458333333333333 0.012962962962962963
2 0.8264609575271606 0.704555332660675 0.011458333333333333 0.012962962962962963
2 0.8176160454750061 0.7598611116409302 0.011458333333333333 0.012962962962962963
2 0.7274410724639893 0.78050297498703 0.011458333333333333 0.012962962962962963
2 0.630573034286499 0.8024951219558716 0.011458333333333333 0.012962962962962963
