1 0.4150993525981903 0.5702504515647888 0.019791666666666666 0.03425925925925926
3 0.2897565960884094 0.6045549511909485 0.01875 0.03796296296296296
3 0.3028734624385834 0.6082903146743774 0.0203125 0.03796296296296296
3 0.16705679893493652 0.6079117655754089 0.021354166666666667 0.03796296296296296
0 0.2849779427051544 0.6450237035751343 0.021875 0.040740740740740744
2 0.4158639907836914 0.7745363712310791 0.011458333333333333 0.012962962962962963
2 0.35765331983566284 0.7434194087982178 0.011458333333333333 0.012962962962962963
2 0.303183376789093 0.7145964503288269 0.011458333333333333 0.012962962962962963
2 0.20726671814918518 0.6658890247344971 0.011458333333333333 0.012962962962962963
2 0.16350559890270233 0.6437966227531433 0.011458333333333333 0.012962962962962963
2 0.1228235736489296 0.6226053833961487 0.011458333333333333 0.012962962962962963
2 0.17780470848083496 0.5828143358230591 0.011458333333333333 0.012962962962962963
2 0.2549465298652649 0.5718082785606384 0.011458333333333333 0.012962962962962963
2 0.3288482129573822 0.5603628158569336 0.011458333333333333 0.012962962962962963
2 0.4687434136867523 0.5670768022537231 0.011458333333333333 0.012962962962962963
2 0.5157786011695862 0.583950936794281 0.011458333333333333 0.012962962962962963
2 0.566771388053894 0.6012680530548096 0.011458333333333333 0.012962962962962963
2 0.679581880569458 0.6408587098121643 0.011458333333333333 0.012962962962962963
2 0.7437959909439087 0.6635840535163879 0.011458333333333333 0.012962962962962963
2 0.8145170211791992 0.6885819435119629 0.011458333333333333 0.012962962962962963
2 0.806826651096344 0.7433398962020874 0.011458333333333333 0.012962962962962963
2 0.7177082896232605 0.7639595866203308 0.011458333333333333 0.012962962962962963
2 0.6223832964897156 0.785835325717926 0.011458333333333333 0.012962962962962963
