4 0.2728348672389984 0.5877501964569092 0.016491071428571428 0.02860952380952381
3 0.4144259989261627 0.4231305420398712 0.015553571428571429 0.028147619047619046
4 0.4969172179698944 0.314246267080307 0.016502976190476193 0.026404761904761907
3 0.6005807518959045 0.4621228575706482 0.014875 0.02342857142857143
4 0.6218705773353577 0.6254593133926392 0.016735119047619047 0.02789047619047619
4 0.6792959570884705 0.4152922034263611 0.01743154761904762 0.02751904761904762
4 0.7075231671333313 0.4906497597694397 0.01743154761904762 0.028266666666666666
4 0.7608095407485962 0.5240024924278259 0.016967261904761905 0.02789047619047619
3 0.6762894988059998 0.5500196218490601 0.016038690476190477 0.02789047619047619
0 0.6888298392295837 0.47723209857940674 0.015366071428571429 0.025152380952380954
1 0.7154537439346313 0.46180495619773865 0.017663690476190475 0.026566666666666666
3 0.7626863121986389 0.4090527296066284 0.016955357142857144 0.02628095238095238
3 0.773767352104187 0.6151698231697083 0.016604166666666666 0.025152380952380954
4 0.7588088512420654 0.6868520379066467 0.016779761904761905 0.02712857142857143
2 0.24753759801387787 0.8180851340293884 0.005279761904761904 0.007995238095238095
2 0.32976382970809937 0.8169666528701782 0.004339285714285714 0.007695238095238095
2 0.412617027759552 0.8169386982917786 0.004904761904761905 0.007847619047619048
2 0.579066812992096 0.8159325122833252 0.004997023809523809 0.0083
2 0.663228452205658 0.8148695826530457 0.005092261904761905 0.008147619047619048
2 0.7476578950881958 0.8141725063323975 0.0051875 0.008147619047619048
2 0.8576294779777527 0.6421791911125183 0.004904761904761905 0.0083
2 0.8588084578514099 0.5074296593666077 0.0048095238095238095 0.0086
2 0.8597963452339172 0.3725912570953369 0.005508928571428572 0.009628571428571427
2 0.7511983513832092 0.20165634155273438 0.005508928571428572 0.009957142857142857
2 0.6654000878334045 0.20429787039756775 0.005916666666666666 0.007833333333333333
2 0.5804831385612488 0.20602168142795563 0.005303571428571428 0.007833333333333333
2 0.4122794270515442 0.21040531992912292 0.004997023809523809 0.008814285714285715
2 0.32853811979293823 0.21306316554546356 0.005202380952380952 0.008814285714285715
2 0.24559909105300903 0.21585936844348907 0.005303571428571428 0.008161904761904763
2 0.14021043479442596 0.388685017824173 0.005202380952380952 0.009304761904761904
2 0.14087119698524475 0.5206133127212524 0.005508928571428572 0.008485714285714286
2 0.14167901873588562 0.6516949534416199 0.005101190476190476 0.007342857142857143
