4 0.7255731225013733 0.5762646794319153 0.016491071428571428 0.02860952380952381
3 0.5851982235908508 0.4149765074253082 0.015553571428571429 0.028147619047619046
4 0.5035988092422485 0.30836373567581177 0.016502976190476193 0.026404761904761907
3 0.3995734751224518 0.45542410016059875 0.014875 0.02342857142857143
4 0.3773308992385864 0.6176787614822388 0.016735119047619047 0.02789047619047619
4 0.3212987184524536 0.40988391637802124 0.01743154761904762 0.02751904761904762
4 0.29256999492645264 0.48480385541915894 0.01743154761904762 0.028266666666666666
4 0.23900924623012543 0.5184614658355713 0.016967261904761905 0.02789047619047619
3 0.32338911294937134 0.5433598160743713 0.016038690476190477 0.02789047619047619
0 0.3113504946231842 0.47130799293518066 0.015366071428571429 0.025152380952380954
1 0.2848494052886963 0.4563004970550537 0.017663690476190475 0.026566666666666666
3 0.23803210258483887 0.4045431911945343 0.016955357142857144 0.02628095238095238
3 0.2253064066171646 0.6092085242271423 0.016604166666666666 0.025152380952380954
4 0.23973816633224487 0.6804131269454956 0.016779761904761905 0.02712857142857143
2 0.7503921985626221 0.804716169834137 0.005279761904761904 0.007995238095238095
2 0.6683737635612488 0.8046764135360718 0.004339285714285714 0.007695238095238095
2 0.5856234431266785 0.805732250213623 0.004904761904761905 0.007847619047619048
2 0.41906651854515076 0.8069087862968445 0.004997023809523809 0.0083
2 0.3346933126449585 0.8069511651992798 0.005092261904761905 0.008147619047619048
2 0.2499409317970276 0.8073627948760986 0.0051875 0.008147619047619048
2 0.1409415900707245 0.6370806097984314 0.004904761904761905 0.0083
2 0.14098089933395386 0.5030675530433655 0.0048095238095238095 0.0086
2 0.14121203124523163 0.369412899017334 0.005508928571428572 0.009628571428571427
2 0.25110575556755066 0.19969917833805084 0.005508928571428572 0.009957142857142857
2 0.33656421303749084 0.20157964527606964 0.005916666666666666 0.007833333333333333
2 0.4210450351238251 0.20256270468235016 0.005303571428571428 0.007833333333333333
2 0.5880686044692993 0.2054581195116043 0.004997023809523809 0.008814285714285715
2 0.6710681915283203 0.20736368000507355 0.005202380952380952 0.008814285714285715
2 0.7531731724739075 0.2094094306230545 0.005303571428571428 0.008161904761904763
2 0.8573423624038696 0.3783051371574402 0.005202380952380952 0.009304761904761904
2 0.856673002243042 0.5084088444709778 0.005508928571428572 0.008485714285714286
2 0.8558554649353027 0.6381040811538696 0.005101190476190476 0.007342857142857143
