4 0.7211271524429321 0.5757903456687927 0.016491071428571428 0.02860952380952381
3 0.5794066190719604 0.4138786792755127 0.015553571428571429 0.028147619047619046
4 0.4976416826248169 0.3074554204940796 0.016502976190476193 0.026404761904761907
3 0.3945840299129486 0.4574029743671417 0.014875 0.02342857142857143
4 0.3730752766132355 0.6196053624153137 0.016735119047619047 0.02789047619047619
4 0.3176047205924988 0.41300809383392334 0.01743154761904762 0.02751904761904762
4 0.28982892632484436 0.4881117343902588 0.01743154761904762 0.028266666666666666
4 0.23796430230140686 0.5221306681632996 0.016967261904761905 0.02789047619047619
3 0.32008782029151917 0.5460450649261475 0.016038690476190477 0.02789047619047619
0 0.30809247493743896 0.474440336227417 0.015366071428571429 0.025152380952380954
1 0.2822006940841675 0.45983999967575073 0.017663690476190475 0.026566666666666666
3 0.23648667335510254 0.4090239107608795 0.016955357142857144 0.02628095238095238
3 0.2251507043838501 0.6120082139968872 0.016604166666666666 0.025152380952380954
4 0.2394181787967682 0.6822049021720886 0.016779761904761905 0.02712857142857143
2 0.7455255389213562 0.8069353699684143 0.005279761904761904 0.007995238095238095
2 0.6624624133110046 0.8064925670623779 0.004339285714285714 0.007695238095238095
2 0.5793942213058472 0.8071454167366028 0.004904761904761905 0.007847619047619048
2 0.41441094875335693 0.8075019717216492 0.004997023809523809 0.0083
2 0.33194079995155334 0.8071341514587402 0.005092261904761905 0.008147619047619048
2 0.249836727976799 0.8071303963661194 0.0051875 0.008147619047619048
2 0.14425992965698242 0.6398502588272095 0.004904761904761905 0.0083
2 0.14346785843372345 0.5079410672187805 0.0048095238095238095 0.0086
2 0.14285866916179657 0.3757893741130829 0.005508928571428572 0.009628571428571427
2 0.24825476109981537 0.20416989922523499 0.005508928571428572 0.009957142857142857
2 0.33190691471099854 0.20373772084712982 0.005916666666666666 0.007833333333333333
2 0.4153469502925873 0.20242060720920563 0.005303571428571428 0.007833333333333333
2 0.5825421810150146 0.20075295865535736 0.004997023809523809 0.008814285714285715
2 0.6667454838752747 0.20039159059524536 0.005202380952380952 0.008814285714285715
2 0.7507838606834412 0.20019643008708954 0.005303571428571428 0.008161904761904763
2 0.8574846982955933 0.3716694712638855 0.005202380952380952 0.009304761904761904
2 0.85601407289505 0.5053303241729736 0.005508928571428572 0.008485714285714286
2 0.8543996810913086 0.6379613876342773 0.005101190476190476 0.007342857142857143
