4 0.15442371368408203 0.19044090807437897 0.023958333333333335 0.041666666666666664
3 0.11846351623535156 0.2772361934185028 0.022916666666666665 0.03981481481481482
3 0.14166590571403503 0.31945961713790894 0.022916666666666665 0.040740740740740744
1 0.1299038529396057 0.39914897084236145 0.024479166666666666 0.040740740740740744
4 0.2038758546113968 0.8216017484664917 0.023958333333333335 0.041666666666666664
4 0.2314765304327011 0.5169037580490112 0.0234375 0.040740740740740744
0 0.4153059720993042 0.5661922097206116 0.022395833333333334 0.040740740740740744
2 0.8008145689964294 0.11554842442274094 0.007291666666666667 0.012962962962962963
2 0.7033615112304688 0.11309020966291428 0.007291666666666667 0.012962962962962963
2 0.6044905185699463 0.11103134602308273 0.007291666666666667 0.012962962962962963
2 0.4076736569404602 0.10475201904773712 0.007291666666666667 0.012962962962962963
2 0.3069648742675781 0.1008773073554039 0.007291666666666667 0.012962962962962963
2 0.2050362229347229 0.0969601422548294 0.007291666666666667 0.012962962962962963
2 0.0807950347661972 0.3086855709552765 0.007291666666666667 0.012962962962962963
2 0.08023776859045029 0.4897545278072357 0.007291666666666667 0.012962962962962963
2 0.08097019046545029 0.6690728068351746 0.007291666666666667 0.012962962962962963
2 0.20869986712932587 0.8929684162139893 0.007291666666666667 0.012962962962962963
2 0.3122952878475189 0.8936469554901123 0.007291666666666667 0.012962962962962963
2 0.4131026566028595 0.893864631652832 0.007291666666666667 0.012962962962962963
2 0.613116979598999 0.894296407699585 0.007291666666666667 0.012962962962962963
2 0.7130823731422424 0.8945122361183167 0.007291666666666667 0.012962962962962963
2 0.8123612999916077 0.8956173658370972 0.007291666666666667 0.012962962962962963
2 0.9291362166404724 0.679660439491272 0.007291666666666667 0.012962962962962963
2 0.9262799620628357 0.503348171710968 0.007291666666666667 0.012962962962962963
2 0.9242282509803772 0.33142927289009094 0.007291666666666667 0.012962962962962963
