4 0.8669441938400269 0.2849162220954895 0.0234375 0.04259259259259259
3 0.745884895324707 0.19495351612567902 0.023958333333333335 0.040740740740740744
4 0.7624527215957642 0.5392962098121643 0.023958333333333335 0.040740740740740744
4 0.689257025718689 0.4717884957790375 0.023958333333333335 0.040740740740740744
0 0.5177635550498962 0.4753476083278656 0.022395833333333334 0.040740740740740744
4 0.46874263882637024 0.46696293354034424 0.022916666666666665 0.041666666666666664
4 0.3812290132045746 0.503959059715271 0.023958333333333335 0.041666666666666664
3 0.350686639547348 0.6324170231819153 0.022395833333333334 0.040740740740740744
4 0.27301281690597534 0.63704514503479 0.023958333333333335 0.040740740740740744
4 0.3555850684642792 0.20249409973621368 0.023958333333333335 0.03981481481481482
3 0.1606082022190094 0.43180394172668457 0.023958333333333335 0.041666666666666664
1 0.13404525816440582 0.6956687569618225 0.023958333333333335 0.041666666666666664
2 0.06600480526685715 0.6697448492050171 0.007291666666666667 0.012962962962962963
2 0.06865759938955307 0.5012398958206177 0.007291666666666667 0.012962962962962963
2 0.06887171417474747 0.3288041353225708 0.007291666666666667 0.012962962962962963
2 0.19157586991786957 0.11574818938970566 0.007291666666666667 0.012962962962962963
2 0.2912978529930115 0.11322958022356033 0.007291666666666667 0.012962962962962963
2 0.3907741606235504 0.1102820485830307 0.007291666666666667 0.012962962962962963
2 0.5927854180335999 0.10473927110433578 0.007291666666666667 0.012962962962962963
2 0.6953694820404053 0.10081207007169724 0.007291666666666667 0.012962962962962963
2 0.7987406253814697 0.09774739295244217 0.007291666666666667 0.012962962962962963
2 0.9235475659370422 0.3094864785671234 0.007291666666666667 0.012962962962962963
2 0.9200831651687622 0.48633840680122375 0.007291666666666667 0.012962962962962963
2 0.9171543121337891 0.662600040435791 0.007291666666666667 0.012962962962962963
2 0.786388635635376 0.8785884976387024 0.007291666666666667 0.012962962962962963
2 0.683095395565033 0.8786214590072632 0.007291666666666667 0.012962962962962963
2 0.5821347832679749 0.8782217502593994 0.007291666666666667 0.012962962962962963
2 0.38349297642707825 0.8782884478569031 0.007291666666666667 0.012962962962962963
2 0.28453779220581055 0.8787487745285034 0.007291666666666667 0.012962962962962963
2 0.1853465884923935 0.8783549666404724 0.007291666666666667 0.012962962962962963
