4 0.5552929639816284 0.2739931643009186 0.013541666666666667 0.025925925925925925
3 0.5620958805084229 0.32228201627731323 0.015104166666666667 0.025925925925925925
3 0.5132002234458923 0.2620018422603607 0.013541666666666667 0.024074074074074074
1 0.4543369710445404 0.2717564105987549 0.014583333333333334 0.025
3 0.35392215847969055 0.2733931839466095 0.013541666666666667 0.025
3 0.3539542555809021 0.32749614119529724 0.015104166666666667 0.026851851851851852
3 0.4586940109729767 0.36737701296806335 0.015104166666666667 0.026851851851851852
4 0.5069883465766907 0.38205844163894653 0.016145833333333335 0.026851851851851852
0 0.5298190712928772 0.5276601910591125 0.0171875 0.03148148148148148
4 0.49541518092155457 0.5534878969192505 0.018229166666666668 0.03333333333333333
3 0.45158466696739197 0.566277801990509 0.018229166666666668 0.032407407407407406
3 0.48190635442733765 0.6214767694473267 0.019270833333333334 0.03518518518518519
4 0.4440048336982727 0.6455302834510803 0.01875 0.03518518518518519
4 0.45500510931015015 0.6926457285881042 0.0203125 0.037037037037037035
2 0.2435643970966339 0.638930082321167 0.007291666666666667 0.012962962962962963
2 0.2600354254245758 0.5605324506759644 0.007291666666666667 0.012962962962962963
2 0.27587467432022095 0.4926437437534332 0.007291666666666667 0.012962962962962963
2 0.30081626772880554 0.37917518615722656 0.007291666666666667 0.012962962962962963
2 0.31243881583213806 0.3309379816055298 0.007291666666666667 0.012962962962962963
2 0.32152432203292847 0.2875005006790161 0.007291666666666667 0.012962962962962963
2 0.42489615082740784 0.23560141026973724 0.007291666666666667 0.012962962962962963
2 0.4950803518295288 0.23468613624572754 0.007291666666666667 0.012962962962962963
2 0.5662920475006104 0.23375746607780457 0.007291666666666667 0.012962962962962963
2 0.6681753396987915 0.28563201427459717 0.007291666666666667 0.012962962962962963
2 0.6761434078216553 0.33104848861694336 0.007291666666666667 0.012962962962962963
2 0.6843748688697815 0.379165381193161 0.007291666666666667 0.012962962962962963
2 0.7041540741920471 0.4949045181274414 0.007291666666666667 0.012962962962962963
2 0.7159685492515564 0.5652555227279663 0.007291666666666667 0.012962962962962963
2 0.7295941114425659 0.6437351107597351 0.007291666666666667 0.012962962962962963
2 0.597289502620697 0.7602080702781677 0.007291666666666667 0.012962962962962963
2 0.4795422852039337 0.7574023604393005 0.007291666666666667 0.012962962962962963
2 0.36430999636650085 0.7563642859458923 0.007291666666666667 0.012962962962962963
