4 0.4306095242500305 0.2478133589029312 0.013541666666666667 0.025925925925925925
3 0.42319977283477783 0.2976926267147064 0.015104166666666667 0.025925925925925925
3 0.4723261296749115 0.23477014899253845 0.013541666666666667 0.024074074074074074
1 0.5305257439613342 0.24390070140361786 0.014583333333333334 0.025
3 0.6306845545768738 0.24398936331272125 0.013541666666666667 0.025
3 0.6299406886100769 0.3002382516860962 0.015104166666666667 0.026851851851851852
3 0.5248655080795288 0.3429827392101288 0.015104166666666667 0.026851851851851852
4 0.4767538011074066 0.3587411046028137 0.016145833333333335 0.026851851851851852
0 0.4520643353462219 0.5096448063850403 0.0171875 0.03148148148148148
4 0.4857766032218933 0.5362707376480103 0.018229166666666668 0.03333333333333333
3 0.529166042804718 0.54939866065979 0.018229166666666668 0.032407407407407406
3 0.4982246458530426 0.6068518161773682 0.019270833333333334 0.03518518518518519
4 0.5356165766716003 0.6318625211715698 0.01875 0.03518518518518519
4 0.5239942073822021 0.6809282898902893 0.0203125 0.037037037037037035
2 0.7372399568557739 0.6249474883079529 0.007291666666666667 0.012962962962962963
2 0.7215321660041809 0.5427312850952148 0.007291666666666667 0.012962962962962963
2 0.7063714265823364 0.471721351146698 0.007291666666666667 0.012962962962962963
2 0.6826562285423279 0.3534003794193268 0.007291666666666667 0.012962962962962963
2 0.6715770959854126 0.3032539188861847 0.007291666666666667 0.012962962962962963
2 0.6630038022994995 0.2581503987312317 0.007291666666666667 0.012962962962962963
2 0.5603055357933044 0.2059788852930069 0.007291666666666667 0.012962962962962963
2 0.4906405508518219 0.20626384019851685 0.007291666666666667 0.012962962962962963
2 0.4203687012195587 0.20655128359794617 0.007291666666666667 0.012962962962962963
2 0.31972548365592957 0.26152506470680237 0.007291666666666667 0.012962962962962963
2 0.31124553084373474 0.3082459568977356 0.007291666666666667 0.012962962962962963
2 0.3024660646915436 0.3577456474304199 0.007291666666666667 0.012962962962962963
2 0.28136539459228516 0.4768275022506714 0.007291666666666667 0.012962962962962963
2 0.26874014735221863 0.5492213368415833 0.007291666666666667 0.012962962962962963
2 0.2542198896408081 0.6299918293952942 0.007291666666666667 0.012962962962962963
2 0.38201814889907837 0.7506387829780579 0.007291666666666667 0.012962962962962963
2 0.4986485242843628 0.7483062148094177 0.007291666666666667 0.012962962962962963
2 0.613869845867157 0.7477890253067017 0.007291666666666667 0.012962962962962963
