4 0.4317280352115631 0.2570797801017761 0.013541666666666667 0.025925925925925925
3 0.4249403774738312 0.3076334595680237 0.015104166666666667 0.025925925925925925
3 0.47434407472610474 0.24335384368896484 0.013541666666666667 0.024074074074074074
1 0.5342685580253601 0.2519191801548004 0.014583333333333334 0.025
3 0.6373273134231567 0.250808984041214 0.013541666666666667 0.025
3 0.6371083855628967 0.30785173177719116 0.015104166666666667 0.026851851851851852
3 0.5297435522079468 0.35221025347709656 0.015104166666666667 0.026851851851851852
4 0.4806976318359375 0.3686116635799408 0.016145833333333335 0.026851851851851852
0 0.45773836970329285 0.5200842618942261 0.0171875 0.03148148148148148
4 0.49244266748428345 0.5463164448738098 0.018229166666666668 0.03333333333333333
3 0.5367907285690308 0.5590047240257263 0.018229166666666668 0.032407407407407406
3 0.5060778260231018 0.6163651347160339 0.019270833333333334 0.03518518518518519
4 0.544388473033905 0.6408549547195435 0.01875 0.03518518518518519
4 0.533210813999176 0.6894803643226624 0.0203125 0.037037037037037035
2 0.7495703101158142 0.632373034954071 0.007291666666666667 0.012962962962962963
2 0.7330005168914795 0.5506508350372314 0.007291666666666667 0.012962962962962963
2 0.7169929146766663 0.47976943850517273 0.007291666666666667 0.012962962962962963
2 0.6917634606361389 0.36100077629089355 0.007291666666666667 0.012962962962962963
2 0.6799604892730713 0.31043004989624023 0.007291666666666667 0.012962962962962963
2 0.6707489490509033 0.2648034989833832 0.007291666666666667 0.012962962962962963
2 0.5644346475601196 0.2130265086889267 0.007291666666666667 0.012962962962962963
2 0.4927520155906677 0.2141779512166977 0.007291666666666667 0.012962962962962963
2 0.42054715752601624 0.21533778309822083 0.007291666666666667 0.012962962962962963
2 0.3183828294277191 0.2722722291946411 0.007291666666666667 0.012962962962962963
2 0.3106330931186676 0.31955182552337646 0.007291666666666667 0.012962962962962963
2 0.3026570677757263 0.3694837987422943 0.007291666666666667 0.012962962962962963
2 0.2835945188999176 0.48894748091697693 0.007291666666666667 0.012962962962962963
2 0.27228298783302307 0.5611209869384766 0.007291666666666667 0.012962962962962963
2 0.2592863142490387 0.6412506103515625 0.007291666666666667 0.012962962962962963
2 0.3906286358833313 0.7591491341590881 0.007291666666666667 0.012962962962962963
2 0.5084257125854492 0.7560622096061707 0.007291666666666667 0.012962962962962963
2 0.6250991821289062 0.7547646760940552 0.007291666666666667 0.012962962962962963
