3 0.3791569471359253 0.4622481167316437 0.017708333333333333 0.02962962962962963
3 0.4424140155315399 0.5329129099845886 0.017708333333333333 0.030555555555555555
0 0.525140106678009 0.5571512579917908 0.018229166666666668 0.03333333333333333
4 0.5630359649658203 0.30228951573371887 0.015625 0.026851851851851852
4 0.6590613126754761 0.3940897583961487 0.015625 0.02962962962962963
4 0.6508386135101318 0.6222929954528809 0.019270833333333334 0.03518518518518519
1 0.6153148412704468 0.7229228615760803 0.020833333333333332 0.026851851851851852
4 0.708511471748352 0.6877659559249878 0.0203125 0.03611111111111111
2 0.7517989873886108 0.6411738395690918 0.007291666666666667 0.012962962962962963
2 0.7366523742675781 0.5604792833328247 0.007291666666666667 0.012962962962962963
2 0.7211723923683167 0.4900892376899719 0.007291666666666667 0.012962962962962963
2 0.696557343006134 0.3704962432384491 0.007291666666666667 0.012962962962962963
2 0.6853650212287903 0.31858012080192566 0.007291666666666667 0.012962962962962963
2 0.6756966710090637 0.2725512981414795 0.007291666666666667 0.012962962962962963
2 0.5692546963691711 0.21789371967315674 0.007291666666666667 0.012962962962962963
2 0.4965779185295105 0.218614861369133 0.007291666666666667 0.012962962962962963
2 0.4230903685092926 0.21796517074108124 0.007291666666666667 0.012962962962962963
2 0.31903406977653503 0.2717285454273224 0.007291666666666667 0.012962962962962963
2 0.31058183312416077 0.31812676787376404 0.007291666666666667 0.012962962962962963
2 0.3031657040119171 0.3694222867488861 0.007291666666666667 0.012962962962962963
2 0.2822496294975281 0.4887455701828003 0.007291666666666667 0.012962962962962963
2 0.2697891294956207 0.5598531365394592 0.007291666666666667 0.012962962962962963
2 0.25659993290901184 0.639725387096405 0.007291666666666667 0.012962962962962963
2 0.38835519552230835 0.7615103125572205 0.007291666666666667 0.012962962962962963
2 0.5071418285369873 0.7616411447525024 0.007291666666666667 0.012962962962962963
2 0.6254817843437195 0.7617520689964294 0.007291666666666667 0.012962962962962963
