4 0.7528469562530518 0.7026100158691406 0.016145833333333335 0.028703703703703703
3 0.8047217130661011 0.6430074572563171 0.015625 0.026851851851851852
4 0.789309561252594 0.5216192603111267 0.016145833333333335 0.027777777777777776
4 0.7146703004837036 0.3941146433353424 0.016145833333333335 0.027777777777777776
3 0.7079237699508667 0.6291077733039856 0.015625 0.025925925925925925
1 0.6148487329483032 0.7036949396133423 0.015625 0.027777777777777776
4 0.6218929290771484 0.6587873101234436 0.015104166666666667 0.026851851851851852
4 0.6257595419883728 0.610771119594574 0.015625 0.027777777777777776
3 0.5155489444732666 0.616301953792572 0.015104166666666667 0.026851851851851852
0 0.5873908400535583 0.31145772337913513 0.015625 0.026851851851851852
4 0.5361211895942688 0.25180572271347046 0.015104166666666667 0.026851851851851852
3 0.4070880711078644 0.2720786929130554 0.015104166666666667 0.027777777777777776
4 0.28370609879493713 0.4441724121570587 0.015625 0.027777777777777776
3 0.26748910546302795 0.6536367535591125 0.015625 0.025925925925925925
2 0.14991582930088043 0.6427375674247742 0.007291666666666667 0.012962962962962963
2 0.15059617161750793 0.5008872151374817 0.007291666666666667 0.012962962962962963
2 0.15078385174274445 0.35583797097206116 0.007291666666666667 0.012962962962962963
2 0.2595190107822418 0.17021802067756653 0.007291666666666667 0.012962962962962963
2 0.343377023935318 0.17023786902427673 0.007291666666666667 0.012962962962962963
2 0.42671242356300354 0.17025624215602875 0.007291666666666667 0.012962962962962963
2 0.5923132300376892 0.17161937057971954 0.007291666666666667 0.012962962962962963
2 0.6748465299606323 0.17207740247249603 0.007291666666666667 0.012962962962962963
2 0.7571073770523071 0.17297519743442535 0.007291666666666667 0.012962962962962963
2 0.8565443158149719 0.3572273850440979 0.007291666666666667 0.012962962962962963
2 0.8529112339019775 0.5003155469894409 0.007291666666666667 0.012962962962962963
2 0.8490762710571289 0.6415572166442871 0.007291666666666667 0.012962962962962963
2 0.7414478659629822 0.8197171688079834 0.007291666666666667 0.012962962962962963
2 0.6611878275871277 0.8198515772819519 0.007291666666666667 0.012962962962962963
2 0.5799068212509155 0.8212783932685852 0.007291666666666667 0.012962962962962963
2 0.41786572337150574 0.8219853639602661 0.007291666666666667 0.012962962962962963
2 0.33658552169799805 0.8225550651550293 0.007291666666666667 0.012962962962962963
2 0.25455400347709656 0.8222669959068298 0.007291666666666667 0.012962962962962963
