3 0.8424937725067139 0.27744102478027344 0.026041666666666668 0.04259259259259259
1 0.8617915511131287 0.5018686652183533 0.025 0.04259259259259259
3 0.8203226923942566 0.48483750224113464 0.024479166666666666 0.04259259259259259
0 0.46279624104499817 0.41822049021720886 0.023958333333333335 0.040740740740740744
3 0.22234804928302765 0.7562752962112427 0.024479166666666666 0.041666666666666664
3 0.21035370230674744 0.5246282815933228 0.024479166666666666 0.041666666666666664
3 0.14407628774642944 0.35932984948158264 0.025 0.04259259259259259
2 0.09261610358953476 0.6491745710372925 0.007291666666666667 0.012962962962962963
2 0.09281967580318451 0.47648417949676514 0.007291666666666667 0.012962962962962963
2 0.09252435714006424 0.3025921881198883 0.007291666666666667 0.012962962962962963
2 0.21478359401226044 0.09045280516147614 0.007291666666666667 0.012962962962962963
2 0.31563180685043335 0.09129159897565842 0.007291666666666667 0.012962962962962963
2 0.41514483094215393 0.09299362450838089 0.007291666666666667 0.012962962962962963
2 0.6149348020553589 0.09334415942430496 0.007291666666666667 0.012962962962962963
2 0.7147142291069031 0.09330090135335922 0.007291666666666667 0.012962962962962963
2 0.8149125576019287 0.09369830787181854 0.007291666666666667 0.012962962962962963
2 0.9374185800552368 0.30846044421195984 0.007291666666666667 0.012962962962962963
2 0.9362865090370178 0.4817532002925873 0.007291666666666667 0.012962962962962963
2 0.9356371164321899 0.6555628776550293 0.007291666666666667 0.012962962962962963
2 0.8109372854232788 0.8647775650024414 0.007291666666666667 0.012962962962962963
2 0.7107990384101868 0.8638328909873962 0.007291666666666667 0.012962962962962963
2 0.612300455570221 0.863319993019104 0.007291666666666667 0.012962962962962963
2 0.41482114791870117 0.8618678450584412 0.007291666666666667 0.012962962962962963
2 0.3153449594974518 0.8613497018814087 0.007291666666666667 0.012962962962962963
2 0.2155386507511139 0.8599812984466553 0.007291666666666667 0.012962962962962963
