3 0.5417740941047668 0.26949769258499146 0.015104166666666667 0.025925925925925925
3 0.5228860974311829 0.2750546634197235 0.0140625 0.025
3 0.5644848346710205 0.39350518584251404 0.016145833333333335 0.028703703703703703
3 0.48586130142211914 0.452433317899704 0.016666666666666666 0.02962962962962963
3 0.5735601186752319 0.6394956707954407 0.019270833333333334 0.03518518518518519
4 0.4456884264945984 0.6204621195793152 0.019270833333333334 0.03518518518518519
0 0.476774126291275 0.571366012096405 0.018229166666666668 0.03333333333333333
1 0.3250768780708313 0.5664968490600586 0.01875 0.03333333333333333
3 0.28548678755760193 0.6643927097320557 0.019791666666666666 0.03425925925925926
2 0.2473278045654297 0.6323522925376892 0.007291666666666667 0.012962962962962963
2 0.26333966851234436 0.5530121326446533 0.007291666666666667 0.012962962962962963
2 0.2773764431476593 0.4830957055091858 0.007291666666666667 0.012962962962962963
2 0.30177298188209534 0.364791601896286 0.007291666666666667 0.012962962962962963
2 0.3121214210987091 0.31460967659950256 0.007291666666666667 0.012962962962962963
2 0.3214814364910126 0.2689128518104553 0.007291666666666667 0.012962962962962963
2 0.4258708655834198 0.21510599553585052 0.007291666666666667 0.012962962962962963
2 0.49839460849761963 0.21437214314937592 0.007291666666666667 0.012962962962962963
2 0.5710383057594299 0.21453341841697693 0.007291666666666667 0.012962962962962963
2 0.6755136847496033 0.2677752375602722 0.007291666666666667 0.012962962962962963
2 0.6835827231407166 0.3134884536266327 0.007291666666666667 0.012962962962962963
2 0.692726194858551 0.3646034598350525 0.007291666666666667 0.012962962962962963
2 0.7139974236488342 0.4844244420528412 0.007291666666666667 0.012962962962962963
2 0.7269221544265747 0.5558454394340515 0.007291666666666667 0.012962962962962963
2 0.7414779663085938 0.6367621421813965 0.007291666666666667 0.012962962962962963
2 0.608331024646759 0.757124125957489 0.007291666666666667 0.012962962962962963
2 0.4901704788208008 0.7553849220275879 0.007291666666666667 0.012962962962962963
2 0.372824102640152 0.7540966272354126 0.007291666666666667 0.012962962962962963
