3 0.10350710898637772 0.4354647397994995 0.013541666666666667 0.016666666666666666
1 0.12287305295467377 0.42088985443115234 0.013541666666666667 0.023148148148148147
4 0.1484508514404297 0.38911378383636475 0.013541666666666667 0.023148148148148147
4 0.19935689866542816 0.40605980157852173 0.013541666666666667 0.023148148148148147
4 0.18646004796028137 0.44867706298828125 0.013541666666666667 0.023148148148148147
3 0.24629783630371094 0.36937686800956726 0.0125 0.020370370370370372
0 0.23991864919662476 0.411764919757843 0.0125 0.022222222222222223
4 0.26181361079216003 0.49274128675460815 0.015104166666666667 0.025925925925925925
3 0.3245857357978821 0.4492577016353607 0.013541666666666667 0.023148148148148147
3 0.41716036200523376 0.444484680891037 0.013541666666666667 0.023148148148148147
3 0.5330324172973633 0.5236048698425293 0.0140625 0.025
3 0.5512893795967102 0.5186482667922974 0.0140625 0.025925925925925925
4 0.616039514541626 0.5228429436683655 0.014583333333333334 0.025925925925925925
2 0.6157918572425842 0.44948816299438477 0.011458333333333333 0.012962962962962963
2 0.5568161010742188 0.42536622285842896 0.011458333333333333 0.012962962962962963
2 0.5013816952705383 0.4026738107204437 0.011458333333333333 0.012962962962962963
2 0.40019887685775757 0.3610627055168152 0.011458333333333333 0.012962962962962963
2 0.35388869047164917 0.34256330132484436 0.011458333333333333 0.012962962962962963
2 0.31020501255989075 0.32454562187194824 0.011458333333333333 0.012962962962962963
2 0.20170478522777557 0.33292877674102783 0.011458333333333333 0.012962962962962963
2 0.15610574185848236 0.3578493595123291 0.011458333333333333 0.012962962962962963
2 0.10760440677404404 0.3843698501586914 0.011458333333333333 0.012962962962962963
2 0.0926905944943428 0.45078346133232117 0.011458333333333333 0.012962962962962963
2 0.13582801818847656 0.47565922141075134 0.011458333333333333 0.012962962962962963
2 0.18247388303279877 0.5023394823074341 0.011458333333333333 0.012962962962962963
2 0.284749299287796 0.5603287816047668 0.011458333333333333 0.012962962962962963
2 0.34191328287124634 0.5925487875938416 0.011458333333333333 0.012962962962962963
2 0.4032553434371948 0.6275390386581421 0.011458333333333333 0.012962962962962963
2 0.5567238926887512 0.6151488423347473 0.011458333333333333 0.012962962962962963
2 0.603584885597229 0.571811854839325 0.011458333333333333 0.012962962962962963
2 0.6466439962387085 0.5307652354240417 0.011458333333333333 0.012962962962962963
