3 0.10531609505414963 0.42917200922966003 0.013541666666666667 0.016666666666666666
1 0.1269627958536148 0.4140404164791107 0.013541666666666667 0.023148148148148147
4 0.15590330958366394 0.3814832270145416 0.013541666666666667 0.023148148148148147
4 0.2100159376859665 0.39793941378593445 0.013541666666666667 0.023148148148148147
4 0.19459763169288635 0.4412839114665985 0.013541666666666667 0.023148148148148147
3 0.2614097595214844 0.36047014594078064 0.0125 0.020370370370370372
0 0.25321394205093384 0.40313777327537537 0.0125 0.022222222222222223
4 0.27395427227020264 0.4846973121166229 0.015104166666666667 0.025925925925925925
3 0.34203287959098816 0.4396200478076935 0.013541666666666667 0.023148148148148147
3 0.43949222564697266 0.43335920572280884 0.013541666666666667 0.023148148148148147
3 0.558516263961792 0.5104264616966248 0.0140625 0.025
3 0.5774480104446411 0.5050944089889526 0.0140625 0.025925925925925925
4 0.6439346075057983 0.5079678297042847 0.014583333333333334 0.025925925925925925
2 0.6443910002708435 0.4352266490459442 0.011458333333333333 0.012962962962962963
2 0.5843850374221802 0.41227319836616516 0.011458333333333333 0.012962962962962963
2 0.5277243256568909 0.39058059453964233 0.011458333333333333 0.012962962962962963
2 0.4236573576927185 0.35054707527160645 0.011458333333333333 0.012962962962962963
2 0.3757314085960388 0.3326568603515625 0.011458333333333333 0.012962962962962963
2 0.3303733766078949 0.315155953168869 0.011458333333333333 0.012962962962962963
2 0.21514250338077545 0.32441598176956177 0.011458333333333333 0.012962962962962963
2 0.16536656022071838 0.3498593866825104 0.011458333333333333 0.012962962962962963
2 0.11192996054887772 0.377187579870224 0.011458333333333333 0.012962962962962963
2 0.09287319332361221 0.44498640298843384 0.011458333333333333 0.012962962962962963
2 0.13878154754638672 0.469658225774765 0.011458333333333333 0.012962962962962963
2 0.18829402327537537 0.49603888392448425 0.011458333333333333 0.012962962962962963
2 0.29636746644973755 0.5530917048454285 0.011458333333333333 0.012962962962962963
2 0.35647526383399963 0.5846245884895325 0.011458333333333333 0.012962962962962963
2 0.4207257628440857 0.6187605261802673 0.011458333333333333 0.012962962962962963
2 0.581758439540863 0.6019760966300964 0.011458333333333333 0.012962962962962963
2 0.6306639313697815 0.5571740865707397 0.011458333333333333 0.012962962962962963
2 0.6751329302787781 0.5152255892753601 0.011458333333333333 0.012962962962962963
