3 0.8768377304077148 0.5480934977531433 0.025 0.04259259259259259
3 0.8525763750076294 0.5666436553001404 0.026041666666666668 0.04259259259259259
3 0.5419146418571472 0.8130319118499756 0.023958333333333335 0.04259259259259259
3 0.5352182388305664 0.22631052136421204 0.023958333333333335 0.041666666666666664
4 0.4092633128166199 0.3105466365814209 0.024479166666666666 0.041666666666666664
3 0.35417240858078003 0.29050278663635254 0.024479166666666666 0.04259259259259259
4 0.2898383140563965 0.4819506108760834 0.023958333333333335 0.041666666666666664
0 0.268343061208725 0.5147847533226013 0.024479166666666666 0.041666666666666664
3 0.29682657122612 0.31668221950531006 0.025 0.04259259259259259
3 0.23618187010288239 0.3438969850540161 0.023958333333333335 0.041666666666666664
1 0.13876844942569733 0.4366699755191803 0.025 0.04259259259259259
2 0.20299910008907318 0.11241307854652405 0.007291666666666667 0.012962962962962963
2 0.30615901947021484 0.11092819273471832 0.007291666666666667 0.012962962962962963
2 0.40778130292892456 0.10946542024612427 0.007291666666666667 0.012962962962962963
2 0.6105299592018127 0.10480768978595734 0.007291666666666667 0.012962962962962963
2 0.7108961343765259 0.1020660474896431 0.007291666666666667 0.012962962962962963
2 0.8120190501213074 0.09975272417068481 0.007291666666666667 0.012962962962962963
2 0.938681423664093 0.31029781699180603 0.007291666666666667 0.012962962962962963
2 0.9405801296234131 0.48499706387519836 0.007291666666666667 0.012962962962962963
2 0.9424931406974792 0.6613534688949585 0.007291666666666667 0.012962962962962963
2 0.818935751914978 0.8831943869590759 0.007291666666666667 0.012962962962962963
2 0.7162984609603882 0.886204719543457 0.007291666666666667 0.012962962962962963
2 0.6146751046180725 0.8900660872459412 0.007291666666666667 0.012962962962962963
2 0.4088593125343323 0.8983279466629028 0.007291666666666667 0.012962962962962963
2 0.30568453669548035 0.902696430683136 0.007291666666666667 0.012962962962962963
2 0.20042367279529572 0.9066916108131409 0.007291666666666667 0.012962962962962963
2 0.07231695204973221 0.688172459602356 0.007291666666666667 0.012962962962962963
2 0.07391688227653503 0.5092558264732361 0.007291666666666667 0.012962962962962963
2 0.07525322586297989 0.330284059047699 0.007291666666666667 0.012962962962962963
