3 0.878295361995697 0.5332359075546265 0.025 0.04259259259259259
3 0.8542682528495789 0.5512180924415588 0.026041666666666668 0.04259259259259259
3 0.5441210865974426 0.7921105027198792 0.023958333333333335 0.04259259259259259
3 0.5442385077476501 0.212760329246521 0.023958333333333335 0.041666666666666664
4 0.4189716577529907 0.293170303106308 0.024479166666666666 0.041666666666666664
3 0.3648422956466675 0.2727186381816864 0.024479166666666666 0.04259259259259259
4 0.2980615198612213 0.45999833941459656 0.023958333333333335 0.041666666666666664
0 0.27615073323249817 0.49214398860931396 0.024479166666666666 0.041666666666666664
3 0.30772942304611206 0.2975060045719147 0.025 0.04259259259259259
3 0.24722225964069366 0.3233080506324768 0.023958333333333335 0.041666666666666664
1 0.14880527555942535 0.41319894790649414 0.025 0.04259259259259259
2 0.21858863532543182 0.09658727049827576 0.007291666666666667 0.012962962962962963
2 0.3202933967113495 0.09681499004364014 0.007291666666666667 0.012962962962962963
2 0.4203372597694397 0.09703898429870605 0.007291666666666667 0.012962962962962963
2 0.619525134563446 0.09579819440841675 0.007291666666666667 0.012962962962962963
2 0.7179158926010132 0.0947629064321518 0.007291666666666667 0.012962962962962963
2 0.8168998956680298 0.09415607899427414 0.007291666666666667 0.012962962962962963
2 0.9400172829627991 0.30079683661460876 0.007291666666666667 0.012962962962962963
2 0.9413397312164307 0.4719636142253876 0.007291666666666667 0.012962962962962963
2 0.9426810145378113 0.6460317373275757 0.007291666666666667 0.012962962962962963
2 0.8192538619041443 0.8654383420944214 0.007291666666666667 0.012962962962962963
2 0.7171134352684021 0.8673095107078552 0.007291666666666667 0.012962962962962963
2 0.6158182621002197 0.8700479865074158 0.007291666666666667 0.012962962962962963
2 0.41017618775367737 0.8760504722595215 0.007291666666666667 0.012962962962962963
2 0.30683809518814087 0.879294753074646 0.007291666666666667 0.012962962962962963
2 0.2012481540441513 0.8821455240249634 0.007291666666666667 0.012962962962962963
2 0.07733868062496185 0.6617632508277893 0.007291666666666667 0.012962962962962963
2 0.08276765793561935 0.4840156137943268 0.007291666666666667 0.012962962962962963
2 0.08789502084255219 0.30755695700645447 0.007291666666666667 0.012962962962962963
