3 0.12202122807502747 0.5601313710212708 0.025 0.04259259259259259
3 0.1445300430059433 0.576984703540802 0.026041666666666668 0.04259259259259259
3 0.43642017245292664 0.8041527271270752 0.023958333333333335 0.04259259259259259
3 0.45360228419303894 0.23512470722198486 0.023958333333333335 0.041666666666666664
4 0.575680136680603 0.31156808137893677 0.024479166666666666 0.041666666666666664
3 0.6307181119918823 0.2891608476638794 0.024479166666666666 0.04259259259259259
4 0.6905359029769897 0.4750049114227295 0.023958333333333335 0.041666666666666664
0 0.7112459540367126 0.5064915418624878 0.024479166666666666 0.041666666666666664
3 0.6873252987861633 0.31225642561912537 0.025 0.04259259259259259
3 0.7475258708000183 0.336346834897995 0.023958333333333335 0.041666666666666664
1 0.8436715602874756 0.4241185188293457 0.025 0.04259259259259259
2 0.7866907715797424 0.1038726270198822 0.007291666666666667 0.012962962962962963
2 0.6826708316802979 0.10850965231657028 0.007291666666666667 0.012962962962962963
2 0.581328809261322 0.11302730441093445 0.007291666666666667 0.012962962962962963
2 0.3824401795864105 0.12019065767526627 0.007291666666666667 0.012962962962962963
2 0.2855648696422577 0.12325521558523178 0.007291666666666667 0.012962962962962963
2 0.18898290395736694 0.12674550712108612 0.007291666666666667 0.012962962962962963
2 0.06700210273265839 0.3358219861984253 0.007291666666666667 0.012962962962962963
2 0.0632486343383789 0.5023667812347412 0.007291666666666667 0.012962962962962963
2 0.0594865158200264 0.6694507598876953 0.007291666666666667 0.012962962962962963
2 0.17196694016456604 0.8760707974433899 0.007291666666666667 0.012962962962962963
2 0.2685457170009613 0.8772040605545044 0.007291666666666667 0.012962962962962963
2 0.36517468094825745 0.8791775703430176 0.007291666666666667 0.012962962962962963
2 0.564029335975647 0.8836644291877747 0.007291666666666667 0.012962962962962963
2 0.665336549282074 0.8861700892448425 0.007291666666666667 0.012962962962962963
2 0.7698466181755066 0.888305127620697 0.007291666666666667 0.012962962962962963
2 0.9045960903167725 0.6710225343704224 0.007291666666666667 0.012962962962962963
2 0.9077768921852112 0.4936749041080475 0.007291666666666667 0.012962962962962963
2 0.9112491607666016 0.3151496648788452 0.007291666666666667 0.012962962962962963
