3 0.8792620301246643 0.5747440457344055 0.025 0.04259259259259259
3 0.8541491031646729 0.5931318998336792 0.026041666666666668 0.04259259259259259
3 0.5374715328216553 0.8339032530784607 0.023958333333333335 0.04259259259259259
3 0.531480610370636 0.23481057584285736 0.023958333333333335 0.041666666666666664
4 0.40375328063964844 0.31934410333633423 0.024479166666666666 0.041666666666666664
3 0.3481236398220062 0.2976204752922058 0.024479166666666666 0.04259259259259259
4 0.28440696001052856 0.49190109968185425 0.023958333333333335 0.041666666666666664
0 0.26312780380249023 0.5246952772140503 0.024479166666666666 0.041666666666666664
3 0.2905610203742981 0.32334476709365845 0.025 0.04259259259259259
3 0.2299543023109436 0.34994685649871826 0.023958333333333335 0.041666666666666664
1 0.13362233340740204 0.44227898120880127 0.025 0.04259259259259259
2 0.19505725800991058 0.11135777831077576 0.007291666666666667 0.012962962962962963
2 0.2989388108253479 0.1113753542304039 0.007291666666666667 0.012962962962962963
2 0.4018253982067108 0.11139275878667831 0.007291666666666667 0.012962962962962963
2 0.6087608337402344 0.10960990935564041 0.007291666666666667 0.012962962962962963
2 0.7120359539985657 0.1082632839679718 0.007291666666666667 0.012962962962962963
2 0.8166525363922119 0.10737098008394241 0.007291666666666667 0.012962962962962963
2 0.9458602666854858 0.3300558924674988 0.007291666666666667 0.012962962962962963
2 0.9456862211227417 0.5114079117774963 0.007291666666666667 0.012962962962962963
2 0.9455082416534424 0.6928057670593262 0.007291666666666667 0.012962962962962963
2 0.8168720602989197 0.9141256213188171 0.007291666666666667 0.012962962962962963
2 0.7128346562385559 0.9135012030601501 0.007291666666666667 0.012962962962962963
2 0.6103776097297668 0.9137698411941528 0.007291666666666667 0.012962962962962963
2 0.4045636057853699 0.9147499203681946 0.007291666666666667 0.012962962962962963
2 0.30223432183265686 0.9154629707336426 0.007291666666666667 0.012962962962962963
2 0.1984081119298935 0.9157283902168274 0.007291666666666667 0.012962962962962963
2 0.07045973092317581 0.693909227848053 0.007291666666666667 0.012962962962962963
2 0.07012854516506195 0.5141764283180237 0.007291666666666667 0.012962962962962963
2 0.06953214108943939 0.3326968252658844 0.007291666666666667 0.012962962962962963
