4 0.3890213668346405 0.254149466753006 0.0125 0.021296296296296296
4 0.3615638017654419 0.29358646273612976 0.015625 0.026851851851851852
4 0.5043043494224548 0.2828763425350189 0.014583333333333334 0.026851851851851852
4 0.4088761508464813 0.3878968060016632 0.015625 0.028703703703703703
4 0.351322740316391 0.5869535803794861 0.01875 0.032407407407407406
4 0.5687680840492249 0.4685465395450592 0.016666666666666666 0.030555555555555555
1 0.46601396799087524 0.5079918503761292 0.0171875 0.030555555555555555
3 0.4946218729019165 0.5976455211639404 0.019270833333333334 0.03333333333333333
3 0.5459854006767273 0.5866037607192993 0.018229166666666668 0.03148148148148148
3 0.5329749584197998 0.6839933395385742 0.019791666666666666 0.03518518518518519
0 0.596304178237915 0.6684677600860596 0.019270833333333334 0.03518518518518519
2 0.7502424716949463 0.6504648327827454 0.007291666666666667 0.012962962962962963
2 0.7333184480667114 0.5710718035697937 0.007291666666666667 0.012962962962962963
2 0.7188937067985535 0.5013825297355652 0.007291666666666667 0.012962962962962963
2 0.6937975287437439 0.38365691900253296 0.007291666666666667 0.012962962962962963
2 0.6831302046775818 0.33298537135124207 0.007291666666666667 0.012962962962962963
2 0.6734691858291626 0.28719955682754517 0.007291666666666667 0.012962962962962963
2 0.5697852969169617 0.2334650754928589 0.007291666666666667 0.012962962962962963
2 0.49856236577033997 0.23381726443767548 0.007291666666666667 0.012962962962962963
2 0.42643821239471436 0.23371395468711853 0.007291666666666667 0.012962962962962963
2 0.32397282123565674 0.2874720096588135 0.007291666666666667 0.012962962962962963
2 0.30822277069091797 0.38463887572288513 0.007291666666666667 0.012962962962962963
2 0.2885536849498749 0.5050549507141113 0.007291666666666667 0.012962962962962963
2 0.27701377868652344 0.5764220952987671 0.007291666666666667 0.012962962962962963
2 0.2637571394443512 0.6566995978355408 0.007291666666666667 0.012962962962962963
2 0.39569681882858276 0.775895893573761 0.007291666666666667 0.012962962962962963
2 0.5119008421897888 0.7741342782974243 0.007291666666666667 0.012962962962962963
2 0.6274843811988831 0.7719327807426453 0.007291666666666667 0.012962962962962963
