4 0.6090283989906311 0.23275648057460785 0.0125 0.021296296296296296
4 0.6367821097373962 0.27165335416793823 0.015625 0.026851851851851852
4 0.4932457208633423 0.26066794991493225 0.014583333333333334 0.026851851851851852
4 0.5896633863449097 0.36453530192375183 0.015625 0.028703703703703703
4 0.6485717296600342 0.5617421269416809 0.01875 0.032407407407407406
4 0.42866843938827515 0.44407886266708374 0.016666666666666666 0.030555555555555555
1 0.5325469374656677 0.483314573764801 0.0171875 0.030555555555555555
3 0.5039384961128235 0.5723497867584229 0.019270833333333334 0.03333333333333333
3 0.45195358991622925 0.5613584518432617 0.018229166666666668 0.03148148148148148
3 0.4653565585613251 0.6583820581436157 0.019791666666666666 0.03518518518518519
0 0.4011307954788208 0.6429349780082703 0.019270833333333334 0.03518518518518519
2 0.24478904902935028 0.6250430345535278 0.007291666666666667 0.012962962962962963
2 0.26204290986061096 0.5458459258079529 0.007291666666666667 0.012962962962962963
2 0.2767128646373749 0.4765039384365082 0.007291666666666667 0.012962962962962963
2 0.3021535277366638 0.3597365915775299 0.007291666666666667 0.012962962962962963
2 0.3129364848136902 0.3096202611923218 0.007291666666666667 0.012962962962962963
2 0.3226863741874695 0.2644099295139313 0.007291666666666667 0.012962962962962963
2 0.42719826102256775 0.2117706537246704 0.007291666666666667 0.012962962962962963
2 0.4988812804222107 0.21237199008464813 0.007291666666666667 0.012962962962962963
2 0.5713693499565125 0.2125278264284134 0.007291666666666667 0.012962962962962963
2 0.674474835395813 0.2657487690448761 0.007291666666666667 0.012962962962962963
2 0.690832257270813 0.3615315854549408 0.007291666666666667 0.012962962962962963
2 0.7113131880760193 0.48057448863983154 0.007291666666666667 0.012962962962962963
2 0.7233642339706421 0.5513069033622742 0.007291666666666667 0.012962962962962963
2 0.737225353717804 0.6310303211212158 0.007291666666666667 0.012962962962962963
2 0.6046708822250366 0.7499677538871765 0.007291666666666667 0.012962962962962963
2 0.4869537949562073 0.7483983635902405 0.007291666666666667 0.012962962962962963
2 0.36960527300834656 0.7463841438293457 0.007291666666666667 0.012962962962962963
