4 0.6137399077415466 0.24318650364875793 0.0125 0.021296296296296296
4 0.6413463950157166 0.28094300627708435 0.015625 0.026851851851851852
4 0.49643415212631226 0.27172818779945374 0.014583333333333334 0.026851851851851852
4 0.5929012298583984 0.37194040417671204 0.015625 0.028703703703703703
4 0.6499241590499878 0.5615319609642029 0.01875 0.032407407407407406
4 0.4302688241004944 0.4509522616863251 0.016666666666666666 0.030555555555555555
1 0.5344645977020264 0.48758697509765625 0.0171875 0.030555555555555555
3 0.5051426291465759 0.5735854506492615 0.019270833333333334 0.03333333333333333
3 0.45311591029167175 0.5637141466140747 0.018229166666666668 0.03148148148148148
3 0.4660244584083557 0.6564087271690369 0.019791666666666666 0.03518518518518519
0 0.4018586277961731 0.6425368189811707 0.019270833333333334 0.03518518518518519
2 0.24513570964336395 0.6275413632392883 0.007291666666666667 0.012962962962962963
2 0.2623737156391144 0.5512590408325195 0.007291666666666667 0.012962962962962963
2 0.2770940065383911 0.48417380452156067 0.007291666666666667 0.012962962962962963
2 0.302768737077713 0.3705577552318573 0.007291666666666667 0.012962962962962963
2 0.3137063980102539 0.32154756784439087 0.007291666666666667 0.012962962962962963
2 0.3236248791217804 0.277206152677536 0.007291666666666667 0.012962962962962963
2 0.42978858947753906 0.22447150945663452 0.007291666666666667 0.012962962962962963
2 0.5024577975273132 0.2243298590183258 0.007291666666666667 0.012962962962962963
2 0.575853168964386 0.2237430363893509 0.007291666666666667 0.012962962962962963
2 0.6794329881668091 0.2747740149497986 0.007291666666666667 0.012962962962962963
2 0.6946924328804016 0.3678707778453827 0.007291666666666667 0.012962962962962963
2 0.7136723399162292 0.4827408492565155 0.007291666666666667 0.012962962962962963
2 0.7247601747512817 0.5505622625350952 0.007291666666666667 0.012962962962962963
2 0.7374716997146606 0.6266176104545593 0.007291666666666667 0.012962962962962963
2 0.6041813492774963 0.7415373921394348 0.007291666666666667 0.012962962962962963
2 0.48705416917800903 0.74174565076828 0.007291666666666667 0.012962962962962963
2 0.37005048990249634 0.7415265440940857 0.007291666666666667 0.012962962962962963
