1 0.6221995949745178 0.4222860336303711 0.014583333333333334 0.025
3 0.5038365125656128 0.42624717950820923 0.0140625 0.01574074074074074
3 0.5043965578079224 0.43851494789123535 0.013020833333333334 0.023148148148148147
3 0.432250052690506 0.41699424386024475 0.0125 0.023148148148148147
0 0.4482540786266327 0.46254977583885193 0.0140625 0.025925925925925925
2 0.34738966822624207 0.573925793170929 0.007291666666666667 0.009259259259259259
2 0.3542059659957886 0.5444260835647583 0.007291666666666667 0.009259259259259259
2 0.36000150442123413 0.5162918567657471 0.007291666666666667 0.009259259259259259
2 0.37032952904701233 0.46685612201690674 0.007291666666666667 0.009259259259259259
2 0.37562650442123413 0.44464874267578125 0.007291666666666667 0.009259259259259259
2 0.37990590929985046 0.4242545962333679 0.007291666666666667 0.009259259259259259
2 0.4551847577095032 0.40039753913879395 0.007291666666666667 0.009259259259259259
2 0.5129396319389343 0.40180686116218567 0.007291666666666667 0.009259259259259259
2 0.5704604387283325 0.40366852283477783 0.007291666666666667 0.009259259259259259
2 0.6467893123626709 0.42931556701660156 0.007291666666666667 0.009259259259259259
2 0.6504822373390198 0.45161402225494385 0.007291666666666667 0.009259259259259259
2 0.655202329158783 0.4743835926055908 0.007291666666666667 0.009259259259259259
2 0.6656923294067383 0.5240503549575806 0.007291666666666667 0.009259259259259259
2 0.6709578037261963 0.552311360836029 0.007291666666666667 0.009259259259259259
2 0.6762256026268005 0.5805844068527222 0.007291666666666667 0.009259259259259259
2 0.5890847444534302 0.6189440488815308 0.007291666666666667 0.009259259259259259
2 0.511508584022522 0.6177678108215332 0.007291666666666667 0.009259259259259259
2 0.43396201729774475 0.6152262091636658 0.007291666666666667 0.009259259259259259
