1 0.610156774520874 0.4453730881214142 0.014583333333333334 0.025
3 0.4957231283187866 0.4493595361709595 0.0140625 0.01574074074074074
3 0.4962734282016754 0.4609191119670868 0.013020833333333334 0.023148148148148147
3 0.4263867437839508 0.4407895505428314 0.0125 0.023148148148148147
0 0.44193235039711 0.4837058186531067 0.0140625 0.025925925925925925
2 0.3442648947238922 0.5890065431594849 0.007291666666666667 0.009259259259259259
2 0.35084399580955505 0.5611676573753357 0.007291666666666667 0.009259259259259259
2 0.35643482208251953 0.5346180200576782 0.007291666666666667 0.009259259259259259
2 0.36639973521232605 0.48796170949935913 0.007291666666666667 0.009259259259259259
2 0.371514230966568 0.4669996500015259 0.007291666666666667 0.009259259259259259
2 0.3756438195705414 0.44774961471557617 0.007291666666666667 0.009259259259259259
2 0.4485945701599121 0.425091952085495 0.007291666666666667 0.009259259259259259
2 0.5045168399810791 0.4263070225715637 0.007291666666666667 0.009259259259259259
2 0.5601548552513123 0.42794740200042725 0.007291666666666667 0.009259259259259259
2 0.6339021921157837 0.451936811208725 0.007291666666666667 0.009259259259259259
2 0.6374725699424744 0.4729137420654297 0.007291666666666667 0.009259259259259259
2 0.6420336365699768 0.4943271279335022 0.007291666666666667 0.009259259259259259
2 0.6521664261817932 0.5410183668136597 0.007291666666666667 0.009259259259259259
2 0.6572513580322266 0.5675784945487976 0.007291666666666667 0.009259259259259259
2 0.6623371839523315 0.5941428542137146 0.007291666666666667 0.009259259259259259
2 0.5782487988471985 0.6305298209190369 0.007291666666666667 0.009259259259259259
2 0.5032733082771301 0.6297168731689453 0.007291666666666667 0.009259259259259259
2 0.4282208979129791 0.6276166439056396 0.007291666666666667 0.009259259259259259
