1 0.6103866100311279 0.4343591332435608 0.014583333333333334 0.025
3 0.4919329881668091 0.43885865807533264 0.0140625 0.01574074074074074
3 0.49242332577705383 0.45034006237983704 0.013020833333333334 0.023148148148148147
3 0.42076224088668823 0.4306808412075043 0.0125 0.023148148148148147
0 0.4364267587661743 0.47314420342445374 0.0140625 0.025925925925925925
2 0.3360632359981537 0.5773311257362366 0.007291666666666667 0.009259259259259259
2 0.3429153263568878 0.5498786568641663 0.007291666666666667 0.009259259259259259
2 0.34875935316085815 0.5236769914627075 0.007291666666666667 0.009259259259259259
2 0.3591823875904083 0.4775850772857666 0.007291666666666667 0.009259259259259259
2 0.36451974511146545 0.4568544626235962 0.007291666666666667 0.009259259259259259
2 0.36884549260139465 0.43780800700187683 0.007291666666666667 0.009259259259259259
2 0.4436320960521698 0.41500452160835266 0.007291666666666667 0.009259259259259259
2 0.5011484622955322 0.41590526700019836 0.007291666666666667 0.009259259259259259
2 0.5586268901824951 0.4172353446483612 0.007291666666666667 0.009259259259259259
2 0.6350496411323547 0.4408043324947357 0.007291666666666667 0.009259259259259259
2 0.638612687587738 0.4617457687854767 0.007291666666666667 0.009259259259259259
2 0.6432050466537476 0.4831216335296631 0.007291666666666667 0.009259259259259259
2 0.6534162759780884 0.5297409892082214 0.007291666666666667 0.009259259259259259
2 0.6585180163383484 0.5562663674354553 0.007291666666666667 0.009259259259259259
2 0.663621187210083 0.5827991962432861 0.007291666666666667 0.009259259259259259
2 0.575939416885376 0.6188977360725403 0.007291666666666667 0.009259259259259259
2 0.4985118806362152 0.617886483669281 0.007291666666666667 0.009259259259259259
2 0.42147958278656006 0.6156080961227417 0.007291666666666667 0.009259259259259259
