2 0.3767832815647125 0.6658241152763367 0.006651785714285715 0.0064428571428571425
2 0.3151109516620636 0.585776686668396 0.0063898809523809524 0.006023809523809524
2 0.2624850571155548 0.5175359845161438 0.0055148809523809525 0.005042857142857143
2 0.17779384553432465 0.40717893838882446 0.005339285714285715 0.004061904761904761
2 0.14283505082130432 0.36149725317955017 0.00481547619047619 0.003923809523809524
2 0.11177680641412735 0.3209860920906067 0.004639880952380953 0.003923809523809524
2 0.18520045280456543 0.2521284520626068 0.004377976190476191 0.0032190476190476188
2 0.2644311487674713 0.2360532283782959 0.003675595238095238 0.0028
2 0.3383820056915283 0.2204882949590683 0.003851190476190476 0.002942857142857143
2 0.4774314761161804 0.23724769055843353 0.0040267857142857145 0.0033619047619047617
2 0.5221267342567444 0.2672441601753235 0.004464285714285714 0.0034999999999999996
2 0.5717047452926636 0.30052220821380615 0.004202380952380952 0.0033619047619047617
2 0.6871584057807922 0.37808099389076233 0.004377976190476191 0.0034999999999999996
2 0.7556052803993225 0.4244106411933899 0.005339285714285715 0.003780952380952381
2 0.833660364151001 0.4769669473171234 0.0054285714285714284 0.004480952380952381
2 0.8399420380592346 0.6096646189689636 0.005776785714285714 0.005323809523809524
2 0.7422844171524048 0.657803475856781 0.0064761904761904765 0.005742857142857143
2 0.6329929828643799 0.7117874622344971 0.006651785714285715 0.006580952380952381
4 0.5591011643409729 0.5934097766876221 0.023172619047619046 0.03911428571428571
4 0.4370208978652954 0.4795735478401184 0.020833333333333332 0.03503333333333333
4 0.35847246646881104 0.38240498304367065 0.018282738095238095 0.031971428571428574
4 0.6697610020637512 0.4425732493400574 0.019770833333333335 0.03231428571428571
4 0.7725228667259216 0.4967258870601654 0.021044642857142856 0.034352380952380954
3 0.47889572381973267 0.5657115578651428 0.02189583333333333 0.0380952380952381
3 0.49457719922065735 0.4625791609287262 0.019556547619047616 0.0329952380952381
3 0.39648890495300293 0.4254550039768219 0.018708333333333334 0.03129047619047619
3 0.22001232206821442 0.3443097174167633 0.017857142857142856 0.02959047619047619
3 0.26038679480552673 0.2809269428253174 0.015306547619047619 0.02619047619047619
3 0.33184316754341125 0.29066044092178345 0.01594345238095238 0.02720952380952381
3 0.41585585474967957 0.24486912786960602 0.014669642857142857 0.02449047619047619
0 0.32418689131736755 0.32117313146591187 0.016157738095238097 0.02857142857142857
1 0.26732465624809265 0.2681683897972107 0.015092261904761905 0.025852380952380953
