2 0.6287298202514648 0.6778565645217896 0.006651785714285715 0.0064428571428571425
2 0.6907469034194946 0.5969994068145752 0.0063898809523809524 0.006023809523809524
2 0.74381422996521 0.5278767347335815 0.0055148809523809525 0.005042857142857143
2 0.8295071721076965 0.4157123863697052 0.005339285714285715 0.004061904761904761
2 0.8649851679801941 0.369144469499588 0.00481547619047619 0.003923809523809524
2 0.8965553045272827 0.32778066396713257 0.004639880952380953 0.003923809523809524
2 0.8235970139503479 0.25546661019325256 0.004377976190476191 0.0032190476190476188
2 0.7439184188842773 0.23758374154567719 0.003675595238095238 0.0028
2 0.6693129539489746 0.22025416791439056 0.003851190476190476 0.002942857142857143
2 0.5283588171005249 0.2356107532978058 0.0040267857142857145 0.0033619047619047617
2 0.4829724133014679 0.26622340083122253 0.004464285714285714 0.0034999999999999996
2 0.4326542317867279 0.3001672923564911 0.004202380952380952 0.0033619047619047617
2 0.31558504700660706 0.37920621037483215 0.004377976190476191 0.0034999999999999996
2 0.2462545484304428 0.4263777434825897 0.005339285714285715 0.003780952380952381
2 0.16725550591945648 0.47983941435813904 0.0054285714285714284 0.004480952380952381
2 0.16222839057445526 0.6164171099662781 0.005776785714285714 0.005323809523809524
2 0.2615170478820801 0.6665652990341187 0.0064761904761904765 0.005742857142857143
2 0.3719550669193268 0.7224567532539368 0.006651785714285715 0.006580952380952381
4 0.44595789909362793 0.602443277835846 0.023172619047619046 0.03911428571428571
4 0.5688648819923401 0.4870479106903076 0.020833333333333332 0.03503333333333333
4 0.6482645869255066 0.38792023062705994 0.018282738095238095 0.031971428571428574
4 0.3336067497730255 0.4462113082408905 0.019770833333333335 0.03231428571428571
4 0.22963133454322815 0.5009375810623169 0.021044642857142856 0.034352380952380954
3 0.5266261100769043 0.5749058127403259 0.02189583333333333 0.0380952380952381
3 0.5108875632286072 0.4689103960990906 0.019556547619047616 0.0329952380952381
3 0.6098138093948364 0.43184274435043335 0.018708333333333334 0.03129047619047619
3 0.787760317325592 0.35039907693862915 0.017857142857142856 0.02959047619047619
3 0.7476633787155151 0.28424885869026184 0.015306547619047619 0.02619047619047619
3 0.6755560040473938 0.29332518577575684 0.01594345238095238 0.02720952380952381
3 0.5907914042472839 0.24448488652706146 0.014669642857142857 0.02449047619047619
0 0.6831137537956238 0.3250631093978882 0.016157738095238097 0.02857142857142857
1 0.7407664060592651 0.27091020345687866 0.015092261904761905 0.025852380952380953
