2 0.37294167280197144 0.6719530820846558 0.006651785714285715 0.0064428571428571425
2 0.31111350655555725 0.5911323428153992 0.0063898809523809524 0.006023809523809524
2 0.25838249921798706 0.5222681760787964 0.0055148809523809525 0.005042857142857143
2 0.17356915771961212 0.41096943616867065 0.005339285714285715 0.004061904761904761
2 0.13857702910900116 0.3649216294288635 0.00481547619047619 0.003923809523809524
2 0.10749904066324234 0.3240981101989746 0.004639880952380953 0.003923809523809524
2 0.1791975498199463 0.25335389375686646 0.004377976190476191 0.0032190476190476188
2 0.25759586691856384 0.23607084155082703 0.003675595238095238 0.0028
2 0.3310784697532654 0.21929624676704407 0.003851190476190476 0.002942857142857143
2 0.4703720510005951 0.2348494976758957 0.0040267857142857145 0.0033619047619047617
2 0.5154752731323242 0.26514801383018494 0.004464285714285714 0.0034999999999999996
2 0.5655736923217773 0.2988068759441376 0.004202380952380952 0.0033619047619047617
2 0.6825172305107117 0.3774406313896179 0.004377976190476191 0.0034999999999999996
2 0.7520318031311035 0.4245408773422241 0.005339285714285715 0.003780952380952381
2 0.8314712047576904 0.4780811667442322 0.0054285714285714284 0.004480952380952381
2 0.8379549384117126 0.6142014265060425 0.005776785714285714 0.005323809523809524
2 0.7390256524085999 0.6635379195213318 0.0064761904761904765 0.005742857142857143
2 0.6290557980537415 0.718492865562439 0.006651785714285715 0.006580952380952381
4 0.5543643236160278 0.5982523560523987 0.023172619047619046 0.03911428571428571
4 0.43152880668640137 0.4828934371471405 0.020833333333333332 0.03503333333333333
4 0.35246044397354126 0.38445398211479187 0.018282738095238095 0.031971428571428574
4 0.6651262044906616 0.4437464773654938 0.019770833333333335 0.03231428571428571
4 0.7693392634391785 0.4986921548843384 0.021044642857142856 0.034352380952380954
3 0.47392538189888 0.5703167915344238 0.02189583333333333 0.0380952380952381
3 0.4889732599258423 0.46525996923446655 0.019556547619047616 0.0329952380952381
3 0.3906897306442261 0.42803511023521423 0.018708333333333334 0.03129047619047619
3 0.21462655067443848 0.3468190133571625 0.017857142857142856 0.02959047619047619
3 0.2540143132209778 0.281904399394989 0.015306547619047619 0.02619047619047619
3 0.32516324520111084 0.2911089062690735 0.01594345238095238 0.02720952380952381
3 0.40868914127349854 0.24336892366409302 0.014669642857142857 0.02449047619047619
0 0.31780481338500977 0.32232341170310974 0.016157738095238097 0.02857142857142857
1 0.260780394077301 0.2688189446926117 0.015092261904761905 0.025852380952380953
