2 0.6235768795013428 0.6819617748260498 0.006651785714285715 0.0064428571428571425
2 0.6859562397003174 0.6033743619918823 0.0063898809523809524 0.006023809523809524
2 0.7394111156463623 0.5360947847366333 0.0055148809523809525 0.005042857142857143
2 0.8258830308914185 0.4267238974571228 0.005339285714285715 0.004061904761904761
2 0.8617388010025024 0.3812448978424072 0.00481547619047619 0.003923809523809524
2 0.8936720490455627 0.34081459045410156 0.004639880952380953 0.003923809523809524
2 0.8202769160270691 0.26894617080688477 0.004377976190476191 0.0032190476190476188
2 0.7401928305625916 0.25068724155426025 0.003675595238095238 0.0028
2 0.6653926372528076 0.23305831849575043 0.003851190476190476 0.002942857142857143
2 0.5244195461273193 0.24696312844753265 0.0040267857142857145 0.0033619047619047617
2 0.47908130288124084 0.27654898166656494 0.004464285714285714 0.0034999999999999996
2 0.42888343334198 0.3093107044696808 0.004202380952380952 0.0033619047619047617
2 0.31236565113067627 0.3854203522205353 0.004377976190476191 0.0034999999999999996
2 0.24353906512260437 0.4307316839694977 0.005339285714285715 0.003780952380952381
2 0.16527637839317322 0.48197489976882935 0.0054285714285714284 0.004480952380952381
2 0.15983276069164276 0.6150925159454346 0.005776785714285714 0.005323809523809524
2 0.2578466534614563 0.665462076663971 0.0064761904761904765 0.005742857142857143
2 0.3672412037849426 0.7217899560928345 0.006651785714285715 0.006580952380952381
4 0.4412311613559723 0.6053481101989746 0.023172619047619046 0.03911428571428571
4 0.5641801953315735 0.4938162565231323 0.020833333333333332 0.03503333333333333
4 0.6438847780227661 0.3974364101886749 0.018282738095238095 0.031971428571428574
4 0.3300263285636902 0.4510783851146698 0.019770833333333335 0.03231428571428571
4 0.22684216499328613 0.5033010244369507 0.021044642857142856 0.034352380952380954
3 0.5217471718788147 0.579451858997345 0.02189583333333333 0.0380952380952381
3 0.5063368678092957 0.47534215450286865 0.019556547619047616 0.0329952380952381
3 0.6052768230438232 0.4401286840438843 0.018708333333333334 0.03129047619047619
3 0.7840021252632141 0.36200401186943054 0.017857142857142856 0.02959047619047619
3 0.7438457608222961 0.2965775728225708 0.015306547619047619 0.02619047619047619
3 0.6714679598808289 0.3048364818096161 0.01594345238095238 0.02720952380952381
3 0.5867447853088379 0.256178081035614 0.014669642857142857 0.02449047619047619
0 0.6789664030075073 0.3360707759857178 0.016157738095238097 0.02857142857142857
1 0.7369493246078491 0.28340739011764526 0.015092261904761905 0.025852380952380953
