2 0.5969446897506714 0.21104644238948822 0.005690476190476191 0.004357142857142857
2 0.4966552257537842 0.21102814376354218 0.005145833333333333 0.004066666666666666
2 0.3960038423538208 0.21153709292411804 0.005145833333333333 0.0044523809523809525
2 0.256228506565094 0.27124443650245667 0.005264880952380953 0.005033333333333333
2 0.24659104645252228 0.321687787771225 0.005386904761904762 0.005323809523809524
2 0.23608006536960602 0.37693217396736145 0.005508928571428572 0.005323809523809524
2 0.2128717303276062 0.5005697011947632 0.005991071428571428 0.005133333333333333
2 0.19985300302505493 0.5715924501419067 0.0062351190476190475 0.005519047619047619
2 0.1853417605161667 0.6495517492294312 0.006113095238095238 0.005133333333333333
2 0.35161954164505005 0.7608641982078552 0.0061726190476190474 0.0058095238095238096
2 0.49831423163414 0.7602543830871582 0.005991071428571428 0.0058095238095238096
2 0.6445826888084412 0.7595491409301758 0.006416666666666666 0.005614285714285714
2 0.8097163438796997 0.6470937132835388 0.005991071428571428 0.005133333333333333
2 0.794781506061554 0.5689600706100464 0.005264880952380953 0.004938095238095238
2 0.7810674905776978 0.4982817769050598 0.005145833333333333 0.004842857142857143
2 0.7571297883987427 0.3751727044582367 0.005205357142857143 0.004357142857142857
2 0.746421754360199 0.3206864595413208 0.0049017857142857136 0.004552380952380953
2 0.7365918755531311 0.269657701253891 0.0049017857142857136 0.004842857142857143
3 0.6527215838432312 0.3233918845653534 0.01894345238095238 0.03176190476190476
3 0.5459173917770386 0.2639350891113281 0.018098214285714287 0.030938095238095237
3 0.4838842451572418 0.29493531584739685 0.018839285714285715 0.031928571428571424
3 0.33108484745025635 0.26329830288887024 0.017848214285714287 0.031928571428571424
1 0.5243052840232849 0.25081244111061096 0.018098214285714287 0.03153333333333333
0 0.5263751149177551 0.3264068365097046 0.019089285714285715 0.032523809523809524
4 0.5593987107276917 0.4017644226551056 0.02119642857142857 0.0351047619047619
3 0.5748146772384644 0.4613938629627228 0.02144345238095238 0.034904761904761904
3 0.5141776204109192 0.5216109752655029 0.02181547619047619 0.03728571428571428
4 0.5865514278411865 0.5184110999107361 0.0221875 0.03768095238095238
3 0.6325189471244812 0.6050649285316467 0.02293154761904762 0.03907142857142857
4 0.588391900062561 0.6536886096000671 0.023797619047619047 0.04125238095238095
4 0.2693885564804077 0.6475349068641663 0.024133928571428574 0.04038571428571429
4 0.310508668422699 0.5614053606987 0.022845238095238096 0.038909523809523804
