2 0.40974491834640503 0.22919297218322754 0.005690476190476191 0.004357142857142857
2 0.506828784942627 0.22936943173408508 0.005145833333333333 0.004066666666666666
2 0.6043242812156677 0.23005661368370056 0.005145833333333333 0.0044523809523809525
2 0.7402652502059937 0.2881491482257843 0.005264880952380953 0.005033333333333333
2 0.7500113248825073 0.3371050953865051 0.005386904761904762 0.005323809523809524
2 0.7606608271598816 0.39081230759620667 0.005508928571428572 0.005323809523809524
2 0.7842565178871155 0.5113583207130432 0.005991071428571428 0.005133333333333333
2 0.7975482940673828 0.5808234810829163 0.0062351190476190475 0.005519047619047619
2 0.8123895525932312 0.6572585105895996 0.006113095238095238 0.005133333333333333
2 0.6507408618927002 0.766063392162323 0.0061726190476190474 0.0058095238095238096
2 0.5073983073234558 0.7649399638175964 0.005991071428571428 0.0058095238095238096
2 0.36460086703300476 0.7637251615524292 0.006416666666666666 0.005614285714285714
2 0.20362822711467743 0.6528328657150269 0.005991071428571428 0.005133333333333333
2 0.21820563077926636 0.5764670968055725 0.005264880952380953 0.004938095238095238
2 0.23156067728996277 0.5075436234474182 0.005145833333333333 0.004842857142857143
2 0.25480392575263977 0.3878413438796997 0.005205357142857143 0.004357142857142857
2 0.2651735842227936 0.3350045680999756 0.0049017857142857136 0.004552380952380953
2 0.27467748522758484 0.2855985462665558 0.0049017857142857136 0.004842857142857143
3 0.355955570936203 0.337839275598526 0.01894345238095238 0.03176190476190476
3 0.4593038558959961 0.2804587483406067 0.018098214285714287 0.030938095238095237
3 0.5195440649986267 0.31062448024749756 0.018839285714285715 0.031928571428571424
3 0.6675720810890198 0.28029122948646545 0.017848214285714287 0.031928571428571424
1 0.4801974296569824 0.2677997350692749 0.018098214285714287 0.03153333333333333
0 0.4784577488899231 0.34105026721954346 0.019089285714285715 0.032523809523809524
4 0.44665881991386414 0.41416558623313904 0.02119642857142857 0.0351047619047619
3 0.4318593442440033 0.4721614420413971 0.02144345238095238 0.034904761904761904
3 0.4910133481025696 0.5310506224632263 0.02181547619047619 0.03728571428571428
4 0.4206046760082245 0.5277214646339417 0.0221875 0.03768095238095238
3 0.3760753870010376 0.6122563481330872 0.02293154761904762 0.03907142857142857
4 0.4191662669181824 0.6600083708763123 0.023797619047619047 0.04125238095238095
4 0.7302958965301514 0.6550081968307495 0.024133928571428574 0.04038571428571429
4 0.6895648241043091 0.5705263614654541 0.022845238095238096 0.038909523809523804
