2 0.39790964126586914 0.23587587475776672 0.005690476190476191 0.004357142857142857
2 0.49672746658325195 0.23572613298892975 0.005145833333333333 0.004066666666666666
2 0.5963718295097351 0.23609602451324463 0.005145833333333333 0.0044523809523809525
2 0.7351037859916687 0.2949832081794739 0.005264880952380953 0.005033333333333333
2 0.7443357110023499 0.3447374701499939 0.005386904761904762 0.005323809523809524
2 0.7543757557868958 0.3990817368030548 0.005508928571428572 0.005323809523809524
2 0.7764315009117126 0.5201557874679565 0.005991071428571428 0.005133333333333333
2 0.7887288331985474 0.5893629193305969 0.0062351190476190475 0.005519047619047619
2 0.8023951053619385 0.6650456190109253 0.006113095238095238 0.005133333333333333
2 0.6380632519721985 0.7704983949661255 0.0061726190476190474 0.0058095238095238096
2 0.49503111839294434 0.7682851552963257 0.005991071428571428 0.0058095238095238096
2 0.35337594151496887 0.7660008072853088 0.006416666666666666 0.005614285714285714
2 0.19362682104110718 0.6573082804679871 0.005991071428571428 0.005133333333333333
2 0.2073371559381485 0.5827319622039795 0.005264880952380953 0.004938095238095238
2 0.21999871730804443 0.514934241771698 0.005145833333333333 0.004842857142857143
2 0.2422468662261963 0.3960670232772827 0.005205357142857143 0.004357142857142857
2 0.25226348638534546 0.3431408107280731 0.0049017857142857136 0.004552380952380953
2 0.26148444414138794 0.2933947741985321 0.0049017857142857136 0.004842857142857143
3 0.34364432096481323 0.34589317440986633 0.01894345238095238 0.03176190476190476
3 0.44819772243499756 0.2877886891365051 0.018098214285714287 0.030938095238095237
3 0.5093002319335938 0.31821945309638977 0.018839285714285715 0.031928571428571424
3 0.660632312297821 0.2871416509151459 0.017848214285714287 0.031928571428571424
1 0.46946248412132263 0.2748982608318329 0.018098214285714287 0.03153333333333333
0 0.46747711300849915 0.3490038216114044 0.019089285714285715 0.032523809523809524
4 0.4351685047149658 0.42244595289230347 0.02119642857142857 0.0351047619047619
3 0.4202038049697876 0.4802958369255066 0.02144345238095238 0.034904761904761904
3 0.47953861951828003 0.5389079451560974 0.02181547619047619 0.03728571428571428
4 0.40888112783432007 0.5354001522064209 0.0221875 0.03768095238095238
3 0.36445125937461853 0.6185227632522583 0.02293154761904762 0.03907142857142857
4 0.40742143988609314 0.6655098795890808 0.023797619047619047 0.04125238095238095
4 0.7194286584854126 0.6623632907867432 0.024133928571428574 0.04038571428571429
4 0.6794235706329346 0.5787167549133301 0.022845238095238096 0.038909523809523804
