3 0.32100406289100647 0.689602792263031 0.016586309523809524 0.026538095238095236
3 0.221729576587677 0.5628816485404968 0.016976190476190475 0.02579047619047619
1 0.19816862046718597 0.5366193056106567 0.016976190476190475 0.02750952380952381
3 0.2737905979156494 0.4836433231830597 0.01680059523809524 0.02411904761904762
0 0.3254179358482361 0.5354312658309937 0.01648809523809524 0.02411904761904762
4 0.437644362449646 0.5711180567741394 0.01711607142857143 0.025123809523809524
3 0.5209612250328064 0.5845988392829895 0.014916666666666667 0.024623809523809524
4 0.5935839414596558 0.5934591889381409 0.01570238095238095 0.027133333333333332
3 0.5962905287742615 0.5167604684829712 0.016958333333333332 0.025123809523809524
3 0.6939122080802917 0.6343777179718018 0.016330357142857143 0.025628571428571428
4 0.7459328770637512 0.5871040225028992 0.01711607142857143 0.02638095238095238
4 0.7357841730117798 0.27491050958633423 0.01617261904761905 0.02638095238095238
4 0.6415643692016602 0.30631256103515625 0.01617261904761905 0.02638095238095238
3 0.2175193428993225 0.2899872362613678 0.017285714285714286 0.026385714285714283
2 0.24629366397857666 0.8026072382926941 0.004714285714285714 0.0070904761904761904
2 0.3301980197429657 0.8030457496643066 0.004622023809523809 0.007242857142857143
2 0.41428542137145996 0.803044855594635 0.004339285714285714 0.007395238095238095
2 0.5824865102767944 0.8031936883926392 0.004431547619047619 0.0067904761904761905
2 0.6669265031814575 0.802817165851593 0.004526785714285715 0.007395238095238095
2 0.7518306970596313 0.802293598651886 0.0048095238095238095 0.007395238095238095
2 0.8597061634063721 0.6313031315803528 0.004526785714285715 0.008447619047619048
2 0.8593364953994751 0.4974733889102936 0.004431547619047619 0.0070904761904761904
2 0.8587794899940491 0.3635466694831848 0.004148809523809523 0.007542857142857143
2 0.7492737770080566 0.19364015758037567 0.004622023809523809 0.008147619047619048
2 0.6648181080818176 0.19422797858715057 0.004431547619047619 0.006638095238095238
2 0.5801261067390442 0.19444699585437775 0.004714285714285714 0.007695238095238095
2 0.4117123782634735 0.1963476687669754 0.004431547619047619 0.007995238095238095
2 0.3274272382259369 0.19671288132667542 0.004431547619047619 0.006942857142857143
2 0.2435576468706131 0.1980963498353958 0.004714285714285714 0.007995238095238095
2 0.13691097497940063 0.3681580126285553 0.0048095238095238095 0.0086
2 0.13764847815036774 0.5009273290634155 0.004339285714285714 0.0070904761904761904
2 0.13820281624794006 0.6336015462875366 0.005375 0.007995238095238095
