4 0.09838765114545822 0.4055238962173462 0.013541666666666667 0.022222222222222223
1 0.2579348385334015 0.3210916221141815 0.011979166666666667 0.021296296296296296
4 0.24310168623924255 0.40558168292045593 0.013020833333333334 0.022222222222222223
4 0.3745764493942261 0.382050484418869 0.0125 0.022222222222222223
4 0.3497264087200165 0.3869551718235016 0.013020833333333334 0.023148148148148147
3 0.4196859896183014 0.39942577481269836 0.0125 0.022222222222222223
4 0.3933664858341217 0.472091406583786 0.013541666666666667 0.025
0 0.47188153862953186 0.48138710856437683 0.013541666666666667 0.025
4 0.527683436870575 0.5153125524520874 0.015104166666666667 0.026851851851851852
2 0.5710404515266418 0.6094744801521301 0.011458333333333333 0.012962962962962963
2 0.6198751926422119 0.5667747259140015 0.011458333333333333 0.012962962962962963
2 0.664663553237915 0.5268483757972717 0.011458333333333333 0.012962962962962963
2 0.6329368352890015 0.445801317691803 0.011458333333333333 0.012962962962962963
2 0.5724255442619324 0.42153000831604004 0.011458333333333333 0.012962962962962963
2 0.5153314471244812 0.3987082839012146 0.011458333333333333 0.012962962962962963
2 0.4111884534358978 0.3568909466266632 0.011458333333333333 0.012962962962962963
2 0.3635421693325043 0.3378618657588959 0.011458333333333333 0.012962962962962963
2 0.31862467527389526 0.3197743594646454 0.011458333333333333 0.012962962962962963
2 0.20638485252857208 0.32755404710769653 0.011458333333333333 0.012962962962962963
2 0.15859438478946686 0.3512865900993347 0.011458333333333333 0.012962962962962963
2 0.10795904695987701 0.3770405948162079 0.011458333333333333 0.012962962962962963
2 0.09141909331083298 0.44296878576278687 0.011458333333333333 0.012962962962962963
2 0.13626493513584137 0.46792808175086975 0.011458333333333333 0.012962962962962963
2 0.18401451408863068 0.4942872226238251 0.011458333333333333 0.012962962962962963
2 0.28938406705856323 0.5525856614112854 0.011458333333333333 0.012962962962962963
2 0.34810319542884827 0.5854495167732239 0.011458333333333333 0.012962962962962963
2 0.41167736053466797 0.6206981539726257 0.011458333333333333 0.012962962962962963
