4 0.12235622107982635 0.4097496569156647 0.013541666666666667 0.022222222222222223
1 0.2847946882247925 0.3242839276790619 0.011979166666666667 0.021296296296296296
4 0.26953741908073425 0.40979084372520447 0.013020833333333334 0.022222222222222223
4 0.400473415851593 0.3861202001571655 0.0125 0.022222222222222223
4 0.3759402632713318 0.39101532101631165 0.013020833333333334 0.023148148148148147
3 0.4447881579399109 0.4035983979701996 0.0125 0.022222222222222223
4 0.41900068521499634 0.476743221282959 0.013541666666666667 0.025
0 0.4959471523761749 0.48566845059394836 0.013541666666666667 0.025
4 0.5502496361732483 0.5193004608154297 0.015104166666666667 0.026851851851851852
2 0.5926480889320374 0.6132912039756775 0.011458333333333333 0.012962962962962963
2 0.6392134428024292 0.5698411464691162 0.011458333333333333 0.012962962962962963
2 0.6814988851547241 0.5296189785003662 0.011458333333333333 0.012962962962962963
2 0.650676965713501 0.44948774576187134 0.011458333333333333 0.012962962962962963
2 0.5927817225456238 0.4255685806274414 0.011458333333333333 0.012962962962962963
2 0.5377649068832397 0.4029169976711273 0.011458333333333333 0.012962962962962963
2 0.43641769886016846 0.3610011041164398 0.011458333333333333 0.012962962962962963
2 0.38961759209632874 0.3417481482028961 0.011458333333333333 0.012962962962962963
2 0.3452460467815399 0.32334521412849426 0.011458333333333333 0.012962962962962963
2 0.2329718917608261 0.33050256967544556 0.011458333333333333 0.012962962962962963
2 0.1844058334827423 0.35437846183776855 0.011458333333333333 0.012962962962962963
2 0.13246522843837738 0.3805341124534607 0.011458333333333333 0.012962962962962963
2 0.11480318754911423 0.44829466938972473 0.011458333333333333 0.012962962962962963
2 0.16065973043441772 0.47381579875946045 0.011458333333333333 0.012962962962962963
2 0.20922820270061493 0.5006232857704163 0.011458333333333333 0.012962962962962963
2 0.3154679536819458 0.559397280216217 0.011458333333333333 0.012962962962962963
2 0.37411943078041077 0.5922284126281738 0.011458333333333333 0.012962962962962963
2 0.4371820390224457 0.6271904706954956 0.011458333333333333 0.012962962962962963
