3 0.5006835460662842 0.564822793006897 0.015625 0.027777777777777776
4 0.4941919147968292 0.5777279734611511 0.015104166666666667 0.028703703703703703
4 0.47734883427619934 0.5821274518966675 0.016145833333333335 0.028703703703703703
3 0.3539867401123047 0.5498684644699097 0.0140625 0.022222222222222223
3 0.3340050280094147 0.5396984815597534 0.0140625 0.023148148148148147
4 0.2941293716430664 0.4885805547237396 0.0140625 0.025
4 0.12733739614486694 0.4352843165397644 0.014583333333333334 0.022222222222222223
3 0.11438687890768051 0.43158194422721863 0.013541666666666667 0.019444444444444445
1 0.21774406731128693 0.4299681782722473 0.013020833333333334 0.023148148148148147
0 0.2512544095516205 0.39971405267715454 0.0125 0.021296296296296296
4 0.26964837312698364 0.3292832672595978 0.011979166666666667 0.021296296296296296
4 0.30487850308418274 0.4060201942920685 0.0125 0.024074074074074074
3 0.36699244379997253 0.4046652913093567 0.013541666666666667 0.023148148148148147
4 0.543475329875946 0.4405662417411804 0.013020833333333334 0.025
3 0.6639413833618164 0.48783501982688904 0.0140625 0.025
3 0.6223841309547424 0.5159358382225037 0.0140625 0.025
2 0.5754631161689758 0.596496045589447 0.011458333333333333 0.012962962962962963
2 0.623278796672821 0.5566825866699219 0.011458333333333333 0.012962962962962963
2 0.6668096780776978 0.5205129981040955 0.011458333333333333 0.012962962962962963
2 0.6364518404006958 0.4465808570384979 0.011458333333333333 0.012962962962962963
2 0.5776033997535706 0.42414262890815735 0.011458333333333333 0.012962962962962963
2 0.5214507579803467 0.4028996229171753 0.011458333333333333 0.012962962962962963
2 0.41853293776512146 0.36361706256866455 0.011458333333333333 0.012962962962962963
2 0.3712843060493469 0.3455827832221985 0.011458333333333333 0.012962962962962963
2 0.32601115107536316 0.32835012674331665 0.011458333333333333 0.012962962962962963
2 0.21222978830337524 0.33426785469055176 0.011458333333333333 0.012962962962962963
2 0.1631951630115509 0.3563385009765625 0.011458333333333333 0.012962962962962963
2 0.11032301932573318 0.3800336718559265 0.011458333333333333 0.012962962962962963
2 0.09211616218090057 0.4416370689868927 0.011458333333333333 0.012962962962962963
2 0.13813361525535583 0.465337336063385 0.011458333333333333 0.012962962962962963
2 0.18714739382266998 0.49023905396461487 0.011458333333333333 0.012962962962962963
2 0.2946357727050781 0.5452486872673035 0.011458333333333333 0.012962962962962963
2 0.3540961444377899 0.575346827507019 0.011458333333333333 0.012962962962962963
2 0.41751793026924133 0.6078377962112427 0.011458333333333333 0.012962962962962963
