4 0.3356790542602539 0.49085941910743713 0.015104166666666667 0.027777777777777776
3 0.29603374004364014 0.4939253628253937 0.015104166666666667 0.026851851851851852
4 0.28241226077079773 0.4910389184951782 0.014583333333333334 0.026851851851851852
3 0.29764243960380554 0.42822757363319397 0.013020833333333334 0.024074074074074074
3 0.27617236971855164 0.4023047089576721 0.0140625 0.023148148148148147
0 0.19467061758041382 0.40887776017189026 0.013020833333333334 0.022222222222222223
4 0.246041938662529 0.3641485273838043 0.0125 0.022222222222222223
4 0.3029184937477112 0.3482540547847748 0.0125 0.022222222222222223
3 0.36686134338378906 0.36661195755004883 0.011979166666666667 0.022222222222222223
3 0.4638407528400421 0.44664064049720764 0.013541666666666667 0.023148148148148147
4 0.43771013617515564 0.47602030634880066 0.0140625 0.025925925925925925
4 0.4444313049316406 0.6032739877700806 0.015625 0.021296296296296296
1 0.49625951051712036 0.6067113876342773 0.015625 0.028703703703703703
4 0.5415331125259399 0.488687127828598 0.0140625 0.025925925925925925
3 0.5813440084457397 0.45721906423568726 0.013020833333333334 0.024074074074074074
3 0.5941497087478638 0.48939818143844604 0.0140625 0.025
2 0.5791097283363342 0.6042642593383789 0.011458333333333333 0.012962962962962963
2 0.6288030743598938 0.5602561235427856 0.011458333333333333 0.012962962962962963
2 0.673829972743988 0.5207042694091797 0.011458333333333333 0.012962962962962963
2 0.6427919268608093 0.43775635957717896 0.011458333333333333 0.012962962962962963
2 0.5825074911117554 0.4117295742034912 0.011458333333333333 0.012962962962962963
2 0.5253658294677734 0.3871174156665802 0.011458333333333333 0.012962962962962963
2 0.4204745590686798 0.34302186965942383 0.011458333333333333 0.012962962962962963
2 0.3721969723701477 0.32307499647140503 0.011458333333333333 0.012962962962962963
2 0.3265223801136017 0.30362430214881897 0.011458333333333333 0.012962962962962963
2 0.2106354981660843 0.3093411922454834 0.011458333333333333 0.012962962962962963
2 0.16044050455093384 0.332948237657547 0.011458333333333333 0.012962962962962963
2 0.10715904086828232 0.35875773429870605 0.011458333333333333 0.012962962962962963
2 0.08799158781766891 0.4272487759590149 0.011458333333333333 0.012962962962962963
2 0.13430213928222656 0.4534938335418701 0.011458333333333333 0.012962962962962963
2 0.18372072279453278 0.4820514917373657 0.011458333333333333 0.012962962962962963
2 0.2924400269985199 0.5443318486213684 0.011458333333333333 0.012962962962962963
2 0.3525296449661255 0.5785263180732727 0.011458333333333333 0.012962962962962963
2 0.41731077432632446 0.6155295968055725 0.011458333333333333 0.012962962962962963
