3 0.23488552868366241 0.41970574855804443 0.0125 0.023148148148148147
3 0.19577598571777344 0.3862452805042267 0.0125 0.021296296296296296
3 0.3162284791469574 0.32838454842567444 0.011458333333333333 0.020370370370370372
3 0.31947022676467896 0.3623243570327759 0.011979166666666667 0.021296296296296296
3 0.3446498215198517 0.3757839500904083 0.013020833333333334 0.022222222222222223
0 0.3223341107368469 0.40974828600883484 0.013020833333333334 0.023148148148148147
1 0.39761289954185486 0.5670002102851868 0.015625 0.027777777777777776
4 0.42432722449302673 0.5490373373031616 0.015104166666666667 0.028703703703703703
3 0.45282015204429626 0.599772036075592 0.015625 0.028703703703703703
4 0.5037822723388672 0.5876222252845764 0.015625 0.025925925925925925
4 0.5078479647636414 0.6065373420715332 0.015625 0.028703703703703703
3 0.6021564602851868 0.5447535514831543 0.014583333333333334 0.025
4 0.5431168675422668 0.5217406749725342 0.014583333333333334 0.026851851851851852
2 0.669792890548706 0.5228758454322815 0.011458333333333333 0.012962962962962963
2 0.6252467036247253 0.5626829266548157 0.011458333333333333 0.012962962962962963
2 0.5762019753456116 0.6059051752090454 0.011458333333333333 0.012962962962962963
2 0.417281836271286 0.6166444420814514 0.011458333333333333 0.012962962962962963
2 0.3538287580013275 0.5801711082458496 0.011458333333333333 0.012962962962962963
2 0.2948978543281555 0.5460175275802612 0.011458333333333333 0.012962962962962963
2 0.18883901834487915 0.48373985290527344 0.011458333333333333 0.012962962962962963
2 0.14045308530330658 0.4551454186439514 0.011458333333333333 0.012962962962962963
2 0.09532642364501953 0.42884841561317444 0.011458333333333333 0.012962962962962963
2 0.11403115838766098 0.3602769374847412 0.011458333333333333 0.012962962962962963
2 0.16684919595718384 0.3344213664531708 0.011458333333333333 0.012962962962962963
2 0.21597926318645477 0.31026557087898254 0.011458333333333333 0.012962962962962963
2 0.3303687274456024 0.30460160970687866 0.011458333333333333 0.012962962962962963
2 0.375033438205719 0.3242286443710327 0.011458333333333333 0.012962962962962963
2 0.42223745584487915 0.34480205178260803 0.011458333333333333 0.012962962962962963
2 0.5255388617515564 0.3892632722854614 0.011458333333333333 0.012962962962962963
2 0.5813830494880676 0.4136023223400116 0.011458333333333333 0.012962962962962963
2 0.6410439014434814 0.4393640160560608 0.011458333333333333 0.012962962962962963
