3 0.7697774171829224 0.4325903654098511 0.0125 0.023148148148148147
3 0.8075821399688721 0.4016079008579254 0.0125 0.021296296296296296
3 0.6960576176643372 0.34598973393440247 0.011458333333333333 0.020370370370370372
3 0.6917523145675659 0.37785184383392334 0.011979166666666667 0.021296296296296296
3 0.6672644019126892 0.3902512490749359 0.013020833333333334 0.022222222222222223
0 0.6873067617416382 0.4225136637687683 0.013020833333333334 0.023148148148148147
1 0.6090923547744751 0.5717465281486511 0.015625 0.027777777777777776
4 0.5838965177536011 0.554585874080658 0.015104166666666667 0.028703703703703703
3 0.5541050434112549 0.6034017205238342 0.015625 0.028703703703703703
4 0.504653811454773 0.5918960571289062 0.015625 0.025925925925925925
4 0.4998510777950287 0.610197126865387 0.015625 0.028703703703703703
3 0.40912607312202454 0.5506118535995483 0.014583333333333334 0.025
4 0.4687091112136841 0.5283452272415161 0.014583333333333334 0.026851851851851852
2 0.34242016077041626 0.5293374061584473 0.011458333333333333 0.012962962962962963
2 0.3852495849132538 0.5680683255195618 0.011458333333333333 0.012962962962962963
2 0.4322209358215332 0.6099324822425842 0.011458333333333333 0.012962962962962963
2 0.5880604982376099 0.6194533109664917 0.011458333333333333 0.012962962962962963
2 0.6508455872535706 0.5842217206954956 0.011458333333333333 0.012962962962962963
2 0.7085373401641846 0.5515884160995483 0.011458333333333333 0.012962962962962963
2 0.8108951449394226 0.49294355511665344 0.011458333333333333 0.012962962962962963
2 0.8569689989089966 0.4663790762424469 0.011458333333333333 0.012962962962962963
2 0.8995786309242249 0.44215068221092224 0.011458333333333333 0.012962962962962963
2 0.8843700289726257 0.3783111274242401 0.011458333333333333 0.012962962962962963
2 0.8362231850624084 0.3536558449268341 0.011458333333333333 0.012962962962962963
2 0.7911799550056458 0.33048978447914124 0.011458333333333333 0.012962962962962963
2 0.6834812760353088 0.32345324754714966 0.011458333333333333 0.012962962962962963
2 0.6401349902153015 0.341249942779541 0.011458333333333333 0.012962962962962963
2 0.5939751863479614 0.360044002532959 0.011458333333333333 0.012962962962962963
2 0.49168723821640015 0.401163250207901 0.011458333333333333 0.012962962962962963
2 0.43562546372413635 0.4239863455295563 0.011458333333333333 0.012962962962962963
2 0.3751479983329773 0.44837865233421326 0.011458333333333333 0.012962962962962963
