3 0.7522258162498474 0.4283168315887451 0.0125 0.023148148148148147
3 0.7912899255752563 0.39535874128341675 0.0125 0.021296296296296296
3 0.6731212735176086 0.3405737578868866 0.011458333333333333 0.020370370370370372
3 0.6694305539131165 0.37343719601631165 0.011979166666666667 0.021296296296296296
3 0.644413411617279 0.3867431581020355 0.013020833333333334 0.022222222222222223
0 0.6659010648727417 0.4194919168949127 0.013020833333333334 0.023148148148148147
1 0.588798463344574 0.5740180015563965 0.015625 0.027777777777777776
4 0.5626605153083801 0.5565680861473083 0.015104166666666667 0.028703703703703703
3 0.5334097146987915 0.6067378520965576 0.015625 0.028703703703703703
4 0.48318129777908325 0.5951510667800903 0.015625 0.025925925925925925
4 0.4787241518497467 0.6138219833374023 0.015625 0.028703703703703703
3 0.3870789110660553 0.5538215637207031 0.014583333333333334 0.025
4 0.4458647072315216 0.5307907462120056 0.014583333333333334 0.026851851851851852
2 0.3211269974708557 0.5329757928848267 0.011458333333333333 0.012962962962962963
2 0.36383548378944397 0.5715882182121277 0.011458333333333333 0.012962962962962963
2 0.4110965430736542 0.6137065887451172 0.011458333333333333 0.012962962962962963
2 0.5683463215827942 0.6231321692466736 0.011458333333333333 0.012962962962962963
2 0.6320320963859558 0.58664870262146 0.011458333333333333 0.012962962962962963
2 0.6911045908927917 0.5525351762771606 0.011458333333333333 0.012962962962962963
2 0.7972329258918762 0.4904569983482361 0.011458333333333333 0.012962962962962963
2 0.8455674648284912 0.4620070457458496 0.011458333333333333 0.012962962962962963
2 0.8905956745147705 0.43586456775665283 0.011458333333333333 0.012962962962962963
2 0.8724409341812134 0.3692735731601715 0.011458333333333333 0.012962962962962963
2 0.8203687071800232 0.3447738289833069 0.011458333333333333 0.012962962962962963
2 0.7720997333526611 0.32196104526519775 0.011458333333333333 0.012962962962962963
2 0.6595686674118042 0.31778377294540405 0.011458333333333333 0.012962962962962963
2 0.615365743637085 0.33720850944519043 0.011458333333333333 0.012962962962962963
2 0.5686311721801758 0.3575834333896637 0.011458333333333333 0.012962962962962963
2 0.4662943482398987 0.4016611874103546 0.011458333333333333 0.012962962962962963
2 0.41092249751091003 0.42580142617225647 0.011458333333333333 0.012962962962962963
2 0.35173940658569336 0.4513724446296692 0.011458333333333333 0.012962962962962963
