3 0.2452942579984665 0.4217568039894104 0.0125 0.023148148148148147
3 0.2055669128894806 0.3907761573791504 0.0125 0.021296296296296296
3 0.3296743929386139 0.3307432532310486 0.011458333333333333 0.020370370370370372
3 0.33254826068878174 0.3632756471633911 0.011979166666666667 0.021296296296296296
3 0.35798099637031555 0.375343918800354 0.013020833333333334 0.022222222222222223
0 0.33487364649772644 0.4088645279407501 0.013020833333333334 0.023148148148148147
1 0.40960025787353516 0.5577679872512817 0.015625 0.027777777777777776
4 0.4368634521961212 0.539233922958374 0.015104166666666667 0.028703703703703703
3 0.465188592672348 0.5870115756988525 0.015625 0.028703703703703703
4 0.51666659116745 0.5729919075965881 0.015625 0.025925925925925925
4 0.5206019282341003 0.5910512208938599 0.015625 0.028703703703703703
3 0.6153728365898132 0.5275391936302185 0.014583333333333334 0.025
4 0.5566167235374451 0.5079455375671387 0.014583333333333334 0.026851851851851852
2 0.6825673580169678 0.5038249492645264 0.011458333333333333 0.012962962962962963
2 0.6382342576980591 0.5437252521514893 0.011458333333333333 0.012962962962962963
2 0.5891188383102417 0.5873516798019409 0.011458333333333333 0.012962962962962963
2 0.42904072999954224 0.6049742102622986 0.011458333333333333 0.012962962962962963
2 0.3649086058139801 0.5724800229072571 0.011458333333333333 0.012962962962962963
2 0.30510368943214417 0.5419048070907593 0.011458333333333333 0.012962962962962963
2 0.19688281416893005 0.485780268907547 0.011458333333333333 0.012962962962962963
2 0.1472560316324234 0.4598640203475952 0.011458333333333333 0.012962962962962963
2 0.10081933438777924 0.43597960472106934 0.011458333333333333 0.012962962962962963
2 0.12148405611515045 0.36849963665008545 0.011458333333333333 0.012962962962962963
2 0.17656822502613068 0.3415853679180145 0.011458333333333333 0.012962962962962963
2 0.22750027477741241 0.31659871339797974 0.011458333333333333 0.012962962962962963
2 0.3443361222743988 0.3074445128440857 0.011458333333333333 0.012962962962962963
2 0.3893645703792572 0.3248126208782196 0.011458333333333333 0.012962962962962963
2 0.43679434061050415 0.34294411540031433 0.011458333333333333 0.012962962962962963
2 0.5400218367576599 0.3818683922290802 0.011458333333333333 0.012962962962962963
2 0.5954984426498413 0.40307703614234924 0.011458333333333333 0.012962962962962963
2 0.6545181274414062 0.425410658121109 0.011458333333333333 0.012962962962962963
