4 0.12903353571891785 0.22245758771896362 0.025 0.04259259259259259
4 0.14941899478435516 0.3270672857761383 0.025 0.04259259259259259
4 0.12874552607536316 0.8125928044319153 0.025 0.04351851851851852
4 0.2352524846792221 0.5479955077171326 0.023958333333333335 0.04259259259259259
3 0.24245978891849518 0.5096192955970764 0.024479166666666666 0.041666666666666664
3 0.2550436854362488 0.568915069103241 0.023958333333333335 0.04259259259259259
3 0.264291912317276 0.5300474762916565 0.024479166666666666 0.04259259259259259
3 0.8423035144805908 0.2295338362455368 0.026041666666666668 0.04259259259259259
4 0.5650500655174255 0.4306676983833313 0.025 0.04351851851851852
3 0.5348877310752869 0.275750070810318 0.023958333333333335 0.04259259259259259
3 0.38760659098625183 0.37144893407821655 0.023958333333333335 0.04351851851851852
0 0.3567740023136139 0.4627588987350464 0.0234375 0.041666666666666664
1 0.18512271344661713 0.4984642267227173 0.024479166666666666 0.041666666666666664
2 0.19372190535068512 0.8926679491996765 0.007291666666666667 0.012962962962962963
2 0.2967107892036438 0.8920062184333801 0.007291666666666667 0.012962962962962963
2 0.399495393037796 0.8917866349220276 0.007291666666666667 0.012962962962962963
2 0.6067618131637573 0.890897274017334 0.007291666666666667 0.012962962962962963
2 0.7109910249710083 0.8902255892753601 0.007291666666666667 0.012962962962962963
2 0.8171108365058899 0.8908945918083191 0.007291666666666667 0.012962962962962963
2 0.9478887915611267 0.6678797006607056 0.007291666666666667 0.012962962962962963
2 0.9466687440872192 0.48613879084587097 0.007291666666666667 0.012962962962962963
2 0.9457194209098816 0.30662548542022705 0.007291666666666667 0.012962962962962963
2 0.8138249516487122 0.08954830467700958 0.007291666666666667 0.012962962962962963
2 0.7088004946708679 0.09242641925811768 0.007291666666666667 0.012962962962962963
2 0.6053871512413025 0.09570669382810593 0.007291666666666667 0.012962962962962963
2 0.4002384543418884 0.10177447646856308 0.007291666666666667 0.012962962962962963
2 0.2990049123764038 0.10367616266012192 0.007291666666666667 0.012962962962962963
2 0.19730186462402344 0.10602822154760361 0.007291666666666667 0.012962962962962963
2 0.07253628224134445 0.32227572798728943 0.007291666666666667 0.012962962962962963
2 0.07117657363414764 0.49815407395362854 0.007291666666666667 0.012962962962962963
2 0.06930790096521378 0.6748785376548767 0.007291666666666667 0.012962962962962963
