4 0.8699819445610046 0.21771757304668427 0.025 0.04259259259259259
4 0.8485003709793091 0.32630544900894165 0.025 0.04259259259259259
4 0.867095410823822 0.8248089551925659 0.025 0.04351851851851852
4 0.7598183751106262 0.5548968315124512 0.023958333333333335 0.04259259259259259
3 0.7526499629020691 0.5156699419021606 0.024479166666666666 0.041666666666666664
3 0.7396218776702881 0.5765572786331177 0.023958333333333335 0.04259259259259259
3 0.7303863763809204 0.5368925929069519 0.024479166666666666 0.04259259259259259
3 0.15416018664836884 0.24168486893177032 0.026041666666666668 0.04259259259259259
4 0.428199827671051 0.44000938534736633 0.025 0.04351851851851852
3 0.4584297835826874 0.28176894783973694 0.023958333333333335 0.04259259259259259
3 0.6061312556266785 0.3765537142753601 0.023958333333333335 0.04351851851851852
0 0.6369909644126892 0.4693910479545593 0.0234375 0.041666666666666664
1 0.8111191391944885 0.5034109354019165 0.024479166666666666 0.041666666666666664
2 0.8005056381225586 0.9066550731658936 0.007291666666666667 0.012962962962962963
2 0.6962302923202515 0.9060667157173157 0.007291666666666667 0.012962962962962963
2 0.5928727388381958 0.9059293866157532 0.007291666666666667 0.012962962962962963
2 0.38658803701400757 0.9052067399024963 0.007291666666666667 0.012962962962962963
2 0.2839164137840271 0.9046223163604736 0.007291666666666667 0.012962962962962963
2 0.18010610342025757 0.9053809642791748 0.007291666666666667 0.012962962962962963
2 0.05245901644229889 0.6834667921066284 0.007291666666666667 0.012962962962962963
2 0.05306517332792282 0.5017607808113098 0.007291666666666667 0.012962962962962963
2 0.05341745913028717 0.3216016888618469 0.007291666666666667 0.012962962962962963
2 0.18183141946792603 0.09924497455358505 0.007291666666666667 0.012962962962962963
2 0.2854471206665039 0.09927031397819519 0.007291666666666667 0.012962962962962963
2 0.3881765305995941 0.09975127130746841 0.007291666666666667 0.012962962962962963
2 0.5940612554550171 0.10026320070028305 0.007291666666666667 0.012962962962962963
2 0.6967014074325562 0.09939110279083252 0.007291666666666667 0.012962962962962963
2 0.8005191087722778 0.09896615147590637 0.007291666666666667 0.012962962962962963
2 0.9275595545768738 0.31977152824401855 0.007291666666666667 0.012962962962962963
2 0.9278977513313293 0.5014437437057495 0.007291666666666667 0.012962962962962963
2 0.9287523031234741 0.6833193898200989 0.007291666666666667 0.012962962962962963
