3 0.7576274871826172 0.3809175491333008 0.015625 0.026851851851851852
3 0.6564169526100159 0.35651862621307373 0.014583333333333334 0.026851851851851852
4 0.6441440582275391 0.3609800338745117 0.015104166666666667 0.027777777777777776
3 0.502545952796936 0.38568201661109924 0.015104166666666667 0.027777777777777776
4 0.41466420888900757 0.43930676579475403 0.0171875 0.02962962962962963
0 0.4102994203567505 0.4758759140968323 0.017708333333333333 0.03148148148148148
4 0.3555436432361603 0.5725018978118896 0.0203125 0.03611111111111111
4 0.3655099868774414 0.66895991563797 0.022395833333333334 0.041666666666666664
3 0.4360429644584656 0.725316047668457 0.024479166666666666 0.044444444444444446
4 0.609792947769165 0.5732656717300415 0.0203125 0.037037037037037035
4 0.5269284844398499 0.6924862265586853 0.0234375 0.040740740740740744
4 0.5573952198028564 0.5605512857437134 0.0203125 0.03518518518518519
3 0.620270311832428 0.5888754725456238 0.021354166666666667 0.037037037037037035
3 0.6472521424293518 0.5217340588569641 0.01875 0.03425925925925926
3 0.6267936825752258 0.49348753690719604 0.018229166666666668 0.032407407407407406
1 0.6679173707962036 0.458306223154068 0.0171875 0.03148148148148148
2 0.627785861492157 0.7096507549285889 0.011458333333333333 0.012962962962962963
2 0.6823627352714539 0.6335773468017578 0.011458333333333333 0.012962962962962963
2 0.7280963063240051 0.5693867206573486 0.011458333333333333 0.012962962962962963
2 0.8004339933395386 0.4690086841583252 0.011458333333333333 0.012962962962962963
2 0.8299317955970764 0.42782944440841675 0.011458333333333333 0.012962962962962963
2 0.8556187748908997 0.39156827330589294 0.011458333333333333 0.012962962962962963
2 0.7901334762573242 0.3309851288795471 0.011458333333333333 0.012962962962962963
2 0.7205446362495422 0.3163261115550995 0.011458333333333333 0.012962962962962963
2 0.6553104519844055 0.30241021513938904 0.011458333333333333 0.012962962962962963
2 0.5301706194877625 0.3163721263408661 0.011458333333333333 0.012962962962962963
2 0.4897368550300598 0.34358060359954834 0.011458333333333333 0.012962962962962963
2 0.44423311948776245 0.37405285239219666 0.011458333333333333 0.012962962962962963
2 0.336402952671051 0.4463431239128113 0.011458333333333333 0.012962962962962963
2 0.2707333266735077 0.4905739724636078 0.011458333333333333 0.012962962962962963
2 0.19482161104679108 0.5411229729652405 0.011458333333333333 0.012962962962962963
2 0.18822726607322693 0.6690735220909119 0.011458333333333333 0.012962962962962963
2 0.2836304306983948 0.712445855140686 0.011458333333333333 0.012962962962962963
2 0.3890824615955353 0.7607458233833313 0.011458333333333333 0.012962962962962963
