4 0.4170336425304413 0.6470730304718018 0.0203125 0.03425925925925926
3 0.4230875074863434 0.6636639833450317 0.021354166666666667 0.03611111111111111
4 0.41858941316604614 0.6967789530754089 0.022916666666666665 0.024074074074074074
3 0.3394019305706024 0.6825730800628662 0.021354166666666667 0.03611111111111111
4 0.38205718994140625 0.6268013119697571 0.019791666666666666 0.03518518518518519
1 0.4367919862270355 0.5114061832427979 0.015625 0.026851851851851852
0 0.4556817412376404 0.515031099319458 0.015104166666666667 0.025925925925925925
4 0.5260208249092102 0.5241519212722778 0.015625 0.026851851851851852
3 0.4862697720527649 0.6374696493148804 0.0203125 0.03518518518518519
4 0.4671386182308197 0.6575631499290466 0.0203125 0.037037037037037035
4 0.49538859724998474 0.6944195032119751 0.021354166666666667 0.027777777777777776
3 0.5556650757789612 0.6892945766448975 0.022916666666666665 0.03796296296296296
4 0.5892488956451416 0.6912298798561096 0.022395833333333334 0.037037037037037035
3 0.603627622127533 0.6558406949043274 0.019791666666666666 0.03611111111111111
2 0.6969859004020691 0.6737152338027954 0.007291666666666667 0.009259259259259259
2 0.6855752468109131 0.6408785581588745 0.007291666666666667 0.009259259259259259
2 0.675433874130249 0.6116449236869812 0.007291666666666667 0.009259259259259259
2 0.657690167427063 0.5608329176902771 0.007291666666666667 0.009259259259259259
2 0.6500869989395142 0.5388035774230957 0.007291666666666667 0.009259259259259259
2 0.642991304397583 0.5181251168251038 0.007291666666666667 0.009259259259259259
2 0.5572965741157532 0.4950542449951172 0.007291666666666667 0.009259259259259259
2 0.4942200481891632 0.49448660016059875 0.007291666666666667 0.009259259259259259
2 0.4307333528995514 0.4930226504802704 0.007291666666666667 0.009259259259259259
2 0.3447495698928833 0.51434725522995 0.007291666666666667 0.009259259259259259
2 0.33823949098587036 0.5340254306793213 0.007291666666666667 0.009259259259259259
2 0.3307276964187622 0.5550389885902405 0.007291666666666667 0.009259259259259259
2 0.31320831179618835 0.6046468019485474 0.007291666666666667 0.009259259259259259
2 0.30219897627830505 0.6336802840232849 0.007291666666666667 0.009259259259259259
2 0.29069551825523376 0.6658309102058411 0.007291666666666667 0.009259259259259259
2 0.39395758509635925 0.7127858400344849 0.007291666666666667 0.009259259259259259
2 0.49238088726997375 0.7150189280509949 0.007291666666666667 0.009259259259259259
2 0.5910335183143616 0.7168086171150208 0.007291666666666667 0.009259259259259259
