4 0.4132181704044342 0.6575958132743835 0.0203125 0.03425925925925926
3 0.4193583130836487 0.6737869381904602 0.021354166666666667 0.03611111111111111
4 0.41530004143714905 0.7059038877487183 0.022916666666666665 0.024074074074074074
3 0.33773910999298096 0.6913619041442871 0.021354166666666667 0.03611111111111111
4 0.3786325454711914 0.6376376748085022 0.019791666666666666 0.03518518518518519
1 0.43126600980758667 0.5247671008110046 0.015625 0.026851851851851852
0 0.4500619173049927 0.5283104777336121 0.015104166666666667 0.025925925925925925
4 0.5204023718833923 0.5372415781021118 0.015625 0.026851851851851852
3 0.48158079385757446 0.64870685338974 0.0203125 0.03518518518518519
4 0.4627816379070282 0.6682050228118896 0.0203125 0.037037037037037035
4 0.49110740423202515 0.7044191956520081 0.021354166666666667 0.027777777777777776
3 0.5511561632156372 0.7000377178192139 0.022916666666666665 0.03796296296296296
4 0.5848605036735535 0.7022826671600342 0.022395833333333334 0.037037037037037035
3 0.5992017388343811 0.6676159501075745 0.019791666666666666 0.03611111111111111
2 0.6940086483955383 0.686086118221283 0.007291666666666667 0.009259259259259259
2 0.6823517084121704 0.6534478068351746 0.007291666666666667 0.009259259259259259
2 0.6719806790351868 0.6243603825569153 0.007291666666666667 0.009259259259259259
2 0.6538107395172119 0.5737338066101074 0.007291666666666667 0.009259259259259259
2 0.6460150480270386 0.5517580509185791 0.007291666666666667 0.009259259259259259
2 0.6387340426445007 0.5311148166656494 0.007291666666666667 0.009259259259259259
2 0.5516929626464844 0.5082934498786926 0.007291666666666667 0.009259259259259259
2 0.48831284046173096 0.5079137086868286 0.007291666666666667 0.009259259259259259
2 0.42506134510040283 0.5066543221473694 0.007291666666666667 0.009259259259259259
2 0.3405853807926178 0.5278075337409973 0.007291666666666667 0.009259259259259259
2 0.3344944715499878 0.5470609664916992 0.007291666666666667 0.009259259259259259
2 0.3274603486061096 0.5675679445266724 0.007291666666666667 0.009259259259259259
2 0.31113770604133606 0.6157612800598145 0.007291666666666667 0.009259259259259259
2 0.3008998930454254 0.6438206434249878 0.007291666666666667 0.009259259259259259
2 0.29027310013771057 0.674774169921875 0.007291666666666667 0.009259259259259259
2 0.39133962988853455 0.7211306095123291 0.007291666666666667 0.009259259259259259
2 0.488290935754776 0.7244501709938049 0.007291666666666667 0.009259259259259259
2 0.5867636203765869 0.7273826003074646 0.007291666666666667 0.009259259259259259
