4 0.4864199459552765 0.5141236186027527 0.008333333333333333 0.014814814814814815
4 0.41620934009552 0.55599445104599 0.009895833333333333 0.017592592592592594
3 0.4285641312599182 0.5323900580406189 0.008854166666666666 0.01574074074074074
0 0.43543165922164917 0.5673752427101135 0.009895833333333333 0.017592592592592594
4 0.4624147415161133 0.5966898202896118 0.010416666666666666 0.019444444444444445
4 0.5147268772125244 0.6177771091461182 0.011458333333333333 0.019444444444444445
4 0.5027156472206116 0.560480535030365 0.010416666666666666 0.016666666666666666
1 0.5536360144615173 0.5731029510498047 0.009895833333333333 0.017592592592592594
4 0.6139363646507263 0.6224570870399475 0.011458333333333333 0.012962962962962963
4 0.5846110582351685 0.5734327435493469 0.009895833333333333 0.017592592592592594
2 0.638982892036438 0.604880154132843 0.007291666666666667 0.009259259259259259
2 0.6315723061561584 0.5846776366233826 0.007291666666666667 0.009259259259259259
2 0.613493025302887 0.5356171727180481 0.007291666666666667 0.009259259259259259
2 0.6082780957221985 0.5220810174942017 0.007291666666666667 0.009259259259259259
2 0.6038072109222412 0.5094391703605652 0.007291666666666667 0.009259259259259259
2 0.5452014803886414 0.4940086007118225 0.007291666666666667 0.009259259259259259
2 0.5031440258026123 0.4931515157222748 0.007291666666666667 0.009259259259259259
2 0.43639177083969116 0.4925060272216797 0.007291666666666667 0.009259259259259259
2 0.40375030040740967 0.5056705474853516 0.007291666666666667 0.009259259259259259
2 0.3995766341686249 0.5181968212127686 0.007291666666666667 0.009259259259259259
2 0.394914448261261 0.5315999984741211 0.007291666666666667 0.009259259259259259
2 0.3846360445022583 0.5623692870140076 0.007291666666666667 0.009259259259259259
2 0.3785286545753479 0.5801651477813721 0.007291666666666667 0.009259259259259259
2 0.37194329500198364 0.5992630124092102 0.007291666666666667 0.009259259259259259
2 0.44262930750846863 0.6303176283836365 0.007291666666666667 0.009259259259259259
2 0.5055282115936279 0.6314777135848999 0.007291666666666667 0.009259259259259259
2 0.569020688533783 0.6326451897621155 0.007291666666666667 0.009259259259259259
