4 0.5257524847984314 0.5061362981796265 0.008333333333333333 0.014814814814814815
4 0.5975582003593445 0.5467173457145691 0.009895833333333333 0.017592592592592594
3 0.5848017334938049 0.5237388610839844 0.008854166666666666 0.01574074074074074
0 0.578100323677063 0.5579512715339661 0.009895833333333333 0.017592592592592594
4 0.5507808923721313 0.5868757367134094 0.010416666666666666 0.019444444444444445
4 0.4972493052482605 0.6080482006072998 0.011458333333333333 0.019444444444444445
4 0.5093244314193726 0.5515763163566589 0.010416666666666666 0.016666666666666666
1 0.4570538401603699 0.564281165599823 0.009895833333333333 0.017592592592592594
4 0.3947204649448395 0.61351078748703 0.011458333333333333 0.012962962962962963
4 0.42509767413139343 0.5647971034049988 0.009895833333333333 0.017592592592592594
2 0.3687123954296112 0.5962768197059631 0.007291666666666667 0.009259259259259259
2 0.3764501214027405 0.5762091875076294 0.007291666666666667 0.009259259259259259
2 0.3952418565750122 0.5276961326599121 0.007291666666666667 0.009259259259259259
2 0.40063968300819397 0.5143647193908691 0.007291666666666667 0.009259259259259259
2 0.4052599370479584 0.5019369721412659 0.007291666666666667 0.009259259259259259
2 0.4655291736125946 0.48666420578956604 0.007291666666666667 0.009259259259259259
2 0.5085689425468445 0.48572540283203125 0.007291666666666667 0.009259259259259259
2 0.576529860496521 0.4849376976490021 0.007291666666666667 0.009259259259259259
2 0.6097333431243896 0.49764278531074524 0.007291666666666667 0.009259259259259259
2 0.6140791177749634 0.5098052024841309 0.007291666666666667 0.009259259259259259
2 0.6189318895339966 0.5228288173675537 0.007291666666666667 0.009259259259259259
2 0.629657506942749 0.5527702569961548 0.007291666666666667 0.009259259259259259
2 0.6360352635383606 0.5701130032539368 0.007291666666666667 0.009259259259259259
2 0.64291912317276 0.5887457728385925 0.007291666666666667 0.009259259259259259
2 0.5712500214576721 0.6198015809059143 0.007291666666666667 0.009259259259259259
2 0.5067700147628784 0.6214999556541443 0.007291666666666667 0.009259259259259259
2 0.4412829279899597 0.6232215166091919 0.007291666666666667 0.009259259259259259
