4 0.5057631731033325 0.8598865270614624 0.022916666666666665 0.04351851851851852
4 0.36975446343421936 0.7795207500457764 0.0203125 0.03888888888888889
4 0.3617272675037384 0.7009576559066772 0.017708333333333333 0.032407407407407406
0 0.40898361802101135 0.6242594718933105 0.015625 0.027777777777777776
4 0.41291359066963196 0.5952284932136536 0.014583333333333334 0.026851851851851852
4 0.6107150316238403 0.6973303556442261 0.017708333333333333 0.03333333333333333
4 0.5189974904060364 0.6328616142272949 0.016145833333333335 0.028703703703703703
1 0.6152149438858032 0.5522889494895935 0.013541666666666667 0.024074074074074074
4 0.6387332677841187 0.5248863101005554 0.0125 0.022222222222222223
3 0.6629419922828674 0.5321236848831177 0.013020833333333334 0.023148148148148147
2 0.601680338382721 0.8163348436355591 0.011458333333333333 0.012962962962962963
2 0.6501476168632507 0.7527307868003845 0.011458333333333333 0.012962962962962963
2 0.6901780962944031 0.6994017362594604 0.011458333333333333 0.012962962962962963
2 0.7533562779426575 0.6159088015556335 0.011458333333333333 0.012962962962962963
2 0.7785623073577881 0.5821853876113892 0.011458333333333333 0.012962962962962963
2 0.8009580969810486 0.5524625182151794 0.011458333333333333 0.012962962962962963
2 0.7392024397850037 0.5047361254692078 0.011458333333333333 0.012962962962962963
2 0.6770465970039368 0.49409914016723633 0.011458333333333333 0.012962962962962963
2 0.6186563968658447 0.4842880368232727 0.011458333333333333 0.012962962962962963
2 0.5105971693992615 0.49771207571029663 0.011458333333333333 0.012962962962962963
2 0.4766218066215515 0.5191973447799683 0.011458333333333333 0.012962962962962963
2 0.4376939833164215 0.5433627367019653 0.011458333333333333 0.012962962962962963
2 0.34675756096839905 0.6005184650421143 0.011458333333333333 0.012962962962962963
2 0.29155293107032776 0.6352789402008057 0.011458333333333333 0.012962962962962963
2 0.2279919981956482 0.6753240823745728 0.011458333333333333 0.012962962962962963
2 0.2196674942970276 0.7770943641662598 0.011458333333333333 0.012962962962962963
2 0.298898309469223 0.813713014125824 0.011458333333333333 0.012962962962962963
2 0.38930168747901917 0.8557114005088806 0.011458333333333333 0.012962962962962963
