4 0.5215662121772766 0.8802571296691895 0.022916666666666665 0.04351851851851852
4 0.37953776121139526 0.7942301034927368 0.0203125 0.03888888888888889
4 0.36970406770706177 0.7116307616233826 0.017708333333333333 0.032407407407407406
0 0.4174935519695282 0.6316279172897339 0.015625 0.027777777777777776
4 0.4210772216320038 0.6010002493858337 0.014583333333333334 0.026851851851851852
4 0.6278612017631531 0.7122679352760315 0.017708333333333333 0.03333333333333333
4 0.5320471525192261 0.642793595790863 0.016145833333333335 0.028703703703703703
1 0.6309345364570618 0.5595539212226868 0.013541666666666667 0.024074074074074074
4 0.6550630927085876 0.5310103893280029 0.0125 0.022222222222222223
3 0.6802592873573303 0.5391712188720703 0.013020833333333334 0.023148148148148147
2 0.61985844373703 0.8364577889442444 0.011458333333333333 0.012962962962962963
2 0.6691272854804993 0.7709349989891052 0.011458333333333333 0.012962962962962963
2 0.7099114060401917 0.7158527970314026 0.011458333333333333 0.012962962962962963
2 0.774469256401062 0.6293767094612122 0.011458333333333333 0.012962962962962963
2 0.8002864122390747 0.5943565368652344 0.011458333333333333 0.012962962962962963
2 0.8232571482658386 0.5634531378746033 0.011458333333333333 0.012962962962962963
2 0.7590988278388977 0.5117276906967163 0.011458333333333333 0.012962962962962963
2 0.6945496797561646 0.49915382266044617 0.011458333333333333 0.012962962962962963
2 0.6337703466415405 0.4875066578388214 0.011458333333333333 0.012962962962962963
2 0.5213815569877625 0.4995052218437195 0.011458333333333333 0.012962962962962963
2 0.48626238107681274 0.5216398239135742 0.011458333333333333 0.012962962962962963
2 0.44603392481803894 0.5465103387832642 0.011458333333333333 0.012962962962962963
2 0.3521413803100586 0.6053129434585571 0.011458333333333333 0.012962962962962963
2 0.295192152261734 0.6410463452339172 0.011458333333333333 0.012962962962962963
2 0.22966867685317993 0.6821843385696411 0.011458333333333333 0.012962962962962963
2 0.22339388728141785 0.7891733050346375 0.011458333333333333 0.012962962962962963
2 0.30665379762649536 0.8288418650627136 0.011458333333333333 0.012962962962962963
2 0.40119871497154236 0.8741101622581482 0.011458333333333333 0.012962962962962963
