4 0.5357863903045654 0.7935135364532471 0.026104166666666664 0.04437619047619047
3 0.6028193831443787 0.6367543935775757 0.02256845238095238 0.03567619047619048
3 0.4440155029296875 0.6333361864089966 0.022026785714285717 0.03654761904761905
4 0.4129570722579956 0.6437718272209167 0.02392857142857143 0.03567619047619048
3 0.4594189524650574 0.5674768686294556 0.01998511904761905 0.030923809523809524
3 0.5202438831329346 0.5469448566436768 0.01806845238095238 0.028704761904761907
0 0.5298429131507874 0.5409952402114868 0.016133928571428573 0.028704761904761907
3 0.44473764300346375 0.48234617710113525 0.016648809523809524 0.026847619047619047
3 0.4356537163257599 0.4723343253135681 0.015101190476190476 0.024985714285714285
4 0.4092133641242981 0.4749121069908142 0.015360119047619048 0.025400000000000002
1 0.3508262038230896 0.4560594856739044 0.014970238095238094 0.024576190476190477
4 0.3290799856185913 0.45313385128974915 0.015360119047619048 0.024985714285714285
3 0.3048279285430908 0.4814584255218506 0.015747023809523808 0.02663809523809524
4 0.23770573735237122 0.5101747512817383 0.017681547619047618 0.02601904761904762
4 0.2746737003326416 0.577041745185852 0.020392857142857143 0.03159523809523809
4 0.2991604506969452 0.5882037878036499 0.019360119047619046 0.03241904761904762
2 0.6593040823936462 0.8150896430015564 0.006845238095238095 0.0073
2 0.7608419060707092 0.7678800225257874 0.006845238095238095 0.006657142857142857
2 0.850682258605957 0.7259889245033264 0.00724702380952381 0.006871428571428571
2 0.8295298218727112 0.6171969771385193 0.006208333333333333 0.005933333333333334
2 0.7496803402900696 0.5776271224021912 0.006369047619047619 0.00529047619047619
2 0.6799502968788147 0.5425614714622498 0.004997023809523809 0.004385714285714286
2 0.5644979476928711 0.4844251573085785 0.004657738095238095 0.0036714285714285716
2 0.515670657157898 0.46003732085227966 0.004586309523809524 0.003785714285714286
2 0.4718150794506073 0.4376247823238373 0.004729166666666667 0.0041285714285714285
2 0.34194427728652954 0.42875611782073975 0.0045148809523809525 0.0027523809523809523
2 0.274681955575943 0.44219323992729187 0.004011904761904762 0.0032095238095238097
2 0.20290637016296387 0.4568658471107483 0.0048005952380952375 0.0035523809523809523
2 0.13830865919589996 0.5111920237541199 0.005232142857142856 0.004928571428571428
2 0.16910319030284882 0.5422117114067078 0.0048005952380952375 0.004814285714285714
2 0.20400285720825195 0.5776749849319458 0.005446428571428572 0.004242857142857143
2 0.2892269194126129 0.6633557081222534 0.006592261904761905 0.005961904761904762
2 0.34348899126052856 0.7180564999580383 0.006449404761904762 0.006652380952380953
2 0.40768980979919434 0.7827414870262146 0.0078125 0.0077952380952380955
