2 0.5918118357658386 0.7979033589363098 0.0038125000000000004 0.006547619047619048
2 0.6746538281440735 0.7981067299842834 0.004 0.0063999999999999994
2 0.7568549513816833 0.7983081340789795 0.004 0.006547619047619048
2 0.8605769276618958 0.6344922780990601 0.0038125000000000004 0.006252380952380953
2 0.8594929575920105 0.5057992339134216 0.003720238095238095 0.0063999999999999994
2 0.858319103717804 0.3771073818206787 0.004 0.006547619047619048
2 0.7519131898880005 0.21006478369235992 0.003907738095238095 0.006547619047619048
2 0.6698140501976013 0.2076602280139923 0.004 0.0063999999999999994
2 0.5872083306312561 0.2049567997455597 0.0038125000000000004 0.006547619047619048
2 0.4208925664424896 0.20086373388767242 0.004 0.0061
2 0.33657756447792053 0.19946198165416718 0.004092261904761905 0.0063999999999999994
2 0.2522869408130646 0.19764044880867004 0.003535714285714286 0.0063999999999999994
2 0.14484266936779022 0.3633959889411926 0.00362797619047619 0.007142857142857143
2 0.14545440673828125 0.4951359033584595 0.00362797619047619 0.006547619047619048
2 0.14667773246765137 0.6268105506896973 0.003535714285714286 0.006695238095238095
2 0.25690338015556335 0.7959211468696594 0.003907738095238095 0.006547619047619048
2 0.34139832854270935 0.7967826724052429 0.00362797619047619 0.006252380952380953
2 0.42550963163375854 0.7974924445152283 0.003907738095238095 0.006547619047619048
4 0.542076587677002 0.6967600584030151 0.014973214285714286 0.023361904761904764
4 0.5732784271240234 0.7093102931976318 0.015160714285714284 0.025447619047619045
4 0.7212352156639099 0.6643606424331665 0.015163690476190476 0.02449047619047619
4 0.8102907538414001 0.4398444890975952 0.016157738095238097 0.02517142857142857
4 0.7078831195831299 0.3763481080532074 0.015023809523809523 0.024261904761904762
4 0.2136213779449463 0.6929683089256287 0.016014880952380954 0.025852380952380953
4 0.4103546142578125 0.6470550298690796 0.015163690476190476 0.024261904761904762
3 0.4116741716861725 0.6023854613304138 0.015023809523809523 0.02449047619047619
3 0.3394341468811035 0.44774341583251953 0.015306547619047619 0.024942857142857145
3 0.5049573183059692 0.38302621245384216 0.014172619047619047 0.024714285714285713
3 0.5000874400138855 0.4898120164871216 0.014455357142857143 0.02517142857142857
3 0.753174364566803 0.529564619064331 0.013889880952380952 0.023580952380952383
1 0.7887806296348572 0.41661882400512695 0.016157738095238097 0.025395238095238096
3 0.6989702582359314 0.3352396488189697 0.015306547619047619 0.024038095238095237
3 0.6720590591430664 0.34468168020248413 0.015306547619047619 0.02517142857142857
0 0.5103448629379272 0.3618191182613373 0.015023809523809523 0.024942857142857145
