4 0.32323017716407776 0.275117963552475 0.024479166666666666 0.041666666666666664
4 0.5525383353233337 0.25324368476867676 0.023958333333333335 0.040740740740740744
3 0.6419392228126526 0.27532169222831726 0.022916666666666665 0.04351851851851852
3 0.6558356881141663 0.28481152653694153 0.0234375 0.041666666666666664
0 0.5525758266448975 0.39205530285835266 0.027083333333333334 0.049074074074074076
4 0.6587122678756714 0.5695904493331909 0.03125 0.06296296296296296
3 0.6283193826675415 0.5587450861930847 0.033854166666666664 0.05740740740740741
4 0.6390904784202576 0.5836603045463562 0.034895833333333334 0.062037037037037036
1 0.5690563321113586 0.559114396572113 0.034375 0.06018518518518518
2 0.8330736756324768 0.5768879652023315 0.011458333333333333 0.012962962962962963
2 0.8074378967285156 0.5061741471290588 0.011458333333333333 0.012962962962962963
2 0.7853543162345886 0.4455198347568512 0.011458333333333333 0.012962962962962963
2 0.7503299117088318 0.34401315450668335 0.011458333333333333 0.012962962962962963
2 0.7357012033462524 0.3014579117298126 0.011458333333333333 0.012962962962962963
2 0.7225202918052673 0.26336413621902466 0.011458333333333333 0.012962962962962963
2 0.5884542465209961 0.21850556135177612 0.011458333333333333 0.012962962962962963
2 0.49167928099632263 0.21527186036109924 0.011458333333333333 0.012962962962962963
2 0.39397868514060974 0.21246998012065887 0.011458333333333333 0.012962962962962963
2 0.258978009223938 0.2512192130088806 0.011458333333333333 0.012962962962962963
2 0.24704310297966003 0.28974953293800354 0.011458333333333333 0.012962962962962963
2 0.23306897282600403 0.331881582736969 0.011458333333333333 0.012962962962962963
2 0.19986483454704285 0.4342923164367676 0.011458333333333333 0.012962962962962963
2 0.1796271651983261 0.4963361322879791 0.011458333333333333 0.012962962962962963
2 0.15640099346637726 0.5682963132858276 0.011458333333333333 0.012962962962962963
2 0.3342803418636322 0.674964964389801 0.011458333333333333 0.012962962962962963
2 0.5021084547042847 0.6761373281478882 0.011458333333333333 0.012962962962962963
2 0.6682255864143372 0.6764052510261536 0.011458333333333333 0.012962962962962963
