4 0.31753775477409363 0.2690052092075348 0.024479166666666666 0.041666666666666664
4 0.544897735118866 0.24441124498844147 0.023958333333333335 0.040740740740740744
3 0.6348318457603455 0.2645309865474701 0.022916666666666665 0.04351851851851852
3 0.6488581299781799 0.27358168363571167 0.0234375 0.041666666666666664
0 0.5448090434074402 0.37899550795555115 0.027083333333333334 0.049074074074074076
4 0.6510462164878845 0.5501416921615601 0.03125 0.06296296296296296
3 0.6204933524131775 0.5397122502326965 0.033854166666666664 0.05740740740740741
4 0.6312656402587891 0.5637626051902771 0.034895833333333334 0.062037037037037036
1 0.5611127018928528 0.540185809135437 0.034375 0.06018518518518518
2 0.8281019926071167 0.5569906234741211 0.011458333333333333 0.012962962962962963
2 0.8022290468215942 0.48809877038002014 0.011458333333333333 0.012962962962962963
2 0.7799450755119324 0.42902109026908875 0.011458333333333333 0.012962962962962963
2 0.7446337342262268 0.3301585912704468 0.011458333333333333 0.012962962962962963
2 0.7298876643180847 0.2887164354324341 0.011458333333333333 0.012962962962962963
2 0.7166010141372681 0.2516227662563324 0.011458333333333333 0.012962962962962963
2 0.5810087323188782 0.21001851558685303 0.011458333333333333 0.012962962962962963
2 0.4840683341026306 0.20855765044689178 0.011458333333333333 0.012962962962962963
2 0.38707250356674194 0.2075428068637848 0.011458333333333333 0.012962962962962963
2 0.2546136975288391 0.2470325082540512 0.011458333333333333 0.012962962962962963
2 0.24311713874340057 0.28410521149635315 0.011458333333333333 0.012962962962962963
2 0.22967764735221863 0.32455888390541077 0.011458333333333333 0.012962962962962963
2 0.19789041578769684 0.42245709896087646 0.011458333333333333 0.012962962962962963
2 0.17860940098762512 0.481478214263916 0.011458333333333333 0.012962962962962963
2 0.15657247602939606 0.5496596693992615 0.011458333333333333 0.012962962962962963
2 0.32931873202323914 0.6508535146713257 0.011458333333333333 0.012962962962962963
2 0.49440768361091614 0.6525049209594727 0.011458333333333333 0.012962962962962963
2 0.6603496074676514 0.6533041000366211 0.011458333333333333 0.012962962962962963
