4 0.6823333501815796 0.27783939242362976 0.024479166666666666 0.041666666666666664
4 0.46128562092781067 0.2573239207267761 0.023958333333333335 0.040740740740740744
3 0.3732844889163971 0.2770329713821411 0.022916666666666665 0.04351851851851852
3 0.3594698905944824 0.28566327691078186 0.0234375 0.041666666666666664
0 0.4619426131248474 0.38399189710617065 0.027083333333333334 0.049074074074074076
4 0.3560313582420349 0.5512343049049377 0.03125 0.06296296296296296
3 0.3867884576320648 0.5404433608055115 0.033854166666666664 0.05740740740740741
4 0.37589406967163086 0.5642725825309753 0.034895833333333334 0.062037037037037036
1 0.446328341960907 0.5398456454277039 0.034375 0.06018518518518518
2 0.17678917944431305 0.5612462759017944 0.011458333333333333 0.012962962962962963
2 0.20431756973266602 0.4930730164051056 0.011458333333333333 0.012962962962962963
2 0.22773298621177673 0.4353248178958893 0.011458333333333333 0.012962962962962963
2 0.2643658220767975 0.34015655517578125 0.011458333333333333 0.012962962962962963
2 0.279464453458786 0.3007885813713074 0.011458333333333333 0.012962962962962963
2 0.29296621680259705 0.2658090591430664 0.011458333333333333 0.012962962962962963
2 0.42598363757133484 0.2257441133260727 0.011458333333333333 0.012962962962962963
2 0.5202057361602783 0.22350066900253296 0.011458333333333333 0.012962962962962963
2 0.6139957308769226 0.2216792106628418 0.011458333333333333 0.012962962962962963
2 0.7424184679985046 0.25683966279029846 0.011458333333333333 0.012962962962962963
2 0.7545230388641357 0.29106757044792175 0.011458333333333333 0.012962962962962963
2 0.7686730623245239 0.32862523198127747 0.011458333333333333 0.012962962962962963
2 0.8025581240653992 0.4204758107662201 0.011458333333333333 0.012962962962962963
2 0.8233451247215271 0.47651034593582153 0.011458333333333333 0.012962962962962963
2 0.8473597764968872 0.5418753027915955 0.011458333333333333 0.012962962962962963
2 0.6794924139976501 0.6443875432014465 0.011458333333333333 0.012962962962962963
2 0.5139780640602112 0.6494659185409546 0.011458333333333333 0.012962962962962963
2 0.3460824191570282 0.653755784034729 0.011458333333333333 0.012962962962962963
