4 0.5725105404853821 0.6489291191101074 0.0203125 0.037037037037037035
3 0.5595340132713318 0.5647972822189331 0.01875 0.032407407407407406
4 0.5521199703216553 0.5886975526809692 0.019270833333333334 0.03333333333333333
0 0.4791269898414612 0.5669669508934021 0.018229166666666668 0.032407407407407406
3 0.3306240141391754 0.541538417339325 0.017708333333333333 0.032407407407407406
3 0.3578086197376251 0.47161686420440674 0.016145833333333335 0.02962962962962963
4 0.40418943762779236 0.4448182284832001 0.016145833333333335 0.02962962962962963
4 0.48884356021881104 0.49651631712913513 0.0171875 0.03148148148148148
3 0.4919114112854004 0.3586753010749817 0.0140625 0.025
4 0.5588387846946716 0.27424511313438416 0.011979166666666667 0.022222222222222223
3 0.652175784111023 0.42721259593963623 0.015625 0.027777777777777776
3 0.6958187222480774 0.41895654797554016 0.015104166666666667 0.027777777777777776
3 0.7012572884559631 0.4022897183895111 0.015104166666666667 0.025925925925925925
1 0.7130473852157593 0.3820600211620331 0.014583333333333334 0.026851851851851852
4 0.7678356766700745 0.3445606529712677 0.014583333333333334 0.025925925925925925
2 0.8221451044082642 0.3580724596977234 0.007291666666666667 0.012962962962962963
2 0.8037083148956299 0.3994513750076294 0.007291666666666667 0.012962962962962963
2 0.7840462923049927 0.44579410552978516 0.007291666666666667 0.012962962962962963
2 0.7362268567085266 0.5569600462913513 0.007291666666666667 0.012962962962962963
2 0.7060702443122864 0.6262951493263245 0.007291666666666667 0.012962962962962963
2 0.6709152460098267 0.706912100315094 0.007291666666666667 0.012962962962962963
2 0.4672744572162628 0.7671611905097961 0.007291666666666667 0.012962962962962963
2 0.36213308572769165 0.7204174995422363 0.007291666666666667 0.012962962962962963
2 0.26592013239860535 0.6777557730674744 0.007291666666666667 0.012962962962962963
2 0.24153321981430054 0.5409278869628906 0.007291666666666667 0.012962962962962963
2 0.2999451458454132 0.4834164083003998 0.007291666666666667 0.012962962962962963
2 0.35096386075019836 0.43312057852745056 0.007291666666666667 0.012962962962962963
2 0.43593648076057434 0.3491995632648468 0.007291666666666667 0.012962962962962963
2 0.47167837619781494 0.31376633048057556 0.007291666666666667 0.012962962962962963
2 0.503856360912323 0.28148049116134644 0.007291666666666667 0.012962962962962963
2 0.6191157102584839 0.2625400424003601 0.007291666666666667 0.012962962962962963
2 0.6832266449928284 0.27661362290382385 0.007291666666666667 0.012962962962962963
