4 0.4292396605014801 0.6379834413528442 0.0203125 0.037037037037037035
3 0.4412764012813568 0.5538175106048584 0.01875 0.032407407407407406
4 0.44893091917037964 0.5777810215950012 0.019270833333333334 0.03333333333333333
0 0.5214274525642395 0.5565108060836792 0.018229166666666668 0.032407407407407406
3 0.6687877774238586 0.5320897102355957 0.017708333333333333 0.032407407407407406
3 0.6408849954605103 0.46215856075286865 0.016145833333333335 0.02962962962962963
4 0.5944870710372925 0.4351033866405487 0.016145833333333335 0.02962962962962963
4 0.5109347105026245 0.4860561788082123 0.0171875 0.03148148148148148
3 0.5062926411628723 0.3485974669456482 0.0140625 0.025
4 0.4388170540332794 0.26400354504585266 0.011979166666666667 0.022222222222222223
3 0.34745535254478455 0.415651798248291 0.015625 0.027777777777777776
3 0.3038315176963806 0.40706977248191833 0.015104166666666667 0.027777777777777776
3 0.2982463538646698 0.3903855085372925 0.015104166666666667 0.025925925925925925
1 0.28629082441329956 0.37009817361831665 0.014583333333333334 0.026851851851851852
4 0.23125967383384705 0.3322256803512573 0.014583333333333334 0.025925925925925925
2 0.17711417376995087 0.34525686502456665 0.007291666666666667 0.012962962962962963
2 0.19588734209537506 0.3867364823818207 0.007291666666666667 0.012962962962962963
2 0.21593807637691498 0.4332106113433838 0.007291666666666667 0.012962962962962963
2 0.2647397816181183 0.5448112487792969 0.007291666666666667 0.012962962962962963
2 0.29554492235183716 0.6145013570785522 0.007291666666666667 0.012962962962962963
2 0.33148887753486633 0.6956101655960083 0.007291666666666667 0.012962962962962963
2 0.5355976223945618 0.7571307420730591 0.007291666666666667 0.012962962962962963
2 0.6397931575775146 0.7107762694358826 0.007291666666666667 0.012962962962962963
2 0.7348899245262146 0.6685829162597656 0.007291666666666667 0.012962962962962963
2 0.7571818232536316 0.5320767760276794 0.007291666666666667 0.012962962962962963
2 0.698462188243866 0.4743380546569824 0.007291666666666667 0.012962962962962963
2 0.6471818089485168 0.42385178804397583 0.007291666666666667 0.012962962962962963
2 0.5617883801460266 0.3396308422088623 0.007291666666666667 0.012962962962962963
2 0.5258743166923523 0.30407842993736267 0.007291666666666667 0.012962962962962963
2 0.4935401678085327 0.2716907560825348 0.007291666666666667 0.012962962962962963
2 0.3787356913089752 0.2518155574798584 0.007291666666666667 0.012962962962962963
2 0.31503379344940186 0.2652416527271271 0.007291666666666667 0.012962962962962963
