4 0.2482105940580368 0.7104306817054749 0.019270833333333334 0.026851851851851852
3 0.3302725553512573 0.6243333220481873 0.016666666666666666 0.028703703703703703
4 0.3790786862373352 0.6644105911254883 0.0171875 0.03148148148148148
0 0.3951735198497772 0.6327609419822693 0.016145833333333335 0.02962962962962963
3 0.3971923887729645 0.563786506652832 0.0140625 0.025925925925925925
4 0.4208386242389679 0.5754914879798889 0.014583333333333334 0.024074074074074074
3 0.42009004950523376 0.5967652201652527 0.015104166666666667 0.027777777777777776
4 0.4415265917778015 0.5915750861167908 0.015625 0.027777777777777776
3 0.5847355127334595 0.6658360958099365 0.017708333333333333 0.032407407407407406
3 0.6175506711006165 0.7082589864730835 0.019270833333333334 0.03333333333333333
3 0.4608919024467468 0.5034000873565674 0.0125 0.022222222222222223
3 0.5513511896133423 0.4534437358379364 0.0109375 0.019444444444444445
4 0.553375780582428 0.5388302206993103 0.0140625 0.025
1 0.7555065751075745 0.4953005611896515 0.013020833333333334 0.022222222222222223
2 0.6203771233558655 0.7696006298065186 0.011458333333333333 0.012962962962962963
2 0.6586034297943115 0.707221508026123 0.011458333333333333 0.012962962962962963
2 0.6907182335853577 0.6544269919395447 0.011458333333333333 0.012962962962962963
2 0.7406495213508606 0.5728960633277893 0.011458333333333333 0.012962962962962963
2 0.7607499361038208 0.53935307264328 0.011458333333333333 0.012962962962962963
2 0.7785486578941345 0.5102003216743469 0.011458333333333333 0.012962962962962963
2 0.7127178907394409 0.463419646024704 0.011458333333333333 0.012962962962962963
2 0.6506954431533813 0.45327070355415344 0.011458333333333333 0.012962962962962963
2 0.5926728844642639 0.4440375864505768 0.011458333333333333 0.012962962962962963
2 0.4886416792869568 0.45686405897140503 0.011458333333333333 0.012962962962962963
2 0.45758330821990967 0.47870445251464844 0.011458333333333333 0.012962962962962963
2 0.4228261411190033 0.5026706457138062 0.011458333333333333 0.012962962962962963
2 0.34009215235710144 0.5603563189506531 0.011458333333333333 0.012962962962962963
2 0.2902093827724457 0.595306396484375 0.011458333333333333 0.012962962962962963
2 0.231350839138031 0.6361220479011536 0.011458333333333333 0.012962962962962963
2 0.23796679079532623 0.7367258667945862 0.011458333333333333 0.012962962962962963
2 0.3225628435611725 0.7722320556640625 0.011458333333333333 0.012962962962962963
2 0.41813716292381287 0.8112902641296387 0.011458333333333333 0.012962962962962963
