4 0.7382622361183167 0.7168698906898499 0.019270833333333334 0.026851851851851852
3 0.6534255743026733 0.6285868883132935 0.016666666666666666 0.028703703703703703
4 0.603279173374176 0.6704157590866089 0.0171875 0.03148148148148148
0 0.5869646668434143 0.6381259560585022 0.016145833333333335 0.02962962962962963
3 0.5851050019264221 0.5674291253089905 0.0140625 0.025925925925925925
4 0.5610602498054504 0.5798596739768982 0.014583333333333334 0.024074074074074074
3 0.5617595911026001 0.6016162633895874 0.015104166666666667 0.027777777777777776
4 0.5400896668434143 0.5966606736183167 0.015625 0.027777777777777776
3 0.3970966339111328 0.6739065647125244 0.017708333333333333 0.032407407407407406
3 0.3647686541080475 0.7168861627578735 0.019270833333333334 0.03333333333333333
3 0.520810067653656 0.5070603489875793 0.0125 0.022222222222222223
3 0.4306133985519409 0.4586896598339081 0.0109375 0.019444444444444445
4 0.42838820815086365 0.5451387166976929 0.0140625 0.025
1 0.23175886273384094 0.5059996247291565 0.013020833333333334 0.022222222222222223
2 0.361850768327713 0.7785677909851074 0.011458333333333333 0.012962962962962963
2 0.3247169554233551 0.716090202331543 0.011458333333333333 0.012962962962962963
2 0.29370370507240295 0.6635207533836365 0.011458333333333333 0.012962962962962963
2 0.24581198394298553 0.5828933715820312 0.011458333333333333 0.012962962962962963
2 0.2266460508108139 0.5499069094657898 0.011458333333333333 0.012962962962962963
2 0.2097267508506775 0.521334171295166 0.011458333333333333 0.012962962962962963
2 0.27291420102119446 0.473157674074173 0.011458333333333333 0.012962962962962963
2 0.3330249488353729 0.46130797266960144 0.011458333333333333 0.012962962962962963
2 0.38984230160713196 0.4503708779811859 0.011458333333333333 0.012962962962962963
2 0.4930747151374817 0.4603829085826874 0.011458333333333333 0.012962962962962963
2 0.5242081880569458 0.48178401589393616 0.011458333333333333 0.012962962962962963
2 0.559249222278595 0.5053839683532715 0.011458333333333333 0.012962962962962963
2 0.6435117125511169 0.562792956829071 0.011458333333333333 0.012962962962962963
2 0.6949055194854736 0.597984254360199 0.011458333333333333 0.012962962962962963
2 0.7561289668083191 0.639464795589447 0.011458333333333333 0.012962962962962963
2 0.7488897442817688 0.7441409230232239 0.011458333333333333 0.012962962962962963
2 0.6609320044517517 0.7810844779014587 0.011458333333333333 0.012962962962962963
2 0.5631406903266907 0.821079671382904 0.011458333333333333 0.012962962962962963
