4 0.7437635064125061 0.7473775148391724 0.019791666666666666 0.027777777777777776
4 0.6175099015235901 0.6914554238319397 0.017708333333333333 0.032407407407407406
0 0.6063733696937561 0.6569032669067383 0.0171875 0.030555555555555555
4 0.5891075730323792 0.5961206555366516 0.015104166666666667 0.027777777777777776
4 0.46247729659080505 0.5499722957611084 0.0140625 0.025925925925925925
1 0.40117892622947693 0.6254692077636719 0.016666666666666666 0.02962962962962963
3 0.4131844937801361 0.6820477247238159 0.017708333333333333 0.03148148148148148
4 0.3903518617153168 0.6581698656082153 0.0171875 0.03148148148148148
3 0.3749251365661621 0.724222719669342 0.019270833333333334 0.03518518518518519
2 0.36176827549934387 0.7882983088493347 0.007291666666666667 0.012962962962962963
2 0.33377131819725037 0.7208006978034973 0.007291666666666667 0.012962962962962963
2 0.3105364143848419 0.6652632355690002 0.007291666666666667 0.012962962962962963
2 0.2746254503726959 0.5776827931404114 0.007291666666666667 0.012962962962962963
2 0.26001301407814026 0.5420990586280823 0.007291666666666667 0.012962962962962963
2 0.24680930376052856 0.5109514594078064 0.007291666666666667 0.012962962962962963
2 0.317073255777359 0.4647149443626404 0.007291666666666667 0.012962962962962963
2 0.37879741191864014 0.45569154620170593 0.007291666666666667 0.012962962962962963
2 0.4373320937156677 0.4475744664669037 0.007291666666666667 0.012962962962962963
2 0.5387442111968994 0.4652986526489258 0.007291666666666667 0.012962962962962963
2 0.566612184047699 0.4895431101322174 0.007291666666666667 0.012962962962962963
2 0.5980448126792908 0.5168118476867676 0.007291666666666667 0.012962962962962963
2 0.672684907913208 0.5820735096931458 0.007291666666666667 0.012962962962962963
2 0.7189445495605469 0.6221839189529419 0.007291666666666667 0.012962962962962963
2 0.7721916437149048 0.6682206392288208 0.007291666666666667 0.012962962962962963
2 0.7488515377044678 0.7769756317138672 0.007291666666666667 0.012962962962962963
2 0.6563065648078918 0.8091113567352295 0.007291666666666667 0.012962962962962963
2 0.5539724826812744 0.8447847962379456 0.007291666666666667 0.012962962962962963
