4 0.7517871260643005 0.7591931223869324 0.019791666666666666 0.027777777777777776
4 0.6173292994499207 0.7003477811813354 0.017708333333333333 0.032407407407407406
0 0.6048256754875183 0.6647865176200867 0.0171875 0.030555555555555555
4 0.5852801203727722 0.6022883057594299 0.015104166666666667 0.027777777777777776
4 0.45239076018333435 0.5546281933784485 0.0140625 0.025925925925925925
1 0.39105352759361267 0.6313496828079224 0.016666666666666666 0.02962962962962963
3 0.4048306345939636 0.6889936327934265 0.017708333333333333 0.03148148148148148
4 0.38075074553489685 0.664537250995636 0.0171875 0.03148148148148148
3 0.36658909916877747 0.7314974665641785 0.019270833333333334 0.03518518518518519
2 0.35473278164863586 0.7963338494300842 0.007291666666666667 0.012962962962962963
2 0.32437828183174133 0.7276146411895752 0.007291666666666667 0.012962962962962963
2 0.2992376983165741 0.6711567640304565 0.007291666666666667 0.012962962962962963
2 0.26040515303611755 0.5822872519493103 0.007291666666666667 0.012962962962962963
2 0.24462898075580597 0.5462338924407959 0.007291666666666667 0.012962962962962963
2 0.23041176795959473 0.514700710773468 0.007291666666666667 0.012962962962962963
2 0.3007517158985138 0.4677755832672119 0.007291666666666667 0.012962962962962963
2 0.3637499213218689 0.45847225189208984 0.007291666666666667 0.012962962962962963
2 0.4238375425338745 0.45004981756210327 0.007291666666666667 0.012962962962962963
2 0.5294960737228394 0.46796756982803345 0.007291666666666667 0.012962962962962963
2 0.5591706037521362 0.4928179681301117 0.007291666666666667 0.012962962962962963
2 0.5927189588546753 0.5208348035812378 0.007291666666666667 0.012962962962962963
2 0.6727361083030701 0.588173508644104 0.007291666666666667 0.012962962962962963
2 0.7225626707077026 0.6297640800476074 0.007291666666666667 0.012962962962962963
2 0.7801436185836792 0.677693247795105 0.007291666666666667 0.012962962962962963
2 0.7578720450401306 0.7897950410842896 0.007291666666666667 0.012962962962962963
2 0.6608802676200867 0.8216065764427185 0.007291666666666667 0.012962962962962963
2 0.5546326041221619 0.8565962910652161 0.007291666666666667 0.012962962962962963
