3 0.34683921933174133 0.42573821544647217 0.008333333333333333 0.010185185185185186
3 0.39462634921073914 0.43185827136039734 0.008333333333333333 0.014814814814814815
4 0.4069613516330719 0.42974328994750977 0.008333333333333333 0.014814814814814815
4 0.4213012456893921 0.4272034764289856 0.0067708333333333336 0.014814814814814815
4 0.4160141348838806 0.4289296269416809 0.008333333333333333 0.01574074074074074
3 0.43662136793136597 0.42688125371932983 0.0078125 0.01574074074074074
0 0.4460979700088501 0.4371124505996704 0.007291666666666667 0.01574074074074074
3 0.4408189654350281 0.43839770555496216 0.008854166666666666 0.01574074074074074
4 0.49221956729888916 0.49003008008003235 0.010416666666666666 0.016666666666666666
3 0.5087320804595947 0.49676868319511414 0.010416666666666666 0.017592592592592594
4 0.5348861813545227 0.4713154137134552 0.009895833333333333 0.017592592592592594
3 0.5397194623947144 0.4514923095703125 0.008854166666666666 0.016666666666666666
1 0.5514735579490662 0.45025521516799927 0.009375 0.01574074074074074
4 0.6232833862304688 0.47412627935409546 0.009895833333333333 0.012037037037037037
2 0.3647933304309845 0.4165922701358795 0.007291666666666667 0.009259259259259259
2 0.3935205638408661 0.410195529460907 0.007291666666666667 0.009259259259259259
2 0.4211951792240143 0.40468260645866394 0.007291666666666667 0.009259259259259259
2 0.4771135449409485 0.4060268700122833 0.007291666666666667 0.009259259259259259
2 0.4976074993610382 0.4136885106563568 0.007291666666666667 0.009259259259259259
2 0.5193403363227844 0.4213557243347168 0.007291666666666667 0.009259259259259259
2 0.5677534341812134 0.4384760558605194 0.007291666666666667 0.009259259259259259
2 0.5944306254386902 0.4466053247451782 0.007291666666666667 0.009259259259259259
2 0.622577965259552 0.45605984330177307 0.007291666666666667 0.009259259259259259
2 0.6257607936859131 0.48075398802757263 0.007291666666666667 0.009259259259259259
2 0.5962989926338196 0.49070337414741516 0.007291666666666667 0.009259259259259259
2 0.5640362501144409 0.501093864440918 0.007291666666666667 0.009259259259259259
2 0.48540306091308594 0.49883314967155457 0.007291666666666667 0.009259259259259259
2 0.45811596512794495 0.4858270287513733 0.007291666666666667 0.009259259259259259
2 0.43357017636299133 0.47371622920036316 0.007291666666666667 0.009259259259259259
2 0.38793548941612244 0.4530400037765503 0.007291666666666667 0.009259259259259259
2 0.367610901594162 0.44359710812568665 0.007291666666666667 0.009259259259259259
2 0.3482809066772461 0.4345998466014862 0.007291666666666667 0.009259259259259259
