3 0.3359227776527405 0.44358307123184204 0.008333333333333333 0.010185185185185186
3 0.3844345510005951 0.4480741322040558 0.008333333333333333 0.014814814814814815
4 0.39687207341194153 0.44549643993377686 0.008333333333333333 0.014814814814814815
4 0.4113415479660034 0.4424150884151459 0.0067708333333333336 0.014814814814814815
4 0.4060269296169281 0.4443509578704834 0.008333333333333333 0.01574074074074074
3 0.42688021063804626 0.441542387008667 0.0078125 0.01574074074074074
0 0.43677961826324463 0.45156869292259216 0.007291666666666667 0.01574074074074074
3 0.43145403265953064 0.4530569612979889 0.008854166666666666 0.01574074074074074
4 0.48503825068473816 0.5035239458084106 0.010416666666666666 0.016666666666666666
3 0.5020062327384949 0.5097801685333252 0.010416666666666666 0.017592592592592594
4 0.5280161499977112 0.4831155836582184 0.009895833333333333 0.017592592592592594
3 0.5324614644050598 0.4628433585166931 0.008854166666666666 0.016666666666666666
1 0.5444315671920776 0.4611741006374359 0.009375 0.01574074074074074
4 0.6184496283531189 0.482908695936203 0.009895833333333333 0.012037037037037037
2 0.35380327701568604 0.4336962103843689 0.007291666666666667 0.009259259259259259
2 0.38270166516304016 0.4261891543865204 0.007291666666666667 0.009259259259259259
2 0.41061264276504517 0.419601708650589 0.007291666666666667 0.009259259259259259
2 0.4674934148788452 0.41893309354782104 0.007291666666666667 0.009259259259259259
2 0.48856768012046814 0.42596933245658875 0.007291666666666667 0.009259259259259259
2 0.5109218955039978 0.43297189474105835 0.007291666666666667 0.009259259259259259
2 0.5607863664627075 0.4486331045627594 0.007291666666666667 0.009259259259259259
2 0.5882724523544312 0.45594894886016846 0.007291666666666667 0.009259259259259259
2 0.6173251271247864 0.46456876397132874 0.007291666666666667 0.009259259259259259
2 0.621135413646698 0.48955604434013367 0.007291666666666667 0.009259259259259259
2 0.5911963582038879 0.5006651282310486 0.007291666666666667 0.009259259259259259
2 0.5584744215011597 0.5122911930084229 0.007291666666666667 0.009259259259259259
2 0.47833552956581116 0.5126538276672363 0.007291666666666667 0.009259259259259259
2 0.4502826929092407 0.5004331469535828 0.007291666666666667 0.009259259259259259
2 0.4250573515892029 0.4890335500240326 0.007291666666666667 0.009259259259259259
2 0.3782614767551422 0.4697209894657135 0.007291666666666667 0.009259259259259259
2 0.3574352562427521 0.4608922600746155 0.007291666666666667 0.009259259259259259
2 0.33764025568962097 0.45248427987098694 0.007291666666666667 0.009259259259259259
