3 0.7413248419761658 0.4912101924419403 0.03229166666666667 0.058333333333333334
4 0.7636194229125977 0.5160271525382996 0.03333333333333333 0.05925925925925926
0 0.7628008723258972 0.5857684016227722 0.0359375 0.06296296296296296
4 0.576823890209198 0.27147775888442993 0.025 0.04351851851851852
4 0.41138336062431335 0.2875889837741852 0.025 0.04722222222222222
1 0.2956879436969757 0.5236309170722961 0.033854166666666664 0.062037037037037036
2 0.15514805912971497 0.5521838068962097 0.011458333333333333 0.012962962962962963
2 0.181817427277565 0.48027530312538147 0.011458333333333333 0.012962962962962963
2 0.20510134100914001 0.4184853434562683 0.011458333333333333 0.012962962962962963
2 0.24207933247089386 0.3169553875923157 0.011458333333333333 0.012962962962962963
2 0.25758469104766846 0.2739960849285126 0.011458333333333333 0.012962962962962963
2 0.2712770104408264 0.23562224209308624 0.011458333333333333 0.012962962962962963
2 0.4067602753639221 0.1952304244041443 0.011458333333333333 0.012962962962962963
2 0.5037515759468079 0.1949739158153534 0.011458333333333333 0.012962962962962963
2 0.6015272736549377 0.19517594575881958 0.011458333333333333 0.012962962962962963
2 0.7346179485321045 0.23751212656497955 0.011458333333333333 0.012962962962962963
2 0.7466248273849487 0.2755005657672882 0.011458333333333333 0.012962962962962963
2 0.7601711750030518 0.31762778759002686 0.011458333333333333 0.012962962962962963
2 0.7939386367797852 0.4202840328216553 0.011458333333333333 0.012962962962962963
2 0.8144229650497437 0.482210636138916 0.011458333333333333 0.012962962962962963
2 0.8382540941238403 0.5542834997177124 0.011458333333333333 0.012962962962962963
2 0.6623906493186951 0.659446656703949 0.011458333333333333 0.012962962962962963
2 0.49303194880485535 0.6585637927055359 0.011458333333333333 0.012962962962962963
2 0.32398712635040283 0.65676349401474 0.011458333333333333 0.012962962962962963
