4 0.6962541937828064 0.3526062071323395 0.0140625 0.025
1 0.6277444362640381 0.4101443886756897 0.0140625 0.024074074074074074
3 0.3905485272407532 0.6774157881736755 0.0140625 0.025
4 0.36908262968063354 0.6882492899894714 0.0140625 0.024074074074074074
0 0.3167991042137146 0.6755266785621643 0.0140625 0.025
2 0.32468605041503906 0.29043760895729065 0.007291666666666667 0.012962962962962963
2 0.3828328251838684 0.2890823483467102 0.007291666666666667 0.012962962962962963
2 0.44169721007347107 0.2885671854019165 0.007291666666666667 0.012962962962962963
2 0.5605668425559998 0.28667446970939636 0.007291666666666667 0.012962962962962963
2 0.6198049783706665 0.28615450859069824 0.007291666666666667 0.012962962962962963
2 0.6792522668838501 0.2864881455898285 0.007291666666666667 0.012962962962962963
2 0.7524154186248779 0.4082300066947937 0.007291666666666667 0.012962962962962963
2 0.7524556517601013 0.5063478350639343 0.007291666666666667 0.012962962962962963
2 0.7522348761558533 0.6050480604171753 0.007291666666666667 0.012962962962962963
2 0.6797499060630798 0.7264561653137207 0.007291666666666667 0.012962962962962963
2 0.6204070448875427 0.7270413637161255 0.007291666666666667 0.012962962962962963
2 0.5612747669219971 0.7272034287452698 0.007291666666666667 0.012962962962962963
2 0.44262126088142395 0.7275213599205017 0.007291666666666667 0.012962962962962963
2 0.3838609755039215 0.7268431782722473 0.007291666666666667 0.012962962962962963
2 0.325557142496109 0.7257503867149353 0.007291666666666667 0.012962962962962963
2 0.2550927996635437 0.6046825051307678 0.007291666666666667 0.012962962962962963
2 0.25463297963142395 0.5074421763420105 0.007291666666666667 0.012962962962962963
2 0.25493183732032776 0.4107743203639984 0.007291666666666667 0.012962962962962963
