4 0.2947132885456085 0.35729876160621643 0.0140625 0.025
1 0.6038471460342407 0.6856657862663269 0.0140625 0.024074074074074074
3 0.6169098019599915 0.6695830821990967 0.014583333333333334 0.024074074074074074
4 0.6675800085067749 0.6881582736968994 0.0140625 0.023148148148148147
0 0.6786488890647888 0.6742336750030518 0.0140625 0.025
2 0.7417259812355042 0.5998770594596863 0.007291666666666667 0.012962962962962963
2 0.7415212392807007 0.5007578134536743 0.007291666666666667 0.012962962962962963
2 0.7405313849449158 0.40080776810646057 0.007291666666666667 0.012962962962962963
2 0.6676532030105591 0.280137836933136 0.007291666666666667 0.012962962962962963
2 0.6080514192581177 0.2807934284210205 0.007291666666666667 0.012962962962962963
2 0.5483961701393127 0.2823224663734436 0.007291666666666667 0.012962962962962963
2 0.42866483330726624 0.28539881110191345 0.007291666666666667 0.012962962962962963
2 0.36911487579345703 0.2877916395664215 0.007291666666666667 0.012962962962962963
2 0.3107967972755432 0.2905730903148651 0.007291666666666667 0.012962962962962963
2 0.24023126065731049 0.41548728942871094 0.007291666666666667 0.012962962962962963
2 0.24097207188606262 0.5135870575904846 0.007291666666666667 0.012962962962962963
2 0.24222037196159363 0.6116877794265747 0.007291666666666667 0.012962962962962963
2 0.3144640624523163 0.7315783500671387 0.007291666666666667 0.012962962962962963
2 0.3727690875530243 0.7316749095916748 0.007291666666666667 0.012962962962962963
2 0.4317702651023865 0.7309138178825378 0.007291666666666667 0.012962962962962963
2 0.5511447787284851 0.7293683886528015 0.007291666666666667 0.012962962962962963
2 0.6104897856712341 0.7273262143135071 0.007291666666666667 0.012962962962962963
2 0.6697816848754883 0.7252822518348694 0.007291666666666667 0.012962962962962963
