4 0.2994886338710785 0.33624354004859924 0.0140625 0.025
1 0.6049761176109314 0.6896106600761414 0.0140625 0.024074074074074074
3 0.6178645491600037 0.6730439066886902 0.014583333333333334 0.024074074074074074
4 0.6674202680587769 0.6934548020362854 0.0140625 0.023148148148148147
0 0.6782933473587036 0.6791359782218933 0.0140625 0.025
2 0.7400651574134827 0.6029621958732605 0.007291666666666667 0.012962962962962963
2 0.740247368812561 0.4997752904891968 0.007291666666666667 0.012962962962962963
2 0.7396694421768188 0.39572766423225403 0.007291666666666667 0.012962962962962963
2 0.6691065430641174 0.26768162846565247 0.007291666666666667 0.012962962962962963
2 0.6107436418533325 0.26631343364715576 0.007291666666666667 0.012962962962962963
2 0.5520774722099304 0.2658523917198181 0.007291666666666667 0.012962962962962963
2 0.43357786536216736 0.2649289667606354 0.007291666666666667 0.012962962962962963
2 0.3742590546607971 0.26537618041038513 0.007291666666666667 0.012962962962962963
2 0.3159199357032776 0.2662787139415741 0.007291666666666667 0.012962962962962963
2 0.24444033205509186 0.3961092233657837 0.007291666666666667 0.012962962962962963
2 0.24473336338996887 0.500059962272644 0.007291666666666667 0.012962962962962963
2 0.2455378919839859 0.6040467619895935 0.007291666666666667 0.012962962962962963
2 0.31760838627815247 0.7324476838111877 0.007291666666666667 0.012962962962962963
2 0.37594711780548096 0.7336083054542542 0.007291666666666667 0.012962962962962963
2 0.4347391724586487 0.7338736057281494 0.007291666666666667 0.012962962962962963
2 0.5529370903968811 0.7344010472297668 0.007291666666666667 0.012962962962962963
2 0.6113300323486328 0.7333287596702576 0.007291666666666667 0.012962962962962963
2 0.6694258451461792 0.7322580218315125 0.007291666666666667 0.012962962962962963
