4 0.7036381959915161 0.3448353707790375 0.0140625 0.025
1 0.3955148458480835 0.6801716685295105 0.0140625 0.024074074074074074
3 0.38262835144996643 0.6639930009841919 0.014583333333333334 0.024074074074074074
4 0.3321605622768402 0.6834341287612915 0.0140625 0.023148148148148147
0 0.3213324248790741 0.6694465279579163 0.0140625 0.025
2 0.2600083351135254 0.5953233242034912 0.007291666666666667 0.012962962962962963
2 0.2615271508693695 0.4963882565498352 0.007291666666666667 0.012962962962962963
2 0.2638052999973297 0.3976019024848938 0.007291666666666667 0.012962962962962963
2 0.3360007405281067 0.27786359190940857 0.007291666666666667 0.012962962962962963
2 0.394018292427063 0.2770199775695801 0.007291666666666667 0.012962962962962963
2 0.45232298970222473 0.2770255208015442 0.007291666666666667 0.012962962962962963
2 0.5700839161872864 0.2770440876483917 0.007291666666666667 0.012962962962962963
2 0.6290296316146851 0.2779023051261902 0.007291666666666667 0.012962962962962963
2 0.6870056986808777 0.2791784107685089 0.007291666666666667 0.012962962962962963
2 0.7589370012283325 0.4016628563404083 0.007291666666666667 0.012962962962962963
2 0.7593693137168884 0.5003788471221924 0.007291666666666667 0.012962962962962963
2 0.7592898011207581 0.6000965237617493 0.007291666666666667 0.012962962962962963
2 0.6869900226593018 0.7240490317344666 0.007291666666666667 0.012962962962962963
2 0.6277299523353577 0.7247390747070312 0.007291666666666667 0.012962962962962963
2 0.5680043697357178 0.7245521545410156 0.007291666666666667 0.012962962962962963
2 0.44792434573173523 0.7241706848144531 0.007291666666666667 0.012962962962962963
2 0.3886130452156067 0.7226818799972534 0.007291666666666667 0.012962962962962963
2 0.32960939407348633 0.7211970686912537 0.007291666666666667 0.012962962962962963
