3 0.3528728485107422 0.4332769513130188 0.0078125 0.013888888888888888
1 0.37014833092689514 0.46053335070610046 0.009375 0.01574074074074074
3 0.3920581042766571 0.4326362609863281 0.008333333333333333 0.014814814814814815
3 0.4316592514514923 0.427497923374176 0.0078125 0.013888888888888888
0 0.49041691422462463 0.49659961462020874 0.009895833333333333 0.012962962962962963
3 0.4903613328933716 0.5074186325073242 0.009895833333333333 0.018518518518518517
3 0.5247208476066589 0.4942719638347626 0.010416666666666666 0.018518518518518517
2 0.5875324010848999 0.47376590967178345 0.007291666666666667 0.009259259259259259
2 0.5597839951515198 0.46345263719558716 0.007291666666666667 0.009259259259259259
2 0.5341528654098511 0.45406031608581543 0.007291666666666667 0.009259259259259259
2 0.48766177892684937 0.43622055649757385 0.007291666666666667 0.009259259259259259
2 0.46651777625083923 0.4295691251754761 0.007291666666666667 0.009259259259259259
2 0.44669145345687866 0.42202433943748474 0.007291666666666667 0.009259259259259259
2 0.3916296064853668 0.4182836711406708 0.007291666666666667 0.009259259259259259
2 0.36429113149642944 0.4229160249233246 0.007291666666666667 0.009259259259259259
2 0.33551183342933655 0.4266500174999237 0.007291666666666667 0.009259259259259259
2 0.31855812668800354 0.4419410526752472 0.007291666666666667 0.009259259259259259
2 0.3353741466999054 0.45126283168792725 0.007291666666666667 0.009259259259259259
2 0.3537258803844452 0.46148958802223206 0.007291666666666667 0.009259259259259259
2 0.3953365385532379 0.48198264837265015 0.007291666666666667 0.009259259259259259
2 0.418858140707016 0.4940502643585205 0.007291666666666667 0.009259259259259259
2 0.44497114419937134 0.5070399045944214 0.007291666666666667 0.009259259259259259
2 0.5248793959617615 0.5136855840682983 0.007291666666666667 0.009259259259259259
2 0.5582955479621887 0.5045991539955139 0.007291666666666667 0.009259259259259259
2 0.5894891023635864 0.49549102783203125 0.007291666666666667 0.009259259259259259
