2 0.4127105474472046 0.8154470324516296 0.0035 0.006304761904761905
2 0.32903870940208435 0.8152552843093872 0.00394047619047619 0.006023809523809524
2 0.24562020599842072 0.8152665495872498 0.0035892857142857146 0.0064428571428571425
2 0.1385735422372818 0.6482880115509033 0.00394047619047619 0.006304761904761905
2 0.13848884403705597 0.5168632864952087 0.003851190476190476 0.006723809523809523
2 0.13857796788215637 0.3851156234741211 0.004113095238095239 0.006723809523809523
2 0.246148481965065 0.2151477038860321 0.003851190476190476 0.0064428571428571425
2 0.4143025279045105 0.212925523519516 0.0037648809523809523 0.006580952380952381
2 0.5825236439704895 0.21172690391540527 0.004202380952380952 0.006861904761904762
2 0.6670191884040833 0.2114625871181488 0.0040267857142857145 0.006304761904761905
2 0.7514712810516357 0.2110649049282074 0.0035 0.006304761904761905
2 0.8586387038230896 0.3806267976760864 0.0035892857142857146 0.006723809523809523
2 0.8578288555145264 0.5131539106369019 0.003675595238095238 0.006861904761904762
2 0.8567180633544922 0.6452308893203735 0.003675595238095238 0.006861904761904762
2 0.7477527260780334 0.8142489790916443 0.0034136904761904764 0.006161904761904762
2 0.6636180877685547 0.8148032426834106 0.0035892857142857146 0.006580952380952381
2 0.5795685052871704 0.8152920007705688 0.003851190476190476 0.006580952380952381
4 0.2807884216308594 0.6795794367790222 0.01488095238095238 0.025061904761904764
4 0.18869826197624207 0.45034560561180115 0.015351190476190475 0.025061904761904764
4 0.2923135757446289 0.38610702753067017 0.01488095238095238 0.024061904761904764
4 0.5944806933403015 0.6646316647529602 0.015351190476190475 0.02430952380952381
3 0.5928463339805603 0.6194473505020142 0.01488095238095238 0.024061904761904764
3 0.6647125482559204 0.4632801115512848 0.015351190476190475 0.02430952380952381
3 0.5087113380432129 0.39068400859832764 0.014410714285714285 0.02330952380952381
3 0.5087878704071045 0.506148636341095 0.014410714285714285 0.02456190476190476
3 0.24710172414779663 0.5421416759490967 0.014098214285714285 0.023809523809523808
3 0.30094870924949646 0.3446459174156189 0.014568452380952382 0.02430952380952381
3 0.3287070393562317 0.3542934060096741 0.015508928571428571 0.025061904761904764
0 0.4881245493888855 0.3407007157802582 0.015038690476190476 0.02430952380952381
1 0.6066330075263977 0.6042845845222473 0.015351190476190475 0.02606666666666667
